# BEGIN PLOT
Legend=1
LogY=1
Title=Z pseudorapidity
XLabel=$\eta_{\mathrm{Z}}$
YLabel=$\mathrm{d}\sigma/\mathrm{d}\eta_{\mathrm{Z}}$ [pb]
LegendXPos=0.35
LegendYPos=0.5
RemoveOptions=1
DrawOnly=//eos/home-y/youpeng/valid/genValidation/masterVBS_merged.yoda.gz/MC_ZZINC:ENERGY=13600/Z_eta //eos/home-y/youpeng/valid/genValidation/mg352VBS_merged.yoda.gz/MC_ZZINC:ENERGY=13600/Z_eta //eos/home-y/youpeng/valid/genValidation/mg35xVBS_merged.yoda.gz/MC_ZZINC:ENERGY=13600/Z_eta
LegendOnly=//eos/home-y/youpeng/valid/genValidation/masterVBS_merged.yoda.gz/MC_ZZINC:ENERGY=13600/Z_eta //eos/home-y/youpeng/valid/genValidation/mg352VBS_merged.yoda.gz/MC_ZZINC:ENERGY=13600/Z_eta //eos/home-y/youpeng/valid/genValidation/mg35xVBS_merged.yoda.gz/MC_ZZINC:ENERGY=13600/Z_eta
RatioPlot=1
RatioPlotReference=//eos/home-y/youpeng/valid/genValidation/masterVBS_merged.yoda.gz/MC_ZZINC:ENERGY=13600/Z_eta
RatioPlotYLabel=Ratio
# END PLOT

# BEGIN HISTO1D //eos/home-y/youpeng/valid/genValidation/masterVBS_merged.yoda.gz/MC_ZZINC:ENERGY=13600/Z_eta
ErrorBars=1
LineColor=red
LineStyle=solid
Path=//eos/home-y/youpeng/valid/genValidation/masterVBS_merged.yoda.gz/MC_ZZINC:ENERGY=13600/Z_eta
ScaledBy=1.07182617187499956e-09
Title=VBSZZ@LO(v2918)
# xlow	 xhigh	 val	 errminus	 errplus
-7.000000e+00	-6.800000e+00	5.359130e-09	5.359130e-09	5.359130e-09
-6.800000e+00	-6.600000e+00	5.359130e-09	5.359130e-09	5.359130e-09
-6.600000e+00	-6.400000e+00	5.359130e-09	5.359130e-09	5.359130e-09
-6.400000e+00	-6.200000e+00	5.359130e-09	5.359130e-09	5.359130e-09
-6.200000e+00	-6.000000e+00	5.359130e-09	5.359130e-09	5.359130e-09
-6.000000e+00	-5.800000e+00	2.679565e-08	1.198338e-08	1.198338e-08
-5.800000e+00	-5.600000e+00	9.646435e-08	2.273686e-08	2.273686e-08
-5.600000e+00	-5.400000e+00	8.038695e-08	2.075582e-08	2.075582e-08
-5.400000e+00	-5.200000e+00	1.339782e-07	2.679565e-08	2.679565e-08
-5.200000e+00	-5.000000e+00	2.090061e-07	3.346776e-08	3.346776e-08
-5.000000e+00	-4.800000e+00	3.483435e-07	4.320670e-08	4.320670e-08
-4.800000e+00	-4.600000e+00	4.716035e-07	5.027310e-08	5.027310e-08
-4.600000e+00	-4.400000e+00	5.734270e-07	5.543528e-08	5.543528e-08
-4.400000e+00	-4.200000e+00	9.860800e-07	7.269479e-08	7.269479e-08
-4.200000e+00	-4.000000e+00	1.350501e-06	8.507357e-08	8.507357e-08
-4.000000e+00	-3.800000e+00	2.207962e-06	1.087785e-07	1.087785e-07
-3.800000e+00	-3.600000e+00	3.252993e-06	1.320349e-07	1.320349e-07
-3.600000e+00	-3.400000e+00	4.812499e-06	1.605952e-07	1.605952e-07
-3.400000e+00	-3.200000e+00	6.993665e-06	1.935975e-07	1.935975e-07
-3.200000e+00	-3.000000e+00	9.801850e-06	2.291929e-07	2.291929e-07
-3.000000e+00	-2.800000e+00	1.359611e-05	2.699321e-07	2.699321e-07
-2.800000e+00	-2.600000e+00	1.813530e-05	3.117522e-07	3.117522e-07
-2.600000e+00	-2.400000e+00	2.217608e-05	3.447383e-07	3.447383e-07
-2.400000e+00	-2.200000e+00	2.767991e-05	3.851497e-07	3.851497e-07
-2.200000e+00	-2.000000e+00	3.255672e-05	4.177029e-07	4.177029e-07
-2.000000e+00	-1.800000e+00	3.635635e-05	4.414050e-07	4.414050e-07
-1.800000e+00	-1.600000e+00	3.930387e-05	4.589494e-07	4.589494e-07
-1.600000e+00	-1.400000e+00	4.205310e-05	4.747295e-07	4.747295e-07
-1.400000e+00	-1.200000e+00	4.494703e-05	4.907922e-07	4.907922e-07
-1.200000e+00	-1.000000e+00	4.660300e-05	4.997515e-07	4.997515e-07
-1.000000e+00	-8.000000e-01	4.734792e-05	5.037298e-07	5.037298e-07
-8.000000e-01	-6.000000e-01	4.748726e-05	5.044705e-07	5.044705e-07
-6.000000e-01	-4.000000e-01	4.841439e-05	5.093712e-07	5.093712e-07
-4.000000e-01	-2.000000e-01	4.790527e-05	5.066858e-07	5.066858e-07
-2.000000e-01	0.000000e+00	4.740687e-05	5.040434e-07	5.040434e-07
0.000000e+00	2.000000e-01	4.787311e-05	5.065158e-07	5.065158e-07
2.000000e-01	4.000000e-01	4.846798e-05	5.096531e-07	5.096531e-07
4.000000e-01	6.000000e-01	4.746582e-05	5.043565e-07	5.043565e-07
6.000000e-01	8.000000e-01	4.774449e-05	5.058350e-07	5.058350e-07
8.000000e-01	1.000000e+00	4.733721e-05	5.036728e-07	5.036728e-07
1.000000e+00	1.200000e+00	4.502206e-05	4.912017e-07	4.912017e-07
1.200000e+00	1.400000e+00	4.427714e-05	4.871211e-07	4.871211e-07
1.400000e+00	1.600000e+00	4.235321e-05	4.764204e-07	4.764204e-07
1.600000e+00	1.800000e+00	3.933602e-05	4.591371e-07	4.591371e-07
1.800000e+00	2.000000e+00	3.617949e-05	4.403301e-07	4.403301e-07
2.000000e+00	2.200000e+00	3.257279e-05	4.178060e-07	4.178060e-07
2.200000e+00	2.400000e+00	2.781389e-05	3.860807e-07	3.860807e-07
2.400000e+00	2.600000e+00	2.274951e-05	3.491670e-07	3.491670e-07
2.600000e+00	2.800000e+00	1.840862e-05	3.140926e-07	3.140926e-07
2.800000e+00	3.000000e+00	1.339247e-05	2.679030e-07	2.679030e-07
3.000000e+00	3.200000e+00	9.619640e-06	2.270526e-07	2.270526e-07
3.200000e+00	3.400000e+00	6.773940e-06	1.905320e-07	1.905320e-07
3.400000e+00	3.600000e+00	4.705317e-06	1.587967e-07	1.587967e-07
3.600000e+00	3.800000e+00	3.172606e-06	1.303933e-07	1.303933e-07
3.800000e+00	4.000000e+00	2.170448e-06	1.078504e-07	1.078504e-07
4.000000e+00	4.200000e+00	1.414810e-06	8.707557e-08	8.707557e-08
4.200000e+00	4.400000e+00	9.164115e-07	7.007972e-08	7.007972e-08
4.400000e+00	4.600000e+00	6.806095e-07	6.039433e-08	6.039433e-08
4.600000e+00	4.800000e+00	4.501670e-07	4.911724e-08	4.911724e-08
4.800000e+00	5.000000e+00	2.733156e-07	3.827185e-08	3.827185e-08
5.000000e+00	5.200000e+00	2.036469e-07	3.303590e-08	3.303590e-08
5.200000e+00	5.400000e+00	1.339782e-07	2.679565e-08	2.679565e-08
5.400000e+00	5.600000e+00	5.895045e-08	1.777422e-08	1.777422e-08
5.600000e+00	5.800000e+00	4.823218e-08	1.607739e-08	1.607739e-08
5.800000e+00	6.000000e+00	5.359130e-08	1.694706e-08	1.694706e-08
6.000000e+00	6.200000e+00	1.071826e-08	7.578956e-09	7.578956e-09
6.200000e+00	6.400000e+00	2.679565e-08	1.198338e-08	1.198338e-08
6.400000e+00	6.600000e+00	0.000000e+00	0.000000e+00	0.000000e+00
6.600000e+00	6.800000e+00	5.359130e-09	5.359130e-09	5.359130e-09
6.800000e+00	7.000000e+00	0.000000e+00	0.000000e+00	0.000000e+00
# END HISTO1D


# BEGIN HISTO1D //eos/home-y/youpeng/valid/genValidation/mg352VBS_merged.yoda.gz/MC_ZZINC:ENERGY=13600/Z_eta
ErrorBars=1
LineColor=blue
LineStyle=solid
Path=//eos/home-y/youpeng/valid/genValidation/mg352VBS_merged.yoda.gz/MC_ZZINC:ENERGY=13600/Z_eta
ScaledBy=1.07425781250000051e-09
Title=VBSZZ@LO(v352)
# xlow	 xhigh	 val	 errminus	 errplus
-7.000000e+00	-6.800000e+00	5.371290e-09	5.371289e-09	5.371289e-09
-6.800000e+00	-6.600000e+00	5.371290e-09	5.371289e-09	5.371289e-09
-6.600000e+00	-6.400000e+00	1.611387e-08	9.303346e-09	9.303346e-09
-6.400000e+00	-6.200000e+00	1.074258e-08	7.596150e-09	7.596150e-09
-6.200000e+00	-6.000000e+00	2.148515e-08	1.074258e-08	1.074258e-08
-6.000000e+00	-5.800000e+00	3.222773e-08	1.315692e-08	1.315692e-08
-5.800000e+00	-5.600000e+00	3.759902e-08	1.421110e-08	1.421110e-08
-5.600000e+00	-5.400000e+00	4.297032e-08	1.519230e-08	1.519230e-08
-5.400000e+00	-5.200000e+00	1.503961e-07	2.842219e-08	2.842219e-08
-5.200000e+00	-5.000000e+00	1.665099e-07	2.990607e-08	2.990607e-08
-5.000000e+00	-4.800000e+00	2.793070e-07	3.873292e-08	3.873292e-08
-4.800000e+00	-4.600000e+00	4.726734e-07	5.038715e-08	5.038715e-08
-4.600000e+00	-4.400000e+00	6.552975e-07	5.932782e-08	5.932782e-08
-4.400000e+00	-4.200000e+00	8.862625e-07	6.899545e-08	6.899545e-08
-4.200000e+00	-4.000000e+00	1.477104e-06	8.907275e-08	8.907275e-08
-4.000000e+00	-3.800000e+00	2.159258e-06	1.076940e-07	1.076940e-07
-3.800000e+00	-3.600000e+00	3.502081e-06	1.371521e-07	1.371521e-07
-3.600000e+00	-3.400000e+00	5.253120e-06	1.679763e-07	1.679763e-07
-3.400000e+00	-3.200000e+00	6.563715e-06	1.877647e-07	1.877647e-07
-3.200000e+00	-3.000000e+00	9.507180e-06	2.259775e-07	2.259775e-07
-3.000000e+00	-2.800000e+00	1.356250e-05	2.699039e-07	2.699039e-07
-2.800000e+00	-2.600000e+00	1.794548e-05	3.104680e-07	3.104680e-07
-2.600000e+00	-2.400000e+00	2.232845e-05	3.463128e-07	3.463128e-07
-2.400000e+00	-2.200000e+00	2.800590e-05	3.878502e-07	3.878502e-07
-2.200000e+00	-2.000000e+00	3.176580e-05	4.130658e-07	4.130658e-07
-2.000000e+00	-1.800000e+00	3.592318e-05	4.392651e-07	4.392651e-07
-1.800000e+00	-1.600000e+00	3.929098e-05	4.593944e-07	4.593944e-07
-1.600000e+00	-1.400000e+00	4.280380e-05	4.794910e-07	4.794910e-07
-1.400000e+00	-1.200000e+00	4.514569e-05	4.924333e-07	4.924333e-07
-1.200000e+00	-1.000000e+00	4.616623e-05	4.979680e-07	4.979680e-07
-1.000000e+00	-8.000000e-01	4.689136e-05	5.018635e-07	5.018635e-07
-8.000000e-01	-6.000000e-01	4.790652e-05	5.072669e-07	5.072669e-07
-6.000000e-01	-4.000000e-01	4.784207e-05	5.069255e-07	5.069255e-07
-4.000000e-01	-2.000000e-01	4.710620e-05	5.030119e-07	5.030119e-07
-2.000000e-01	0.000000e+00	4.761648e-05	5.057289e-07	5.057289e-07
0.000000e+00	2.000000e-01	4.838994e-05	5.098198e-07	5.098198e-07
2.000000e-01	4.000000e-01	4.739088e-05	5.045297e-07	5.045297e-07
4.000000e-01	6.000000e-01	4.764871e-05	5.059002e-07	5.059002e-07
6.000000e-01	8.000000e-01	4.772390e-05	5.062993e-07	5.062993e-07
8.000000e-01	1.000000e+00	4.710084e-05	5.029833e-07	5.029833e-07
1.000000e+00	1.200000e+00	4.631126e-05	4.987496e-07	4.987496e-07
1.200000e+00	1.400000e+00	4.500066e-05	4.916417e-07	4.916417e-07
1.400000e+00	1.600000e+00	4.237947e-05	4.771083e-07	4.771083e-07
1.600000e+00	1.800000e+00	3.869477e-05	4.558956e-07	4.558956e-07
1.800000e+00	2.000000e+00	3.621323e-05	4.410348e-07	4.410348e-07
2.000000e+00	2.200000e+00	3.172820e-05	4.128212e-07	4.128212e-07
2.200000e+00	2.400000e+00	2.812407e-05	3.886676e-07	3.886676e-07
2.400000e+00	2.600000e+00	2.371961e-05	3.569382e-07	3.569382e-07
2.600000e+00	2.800000e+00	1.791862e-05	3.102356e-07	3.102356e-07
2.800000e+00	3.000000e+00	1.347656e-05	2.690474e-07	2.690474e-07
3.000000e+00	3.200000e+00	9.598495e-06	2.270601e-07	2.270601e-07
3.200000e+00	3.400000e+00	7.025645e-06	1.942596e-07	1.942596e-07
3.400000e+00	3.600000e+00	4.758962e-06	1.598804e-07	1.598804e-07
3.600000e+00	3.800000e+00	3.217402e-06	1.314595e-07	1.314595e-07
3.800000e+00	4.000000e+00	2.207600e-06	1.088929e-07	1.088929e-07
4.000000e+00	4.200000e+00	1.369678e-06	8.577261e-08	8.577261e-08
4.200000e+00	4.400000e+00	9.399755e-07	7.105547e-08	7.105547e-08
4.400000e+00	4.600000e+00	7.412380e-07	6.309836e-08	6.309836e-08
4.600000e+00	4.800000e+00	4.135892e-07	4.713287e-08	4.713287e-08
4.800000e+00	5.000000e+00	2.900496e-07	3.947075e-08	3.947075e-08
5.000000e+00	5.200000e+00	2.148515e-07	3.397101e-08	3.397101e-08
5.200000e+00	5.400000e+00	1.020545e-07	2.341291e-08	2.341291e-08
5.400000e+00	5.600000e+00	5.908420e-08	1.781455e-08	1.781455e-08
5.600000e+00	5.800000e+00	5.908420e-08	1.781455e-08	1.781455e-08
5.800000e+00	6.000000e+00	4.297031e-08	1.519230e-08	1.519230e-08
6.000000e+00	6.200000e+00	5.371290e-09	5.371289e-09	5.371289e-09
6.200000e+00	6.400000e+00	5.371290e-09	5.371289e-09	5.371289e-09
6.400000e+00	6.600000e+00	2.148516e-08	1.074258e-08	1.074258e-08
6.600000e+00	6.800000e+00	0.000000e+00	0.000000e+00	0.000000e+00
6.800000e+00	7.000000e+00	1.074258e-08	7.596150e-09	7.596150e-09
# END HISTO1D


# BEGIN HISTO1D //eos/home-y/youpeng/valid/genValidation/mg35xVBS_merged.yoda.gz/MC_ZZINC:ENERGY=13600/Z_eta
ErrorBars=1
LineColor=green
LineStyle=solid
Path=//eos/home-y/youpeng/valid/genValidation/mg35xVBS_merged.yoda.gz/MC_ZZINC:ENERGY=13600/Z_eta
ScaledBy=5.51937791219804204e-10
Title=VBSZZ@LO(v35x)
# xlow	 xhigh	 val	 errminus	 errplus
-7.000000e+00	-6.800000e+00	0.000000e+00	0.000000e+00	0.000000e+00
-6.800000e+00	-6.600000e+00	5.519380e-09	3.902790e-09	3.902790e-09
-6.600000e+00	-6.400000e+00	1.103876e-08	5.519377e-09	5.519377e-09
-6.400000e+00	-6.200000e+00	8.279065e-09	4.779922e-09	4.779922e-09
-6.200000e+00	-6.000000e+00	1.931782e-08	7.301450e-09	7.301450e-09
-6.000000e+00	-5.800000e+00	1.931782e-08	7.301450e-09	7.301450e-09
-5.800000e+00	-5.600000e+00	2.483720e-08	8.279067e-09	8.279067e-09
-5.600000e+00	-5.400000e+00	4.415503e-08	1.103876e-08	1.103876e-08
-5.400000e+00	-5.200000e+00	7.451160e-08	1.433976e-08	1.433976e-08
-5.200000e+00	-5.000000e+00	9.106975e-08	1.585321e-08	1.585321e-08
-5.000000e+00	-4.800000e+00	1.517829e-07	2.046640e-08	2.046640e-08
-4.800000e+00	-4.600000e+00	1.573022e-07	2.083519e-08	2.083519e-08
-4.600000e+00	-4.400000e+00	3.422015e-07	3.073060e-08	3.073060e-08
-4.400000e+00	-4.200000e+00	5.160620e-07	3.773818e-08	3.773818e-08
-4.200000e+00	-4.000000e+00	7.423565e-07	4.526226e-08	4.526226e-08
-4.000000e+00	-3.800000e+00	1.018325e-06	5.301189e-08	5.301189e-08
-3.800000e+00	-3.600000e+00	1.688930e-06	6.827093e-08	6.827093e-08
-3.600000e+00	-3.400000e+00	2.516836e-06	8.334078e-08	8.334078e-08
-3.400000e+00	-3.200000e+00	3.330945e-06	9.587685e-08	9.587685e-08
-3.200000e+00	-3.000000e+00	4.981238e-06	1.172462e-07	1.172462e-07
-3.000000e+00	-2.800000e+00	6.775035e-06	1.367369e-07	1.367369e-07
-2.800000e+00	-2.600000e+00	9.283595e-06	1.600619e-07	1.600619e-07
-2.600000e+00	-2.400000e+00	1.125953e-05	1.762748e-07	1.762748e-07
-2.400000e+00	-2.200000e+00	1.373497e-05	1.946901e-07	1.946901e-07
-2.200000e+00	-2.000000e+00	1.614694e-05	2.110936e-07	2.110936e-07
-2.000000e+00	-1.800000e+00	1.783587e-05	2.218591e-07	2.218591e-07
-1.800000e+00	-1.600000e+00	1.967383e-05	2.330099e-07	2.330099e-07
-1.600000e+00	-1.400000e+00	2.148694e-05	2.435103e-07	2.435103e-07
-1.400000e+00	-1.200000e+00	2.249147e-05	2.491374e-07	2.491374e-07
-1.200000e+00	-1.000000e+00	2.354843e-05	2.549242e-07	2.549242e-07
-1.000000e+00	-8.000000e-01	2.393478e-05	2.570069e-07	2.570069e-07
-8.000000e-01	-6.000000e-01	2.462470e-05	2.606847e-07	2.606847e-07
-6.000000e-01	-4.000000e-01	2.444809e-05	2.597481e-07	2.597481e-07
-4.000000e-01	-2.000000e-01	2.412796e-05	2.580420e-07	2.580420e-07
-2.000000e-01	0.000000e+00	2.372504e-05	2.558784e-07	2.558784e-07
0.000000e+00	2.000000e-01	2.451431e-05	2.600998e-07	2.600998e-07
2.000000e-01	4.000000e-01	2.417487e-05	2.582927e-07	2.582927e-07
4.000000e-01	6.000000e-01	2.402309e-05	2.574806e-07	2.574806e-07
6.000000e-01	8.000000e-01	2.388511e-05	2.567401e-07	2.567401e-07
8.000000e-01	1.000000e+00	2.406173e-05	2.576876e-07	2.576876e-07
1.000000e+00	1.200000e+00	2.343252e-05	2.542960e-07	2.542960e-07
1.200000e+00	1.400000e+00	2.266809e-05	2.501137e-07	2.501137e-07
1.400000e+00	1.600000e+00	2.144554e-05	2.432756e-07	2.432756e-07
1.600000e+00	1.800000e+00	1.999947e-05	2.349304e-07	2.349304e-07
1.800000e+00	2.000000e+00	1.779448e-05	2.216015e-07	2.216015e-07
2.000000e+00	2.200000e+00	1.606691e-05	2.105699e-07	2.105699e-07
2.200000e+00	2.400000e+00	1.423172e-05	1.981795e-07	1.981795e-07
2.400000e+00	2.600000e+00	1.193565e-05	1.814902e-07	1.814902e-07
2.600000e+00	2.800000e+00	9.220120e-06	1.595139e-07	1.595139e-07
2.800000e+00	3.000000e+00	6.813670e-06	1.371263e-07	1.371263e-07
3.000000e+00	3.200000e+00	5.019875e-06	1.177000e-07	1.177000e-07
3.200000e+00	3.400000e+00	3.410976e-06	9.702181e-08	9.702181e-08
3.400000e+00	3.600000e+00	2.365053e-06	8.078869e-08	8.078869e-08
3.600000e+00	3.800000e+00	1.575783e-06	6.594445e-08	6.594445e-08
3.800000e+00	4.000000e+00	1.148030e-06	5.628683e-08	5.628683e-08
4.000000e+00	4.200000e+00	7.202790e-07	4.458414e-08	4.458414e-08
4.200000e+00	4.400000e+00	4.939843e-07	3.692212e-08	3.692212e-08
4.400000e+00	4.600000e+00	3.670387e-07	3.182629e-08	3.182629e-08
4.600000e+00	4.800000e+00	1.986976e-07	2.341674e-08	2.341674e-08
4.800000e+00	5.000000e+00	1.297054e-07	1.891947e-08	1.891947e-08
5.000000e+00	5.200000e+00	1.103875e-07	1.745380e-08	1.745380e-08
5.200000e+00	5.400000e+00	6.899220e-08	1.379844e-08	1.379844e-08
5.400000e+00	5.600000e+00	3.863565e-08	1.032581e-08	1.032581e-08
5.600000e+00	5.800000e+00	2.483720e-08	8.279067e-09	8.279067e-09
5.800000e+00	6.000000e+00	2.759689e-08	8.726902e-09	8.726902e-09
6.000000e+00	6.200000e+00	2.759689e-09	2.759689e-09	2.759689e-09
6.200000e+00	6.400000e+00	8.279065e-09	4.779922e-09	4.779922e-09
6.400000e+00	6.600000e+00	0.000000e+00	0.000000e+00	0.000000e+00
6.600000e+00	6.800000e+00	0.000000e+00	0.000000e+00	0.000000e+00
6.800000e+00	7.000000e+00	5.519380e-09	3.902790e-09	3.902790e-09
# END HISTO1D

