# BEGIN PLOT
Legend=1
LogY=1
Title=Z $p_\perp$
XLabel=$p_\perp^{\mathrm{Z}}$ [GeV]
YLabel=$\mathrm{d}\sigma/\mathrm{d}p_\perp^{\mathrm{Z}}$ [pb/GeV]
LogX=1
LegendXPos=0.05
LegendYPos=0.5
RemoveOptions=1
DrawOnly=//ospool/cms-user/youpeng/genvalid/genValidation/masterVBS_merged.yoda.gz/MC_ZZINC:ENERGY=13600/Z_pT //ospool/cms-user/youpeng/genvalid/genValidation/mg352VBS_merged.yoda.gz/MC_ZZINC:ENERGY=13600/Z_pT //ospool/cms-user/youpeng/genvalid/genValidation/mg35xVBS_merged.yoda.gz/MC_ZZINC:ENERGY=13600/Z_pT
LegendOnly=//ospool/cms-user/youpeng/genvalid/genValidation/masterVBS_merged.yoda.gz/MC_ZZINC:ENERGY=13600/Z_pT //ospool/cms-user/youpeng/genvalid/genValidation/mg352VBS_merged.yoda.gz/MC_ZZINC:ENERGY=13600/Z_pT //ospool/cms-user/youpeng/genvalid/genValidation/mg35xVBS_merged.yoda.gz/MC_ZZINC:ENERGY=13600/Z_pT
RatioPlot=1
RatioPlotReference=//ospool/cms-user/youpeng/genvalid/genValidation/masterVBS_merged.yoda.gz/MC_ZZINC:ENERGY=13600/Z_pT
RatioPlotYLabel=Ratio
# END PLOT

# BEGIN HISTO1D //ospool/cms-user/youpeng/genvalid/genValidation/masterVBS_merged.yoda.gz/MC_ZZINC:ENERGY=13600/Z_pT
ErrorBars=1
LineColor=red
LineStyle=solid
Path=//ospool/cms-user/youpeng/genvalid/genValidation/masterVBS_merged.yoda.gz/MC_ZZINC:ENERGY=13600/Z_pT
ScaledBy=1.07182617187499956e-09
Title=VBSZZ@LO(v2918)
# xlow	 xhigh	 val	 errminus	 errplus
1.000000e+01	1.060022e+01	5.375024e-07	3.098112e-08	3.098112e-08
1.060022e+01	1.123646e+01	5.660342e-07	3.087970e-08	3.087970e-08
1.123646e+01	1.191089e+01	6.356931e-07	3.178465e-08	3.178465e-08
1.191089e+01	1.262581e+01	7.346204e-07	3.318677e-08	3.318677e-08
1.262581e+01	1.338363e+01	7.199064e-07	3.190929e-08	3.190929e-08
1.338363e+01	1.418694e+01	7.205015e-07	3.100545e-08	3.100545e-08
1.418694e+01	1.503847e+01	7.967611e-07	3.166841e-08	3.166841e-08
1.503847e+01	1.594110e+01	8.466505e-07	3.170731e-08	3.170731e-08
1.594110e+01	1.689791e+01	8.457570e-07	3.078025e-08	3.078025e-08
1.689791e+01	1.791216e+01	9.130469e-07	3.106249e-08	3.106249e-08
1.791216e+01	1.898728e+01	9.221661e-07	3.032063e-08	3.032063e-08
1.898728e+01	2.012693e+01	9.790471e-07	3.034438e-08	3.034438e-08
2.012693e+01	2.133498e+01	1.061135e-06	3.068351e-08	3.068351e-08
2.133498e+01	2.261554e+01	1.098979e-06	3.032891e-08	3.032891e-08
2.261554e+01	2.397297e+01	1.106229e-06	2.955466e-08	2.955466e-08
2.397297e+01	2.541187e+01	1.217900e-06	3.011984e-08	3.011984e-08
2.541187e+01	2.693714e+01	1.212882e-06	2.919429e-08	2.919429e-08
2.693714e+01	2.855395e+01	1.296021e-06	2.931155e-08	2.931155e-08
2.855395e+01	3.026781e+01	1.308310e-06	2.860420e-08	2.860420e-08
3.026781e+01	3.208454e+01	1.363433e-06	2.836181e-08	2.836181e-08
3.208454e+01	3.401031e+01	1.349682e-06	2.740791e-08	2.740791e-08
3.401031e+01	3.605167e+01	1.411873e-06	2.722702e-08	2.722702e-08
3.605167e+01	3.821555e+01	1.437931e-06	2.668792e-08	2.668792e-08
3.821555e+01	4.050932e+01	1.457905e-06	2.610068e-08	2.610068e-08
4.050932e+01	4.294076e+01	1.479831e-06	2.554092e-08	2.554092e-08
4.294076e+01	4.551814e+01	1.482121e-06	2.482646e-08	2.482646e-08
4.551814e+01	4.825022e+01	1.483722e-06	2.412635e-08	2.412635e-08
4.825022e+01	5.114629e+01	1.482608e-06	2.342452e-08	2.342452e-08
5.114629e+01	5.421618e+01	1.509339e-06	2.295589e-08	2.295589e-08
5.421618e+01	5.747033e+01	1.435074e-06	2.174105e-08	2.174105e-08
5.747033e+01	6.091980e+01	1.392967e-06	2.080446e-08	2.080446e-08
6.091980e+01	6.457631e+01	1.308524e-06	1.958482e-08	1.958482e-08
6.457631e+01	6.845230e+01	1.304114e-06	1.899016e-08	1.899016e-08
6.845230e+01	7.256093e+01	1.241489e-06	1.799638e-08	1.799638e-08
7.256093e+01	7.691616e+01	1.204418e-06	1.721652e-08	1.721652e-08
7.691616e+01	8.153281e+01	1.183115e-06	1.657342e-08	1.657342e-08
8.153281e+01	8.642655e+01	1.171975e-06	1.602142e-08	1.602142e-08
8.642655e+01	9.161403e+01	1.112844e-06	1.516356e-08	1.516356e-08
9.161403e+01	9.711287e+01	1.081019e-06	1.451587e-08	1.451587e-08
9.711287e+01	1.029418e+02	1.027708e-06	1.374683e-08	1.374683e-08
1.029418e+02	1.091205e+02	9.981530e-07	1.315868e-08	1.315868e-08
1.091205e+02	1.156701e+02	9.370461e-07	1.238327e-08	1.238327e-08
1.156701e+02	1.226128e+02	8.997368e-07	1.178571e-08	1.178571e-08
1.226128e+02	1.299723e+02	8.604320e-07	1.119428e-08	1.119428e-08
1.299723e+02	1.377734e+02	8.021075e-07	1.049786e-08	1.049786e-08
1.377734e+02	1.460429e+02	7.408620e-07	9.799214e-09	9.799214e-09
1.460429e+02	1.548086e+02	7.052823e-07	9.286464e-09	9.286464e-09
1.548086e+02	1.641005e+02	6.673031e-07	8.773473e-09	8.773473e-09
1.641005e+02	1.739501e+02	6.072115e-07	8.128733e-09	8.128733e-09
1.739501e+02	1.843909e+02	5.588673e-07	7.574424e-09	7.574424e-09
1.843909e+02	1.954584e+02	4.966185e-07	6.935038e-09	6.935038e-09
1.954584e+02	2.071901e+02	4.432862e-07	6.363907e-09	6.363907e-09
2.071901e+02	2.196260e+02	4.049977e-07	5.908127e-09	5.908127e-09
2.196260e+02	2.328084e+02	3.638504e-07	5.439092e-09	5.439092e-09
2.328084e+02	2.467820e+02	3.114168e-07	4.887413e-09	4.887413e-09
2.467820e+02	2.615942e+02	2.765639e-07	4.473528e-09	4.473528e-09
2.615942e+02	2.772956e+02	2.443136e-07	4.083822e-09	4.083822e-09
2.772956e+02	2.939394e+02	2.082629e-07	3.662199e-09	3.662199e-09
2.939394e+02	3.115821e+02	1.790356e-07	3.297990e-09	3.297990e-09
3.115821e+02	3.302839e+02	1.478061e-07	2.910493e-09	2.910493e-09
3.302839e+02	3.501081e+02	1.252722e-07	2.602506e-09	2.602506e-09
3.501081e+02	3.711222e+02	1.060906e-07	2.326190e-09	2.326190e-09
3.711222e+02	3.933976e+02	8.829476e-08	2.061185e-09	2.061185e-09
3.933976e+02	4.170100e+02	7.267343e-08	1.816268e-09	1.816268e-09
4.170100e+02	4.420397e+02	6.243475e-08	1.635112e-09	1.635112e-09
4.420397e+02	4.685717e+02	4.673990e-08	1.374109e-09	1.374109e-09
4.685717e+02	4.966962e+02	3.879603e-08	1.215944e-09	1.215944e-09
4.966962e+02	5.265088e+02	3.228500e-08	1.077365e-09	1.077365e-09
5.265088e+02	5.581108e+02	2.557297e-08	9.313126e-10	9.313126e-10
5.581108e+02	5.916096e+02	1.922957e-08	7.843905e-10	7.843905e-10
5.916096e+02	6.271191e+02	1.370363e-08	6.431432e-10	6.431432e-10
6.271191e+02	6.647599e+02	1.150395e-08	5.723428e-10	5.723428e-10
6.647599e+02	7.046600e+02	8.381177e-09	4.744906e-10	4.744906e-10
7.046600e+02	7.469549e+02	6.664877e-09	4.109739e-10	4.109739e-10
7.469549e+02	7.917885e+02	3.944615e-09	3.070879e-10	3.070879e-10
7.917885e+02	8.393131e+02	3.179985e-09	2.678030e-10	2.678030e-10
8.393131e+02	8.896901e+02	2.340372e-09	2.231456e-10	2.231456e-10
8.896901e+02	9.430909e+02	1.726136e-09	1.861341e-10	1.861341e-10
9.430909e+02	9.996969e+02	1.060352e-09	1.416955e-10	1.416955e-10
9.996969e+02	1.059700e+03	6.609254e-10	1.086555e-10	1.086555e-10
1.059700e+03	1.123306e+03	6.066368e-10	1.011061e-10	1.011061e-10
1.123306e+03	1.190728e+03	3.497401e-10	7.456484e-11	7.456484e-11
1.190728e+03	1.262198e+03	3.599249e-10	7.346935e-11	7.346935e-11
1.262198e+03	1.337957e+03	1.697740e-10	4.900956e-11	4.900956e-11
1.337957e+03	1.418264e+03	1.067729e-10	3.774991e-11	3.774991e-11
1.418264e+03	1.503391e+03	8.813635e-11	3.331241e-11	3.331241e-11
1.503391e+03	1.593627e+03	3.563410e-11	2.057336e-11	2.057336e-11
1.593627e+03	1.689279e+03	2.241095e-11	1.584694e-11	1.584694e-11
1.689279e+03	1.790673e+03	1.057090e-11	1.057090e-11	1.057090e-11
1.790673e+03	1.898152e+03	0.000000e+00	0.000000e+00	0.000000e+00
1.898152e+03	2.012083e+03	9.407677e-12	9.407677e-12	9.407677e-12
2.012083e+03	2.132851e+03	8.875083e-12	8.875083e-12	8.875083e-12
2.132851e+03	2.260869e+03	0.000000e+00	0.000000e+00	0.000000e+00
2.260869e+03	2.396570e+03	0.000000e+00	0.000000e+00	0.000000e+00
2.396570e+03	2.540417e+03	0.000000e+00	0.000000e+00	0.000000e+00
2.540417e+03	2.692897e+03	0.000000e+00	0.000000e+00	0.000000e+00
2.692897e+03	2.854530e+03	0.000000e+00	0.000000e+00	0.000000e+00
2.854530e+03	3.025864e+03	0.000000e+00	0.000000e+00	0.000000e+00
3.025864e+03	3.207481e+03	0.000000e+00	0.000000e+00	0.000000e+00
3.207481e+03	3.400000e+03	0.000000e+00	0.000000e+00	0.000000e+00
# END HISTO1D


# BEGIN HISTO1D //ospool/cms-user/youpeng/genvalid/genValidation/mg352VBS_merged.yoda.gz/MC_ZZINC:ENERGY=13600/Z_pT
ErrorBars=1
LineColor=blue
LineStyle=solid
Path=//ospool/cms-user/youpeng/genvalid/genValidation/mg352VBS_merged.yoda.gz/MC_ZZINC:ENERGY=13600/Z_pT
ScaledBy=1.07425781250000051e-09
Title=VBSZZ@LO(v352)
# xlow	 xhigh	 val	 errminus	 errplus
1.000000e+01	1.060022e+01	5.476707e-07	3.130825e-08	3.130825e-08
1.060022e+01	1.123646e+01	6.247256e-07	3.247793e-08	3.247793e-08
1.123646e+01	1.191089e+01	6.721777e-07	3.272110e-08	3.272110e-08
1.191089e+01	1.262581e+01	6.656636e-07	3.162663e-08	3.162663e-08
1.262581e+01	1.338363e+01	6.861007e-07	3.118639e-08	3.118639e-08
1.338363e+01	1.418694e+01	7.194616e-07	3.101819e-08	3.101819e-08
1.418694e+01	1.503847e+01	8.301077e-07	3.236097e-08	3.236097e-08
1.503847e+01	1.594110e+01	8.319092e-07	3.146570e-08	3.146570e-08
1.594110e+01	1.689791e+01	8.858492e-07	3.153707e-08	3.153707e-08
1.689791e+01	1.791216e+01	8.642784e-07	3.025580e-08	3.025580e-08
1.791216e+01	1.898728e+01	8.752975e-07	2.957356e-08	2.957356e-08
1.898728e+01	2.012693e+01	9.727846e-07	3.028147e-08	3.028147e-08
2.012693e+01	2.133498e+01	1.051093e-06	3.057260e-08	3.057260e-08
2.133498e+01	2.261554e+01	1.103988e-06	3.043242e-08	3.043242e-08
2.261554e+01	2.397297e+01	1.154639e-06	3.022865e-08	3.022865e-08
2.397297e+01	2.541187e+01	1.207971e-06	3.003082e-08	3.003082e-08
2.541187e+01	2.693714e+01	1.257891e-06	2.976477e-08	2.976477e-08
2.693714e+01	2.855395e+01	1.243149e-06	2.873998e-08	2.873998e-08
2.855395e+01	3.026781e+01	1.280565e-06	2.833136e-08	2.833136e-08
3.026781e+01	3.208454e+01	1.378353e-06	2.854890e-08	2.854890e-08
3.208454e+01	3.401031e+01	1.370037e-06	2.764511e-08	2.764511e-08
3.401031e+01	3.605167e+01	1.447703e-06	2.760160e-08	2.760160e-08
3.605167e+01	3.821555e+01	1.481903e-06	2.712361e-08	2.712361e-08
3.821555e+01	4.050932e+01	1.425150e-06	2.583507e-08	2.583507e-08
4.050932e+01	4.294076e+01	1.493792e-06	2.569020e-08	2.569020e-08
4.294076e+01	4.551814e+01	1.485900e-06	2.488627e-08	2.488627e-08
4.551814e+01	4.825022e+01	1.485122e-06	2.416510e-08	2.416510e-08
4.825022e+01	5.114629e+01	1.511195e-06	2.367609e-08	2.367609e-08
5.114629e+01	5.421618e+01	1.455724e-06	2.257004e-08	2.257004e-08
5.421618e+01	5.747033e+01	1.450874e-06	2.188519e-08	2.188519e-08
5.747033e+01	6.091980e+01	1.395504e-06	2.084700e-08	2.084700e-08
6.091980e+01	6.457631e+01	1.354093e-06	1.994551e-08	1.994551e-08
6.457631e+01	6.845230e+01	1.306795e-06	1.903122e-08	1.903122e-08
6.845230e+01	7.256093e+01	1.249535e-06	1.807507e-08	1.807507e-08
7.256093e+01	7.691616e+01	1.214057e-06	1.730487e-08	1.730487e-08
7.691616e+01	8.153281e+01	1.169045e-06	1.649326e-08	1.649326e-08
8.153281e+01	8.642655e+01	1.174414e-06	1.605627e-08	1.605627e-08
8.642655e+01	9.161403e+01	1.120546e-06	1.523319e-08	1.523319e-08
9.161403e+01	9.711287e+01	1.094216e-06	1.462077e-08	1.462077e-08
9.711287e+01	1.029418e+02	1.037043e-06	1.382478e-08	1.382478e-08
1.029418e+02	1.091205e+02	9.889423e-07	1.311267e-08	1.311267e-08
1.091205e+02	1.156701e+02	9.573780e-07	1.253108e-08	1.253108e-08
1.156701e+02	1.226128e+02	9.198817e-07	1.193043e-08	1.193043e-08
1.226128e+02	1.299723e+02	8.415104e-07	1.108306e-08	1.108306e-08
1.299723e+02	1.377734e+02	8.190749e-07	1.062033e-08	1.062033e-08
1.377734e+02	1.460429e+02	7.374765e-07	9.787881e-09	9.787881e-09
1.460429e+02	1.548086e+02	7.029607e-07	9.281678e-09	9.281678e-09
1.548086e+02	1.641005e+02	6.477757e-07	8.653948e-09	8.653948e-09
1.641005e+02	1.739501e+02	6.006272e-07	8.093707e-09	8.093707e-09
1.739501e+02	1.843909e+02	5.556080e-07	7.560867e-09	7.560867e-09
1.843909e+02	1.954584e+02	4.994923e-07	6.962960e-09	6.962960e-09
1.954584e+02	2.071901e+02	4.490534e-07	6.412432e-09	6.412432e-09
2.071901e+02	2.196260e+02	3.976237e-07	5.860731e-09	5.860731e-09
2.196260e+02	2.328084e+02	3.556303e-07	5.383397e-09	5.383397e-09
2.328084e+02	2.467820e+02	3.123539e-07	4.900311e-09	4.900311e-09
2.467820e+02	2.615942e+02	2.793671e-07	4.501239e-09	4.501239e-09
2.615942e+02	2.772956e+02	2.378892e-07	4.034340e-09	4.034340e-09
2.772956e+02	2.939394e+02	1.996992e-07	3.590180e-09	3.590180e-09
2.939394e+02	3.115821e+02	1.794418e-07	3.305472e-09	3.305472e-09
3.115821e+02	3.302839e+02	1.461310e-07	2.897235e-09	2.897235e-09
3.302839e+02	3.501081e+02	1.258274e-07	2.611223e-09	2.611223e-09
3.501081e+02	3.711222e+02	1.047465e-07	2.314028e-09	2.314028e-09
3.711222e+02	3.933976e+02	8.646956e-08	2.042082e-09	2.042082e-09
3.933976e+02	4.170100e+02	7.629593e-08	1.863095e-09	1.863095e-09
4.170100e+02	4.420397e+02	5.798400e-08	1.577540e-09	1.577540e-09
4.420397e+02	4.685717e+02	4.866795e-08	1.403753e-09	1.403753e-09
4.685717e+02	4.966962e+02	3.705061e-08	1.189624e-09	1.189624e-09
4.966962e+02	5.265088e+02	3.109707e-08	1.058557e-09	1.058557e-09
5.265088e+02	5.581108e+02	2.430524e-08	9.089646e-10	9.089646e-10
5.581108e+02	5.916096e+02	1.773391e-08	7.541224e-10	7.541224e-10
5.916096e+02	6.271191e+02	1.355320e-08	6.403287e-10	6.403287e-10
6.271191e+02	6.647599e+02	1.212938e-08	5.883614e-10	5.883614e-10
6.647599e+02	7.046600e+02	8.480961e-09	4.778480e-10	4.778480e-10
7.046600e+02	7.469549e+02	5.714826e-09	3.809884e-10	3.809884e-10
7.469549e+02	7.917885e+02	4.456747e-09	3.267845e-10	3.267845e-10
7.917885e+02	8.393131e+02	3.006365e-09	2.606849e-10	2.606849e-10
8.393131e+02	8.896901e+02	2.068464e-09	2.100207e-10	2.100207e-10
8.896901e+02	9.430909e+02	1.367948e-09	1.658881e-10	1.658881e-10
9.430909e+02	9.996969e+02	1.309469e-09	1.576415e-10	1.576415e-10
9.996969e+02	1.059700e+03	7.340382e-10	1.146375e-10	1.146375e-10
1.059700e+03	1.123306e+03	5.404561e-10	9.554005e-11	9.554005e-11
1.123306e+03	1.190728e+03	3.505335e-10	7.473401e-11	7.473401e-11
1.190728e+03	1.262198e+03	2.104325e-10	5.624045e-11	5.624045e-11
1.262198e+03	1.337957e+03	1.985191e-10	5.305647e-11	5.305647e-11
1.337957e+03	1.418264e+03	8.026133e-11	3.276655e-11	3.276655e-11
1.418264e+03	1.503391e+03	3.785841e-11	2.185757e-11	2.185757e-11
1.503391e+03	1.593627e+03	5.952490e-11	2.662034e-11	2.662034e-11
1.593627e+03	1.689279e+03	3.369269e-11	1.945249e-11	1.945249e-11
1.689279e+03	1.790673e+03	0.000000e+00	0.000000e+00	0.000000e+00
1.790673e+03	1.898152e+03	9.995050e-12	9.995049e-12	9.995049e-12
1.898152e+03	2.012083e+03	0.000000e+00	0.000000e+00	0.000000e+00
2.012083e+03	2.132851e+03	0.000000e+00	0.000000e+00	0.000000e+00
2.132851e+03	2.260869e+03	0.000000e+00	0.000000e+00	0.000000e+00
2.260869e+03	2.396570e+03	0.000000e+00	0.000000e+00	0.000000e+00
2.396570e+03	2.540417e+03	0.000000e+00	0.000000e+00	0.000000e+00
2.540417e+03	2.692897e+03	0.000000e+00	0.000000e+00	0.000000e+00
2.692897e+03	2.854530e+03	0.000000e+00	0.000000e+00	0.000000e+00
2.854530e+03	3.025864e+03	0.000000e+00	0.000000e+00	0.000000e+00
3.025864e+03	3.207481e+03	0.000000e+00	0.000000e+00	0.000000e+00
3.207481e+03	3.400000e+03	0.000000e+00	0.000000e+00	0.000000e+00
# END HISTO1D


# BEGIN HISTO1D //ospool/cms-user/youpeng/genvalid/genValidation/mg35xVBS_merged.yoda.gz/MC_ZZINC:ENERGY=13600/Z_pT
ErrorBars=1
LineColor=green
LineStyle=solid
Path=//ospool/cms-user/youpeng/genvalid/genValidation/mg35xVBS_merged.yoda.gz/MC_ZZINC:ENERGY=13600/Z_pT
ScaledBy=5.51937791219804204e-10
Title=VBSZZ@LO(v35x)
# xlow	 xhigh	 val	 errminus	 errplus
1.000000e+01	1.060022e+01	3.062132e-07	1.678038e-08	1.678038e-08
1.060022e+01	1.123646e+01	3.296498e-07	1.691067e-08	1.691067e-08
1.123646e+01	1.191089e+01	3.559938e-07	1.706860e-08	1.706860e-08
1.191089e+01	1.262581e+01	3.165312e-07	1.563236e-08	1.563236e-08
1.262581e+01	1.338363e+01	3.343002e-07	1.560380e-08	1.560380e-08
1.338363e+01	1.418694e+01	3.579684e-07	1.568288e-08	1.568288e-08
1.418694e+01	1.503847e+01	4.012184e-07	1.612633e-08	1.612633e-08
1.503847e+01	1.594110e+01	4.206964e-07	1.603890e-08	1.603890e-08
1.594110e+01	1.689791e+01	4.372538e-07	1.588178e-08	1.588178e-08
1.689791e+01	1.791216e+01	4.663650e-07	1.593073e-08	1.593073e-08
1.791216e+01	1.898728e+01	4.717899e-07	1.556292e-08	1.556292e-08
1.898728e+01	2.012693e+01	4.891477e-07	1.539144e-08	1.539144e-08
2.012693e+01	2.133498e+01	5.194763e-07	1.540584e-08	1.540584e-08
2.133498e+01	2.261554e+01	5.400591e-07	1.525688e-08	1.525688e-08
2.261554e+01	2.397297e+01	5.668073e-07	1.518113e-08	1.518113e-08
2.397297e+01	2.541187e+01	6.075957e-07	1.526642e-08	1.526642e-08
2.541187e+01	2.693714e+01	6.227651e-07	1.501184e-08	1.501184e-08
2.693714e+01	2.855395e+01	6.380292e-07	1.475828e-08	1.475828e-08
2.855395e+01	3.026781e+01	6.585795e-07	1.456335e-08	1.456335e-08
3.026781e+01	3.208454e+01	7.075696e-07	1.466171e-08	1.466171e-08
3.208454e+01	3.401031e+01	6.998925e-07	1.416311e-08	1.416311e-08
3.401031e+01	3.605167e+01	7.173115e-07	1.392641e-08	1.392641e-08
3.605167e+01	3.821555e+01	7.261803e-07	1.360977e-08	1.360977e-08
3.821555e+01	4.050932e+01	7.382366e-07	1.332809e-08	1.332809e-08
4.050932e+01	4.294076e+01	7.425184e-07	1.298275e-08	1.298275e-08
4.294076e+01	4.551814e+01	7.388065e-07	1.257828e-08	1.257828e-08
4.551814e+01	4.825022e+01	7.486900e-07	1.229843e-08	1.229843e-08
4.825022e+01	5.114629e+01	7.482236e-07	1.194143e-08	1.194143e-08
5.114629e+01	5.421618e+01	7.396591e-07	1.153186e-08	1.153186e-08
5.421618e+01	5.747033e+01	7.398408e-07	1.120199e-08	1.120199e-08
5.747033e+01	6.091980e+01	6.944284e-07	1.054102e-08	1.054102e-08
6.091980e+01	6.457631e+01	6.706559e-07	1.006147e-08	1.006147e-08
6.457631e+01	6.845230e+01	6.739754e-07	9.796608e-09	9.796608e-09
6.845230e+01	7.256093e+01	6.308429e-07	9.205705e-09	9.205705e-09
7.256093e+01	7.691616e+01	6.169210e-07	8.842078e-09	8.842078e-09
7.691616e+01	8.153281e+01	6.049419e-07	8.504298e-09	8.504298e-09
8.153281e+01	8.642655e+01	5.843363e-07	8.118132e-09	8.118132e-09
8.642655e+01	9.161403e+01	5.683785e-07	7.776526e-09	7.776526e-09
9.161403e+01	9.711287e+01	5.414146e-07	7.371817e-09	7.371817e-09
9.711287e+01	1.029418e+02	5.370782e-07	7.131312e-09	7.131312e-09
1.029418e+02	1.091205e+02	5.081040e-07	6.737098e-09	6.737098e-09
1.091205e+02	1.156701e+02	4.843865e-07	6.389013e-09	6.389013e-09
1.156701e+02	1.226128e+02	4.452740e-07	5.949692e-09	5.949692e-09
1.226128e+02	1.299723e+02	4.376804e-07	5.729273e-09	5.729273e-09
1.299723e+02	1.377734e+02	4.092961e-07	5.381284e-09	5.381284e-09
1.377734e+02	1.460429e+02	3.941221e-07	5.128860e-09	5.128860e-09
1.460429e+02	1.548086e+02	3.594078e-07	4.757135e-09	4.757135e-09
1.548086e+02	1.641005e+02	3.419057e-07	4.506569e-09	4.506569e-09
1.641005e+02	1.739501e+02	2.995154e-07	4.096806e-09	4.096806e-09
1.739501e+02	1.843909e+02	2.829257e-07	3.867358e-09	3.867358e-09
1.843909e+02	1.954584e+02	2.442639e-07	3.490198e-09	3.490198e-09
1.954584e+02	2.071901e+02	2.237071e-07	3.244176e-09	3.244176e-09
2.071901e+02	2.196260e+02	1.995442e-07	2.975952e-09	2.975952e-09
2.196260e+02	2.328084e+02	1.754323e-07	2.710208e-09	2.710208e-09
2.328084e+02	2.467820e+02	1.626948e-07	2.534999e-09	2.534999e-09
2.467820e+02	2.615942e+02	1.374981e-07	2.263517e-09	2.263517e-09
2.615942e+02	2.772956e+02	1.180409e-07	2.037005e-09	2.037005e-09
2.772956e+02	2.939394e+02	1.053881e-07	1.869453e-09	1.869453e-09
2.939394e+02	3.115821e+02	9.006722e-08	1.678595e-09	1.678595e-09
3.115821e+02	3.302839e+02	7.761798e-08	1.513508e-09	1.513508e-09
3.302839e+02	3.501081e+02	6.353457e-08	1.330002e-09	1.330002e-09
3.501081e+02	3.711222e+02	5.208374e-08	1.169609e-09	1.169609e-09
3.711222e+02	3.933976e+02	4.313834e-08	1.033865e-09	1.033865e-09
3.933976e+02	4.170100e+02	3.714274e-08	9.317769e-10	9.317769e-10
4.170100e+02	4.420397e+02	3.131287e-08	8.309572e-10	8.309572e-10
4.420397e+02	4.685717e+02	2.365269e-08	7.014559e-10	7.014559e-10
4.685717e+02	4.966962e+02	1.917343e-08	6.134125e-10	6.134125e-10
4.966962e+02	5.265088e+02	1.569951e-08	5.391235e-10	5.391235e-10
5.265088e+02	5.581108e+02	1.213837e-08	4.604347e-10	4.604347e-10
5.581108e+02	5.916096e+02	9.375040e-09	3.930221e-10	3.930221e-10
5.916096e+02	6.271191e+02	6.916805e-09	3.278880e-10	3.278880e-10
6.271191e+02	6.647599e+02	5.396089e-09	2.812906e-10	2.812906e-10
6.647599e+02	7.046600e+02	4.080732e-09	2.375895e-10	2.375895e-10
7.046600e+02	7.469549e+02	3.001442e-09	1.979092e-10	1.979092e-10
7.469549e+02	7.917885e+02	2.179013e-09	1.637846e-10	1.637846e-10
7.917885e+02	8.393131e+02	1.742059e-09	1.422385e-10	1.422385e-10
8.393131e+02	8.896901e+02	1.117527e-09	1.106516e-10	1.106516e-10
8.896901e+02	9.430909e+02	6.718244e-10	8.332956e-11	8.332956e-11
9.430909e+02	9.996969e+02	4.875259e-10	6.894658e-11	6.894658e-11
9.996969e+02	1.059700e+03	3.127485e-10	5.363594e-11	5.363594e-11
1.059700e+03	1.123306e+03	2.082588e-10	4.251064e-11	4.251064e-11
1.123306e+03	1.190728e+03	1.964716e-10	4.010459e-11	4.010459e-11
1.190728e+03	1.262198e+03	1.081171e-10	2.889551e-11	2.889551e-11
1.262198e+03	1.337957e+03	8.742530e-11	2.523751e-11	2.523751e-11
1.337957e+03	1.418264e+03	4.123709e-11	1.683497e-11	1.683497e-11
1.418264e+03	1.503391e+03	2.593479e-11	1.296740e-11	1.296740e-11
1.503391e+03	1.593627e+03	2.446641e-11	1.223320e-11	1.223320e-11
1.593627e+03	1.689279e+03	5.770269e-12	5.770269e-12	5.770269e-12
1.689279e+03	1.790673e+03	0.000000e+00	0.000000e+00	0.000000e+00
1.790673e+03	1.898152e+03	5.135308e-12	5.135308e-12	5.135308e-12
1.898152e+03	2.012083e+03	0.000000e+00	0.000000e+00	0.000000e+00
2.012083e+03	2.132851e+03	0.000000e+00	0.000000e+00	0.000000e+00
2.132851e+03	2.260869e+03	0.000000e+00	0.000000e+00	0.000000e+00
2.260869e+03	2.396570e+03	0.000000e+00	0.000000e+00	0.000000e+00
2.396570e+03	2.540417e+03	0.000000e+00	0.000000e+00	0.000000e+00
2.540417e+03	2.692897e+03	0.000000e+00	0.000000e+00	0.000000e+00
2.692897e+03	2.854530e+03	0.000000e+00	0.000000e+00	0.000000e+00
2.854530e+03	3.025864e+03	0.000000e+00	0.000000e+00	0.000000e+00
3.025864e+03	3.207481e+03	0.000000e+00	0.000000e+00	0.000000e+00
3.207481e+03	3.400000e+03	0.000000e+00	0.000000e+00	0.000000e+00
# END HISTO1D

