# BEGIN PLOT
Legend=1
LogY=1
Title=Invariant mass of oppositely charged leptons
XLabel=$m_{e^+,\mu^-}$ [GeV]
YLabel=$\mathrm{d}\sigma/\mathrm{d}m$ [pb/GeV]
RemoveOptions=1
DrawOnly=//ospool/cms-user/youpeng/genvalid/genValidation/masterVBS_merged.yoda.gz/MC_ZZINC:ENERGY=13600/ZeZm_m //ospool/cms-user/youpeng/genvalid/genValidation/mg352VBS_merged.yoda.gz/MC_ZZINC:ENERGY=13600/ZeZm_m //ospool/cms-user/youpeng/genvalid/genValidation/mg35xVBS_merged.yoda.gz/MC_ZZINC:ENERGY=13600/ZeZm_m
LegendOnly=//ospool/cms-user/youpeng/genvalid/genValidation/masterVBS_merged.yoda.gz/MC_ZZINC:ENERGY=13600/ZeZm_m //ospool/cms-user/youpeng/genvalid/genValidation/mg352VBS_merged.yoda.gz/MC_ZZINC:ENERGY=13600/ZeZm_m //ospool/cms-user/youpeng/genvalid/genValidation/mg35xVBS_merged.yoda.gz/MC_ZZINC:ENERGY=13600/ZeZm_m
RatioPlot=1
RatioPlotReference=//ospool/cms-user/youpeng/genvalid/genValidation/masterVBS_merged.yoda.gz/MC_ZZINC:ENERGY=13600/ZeZm_m
RatioPlotYLabel=Ratio
# END PLOT

# BEGIN HISTO1D //ospool/cms-user/youpeng/genvalid/genValidation/masterVBS_merged.yoda.gz/MC_ZZINC:ENERGY=13600/ZeZm_m
ErrorBars=1
LineColor=red
LineStyle=solid
Path=//ospool/cms-user/youpeng/genvalid/genValidation/masterVBS_merged.yoda.gz/MC_ZZINC:ENERGY=13600/ZeZm_m
ScaledBy=1.07182617187499956e-09
Title=VBSZZ@LO(v2918)
# xlow	 xhigh	 val	 errminus	 errplus
0.000000e+00	3.000000e+00	1.214736e-08	2.083256e-09	2.083256e-09
3.000000e+00	6.000000e+00	3.822847e-08	3.695685e-09	3.695685e-09
6.000000e+00	9.000000e+00	6.609593e-08	4.859471e-09	4.859471e-09
9.000000e+00	1.200000e+01	8.038697e-08	5.359131e-09	5.359131e-09
1.200000e+01	1.500000e+01	1.107554e-07	6.290482e-09	6.290482e-09
1.500000e+01	1.800000e+01	1.311201e-07	6.844412e-09	6.844412e-09
1.800000e+01	2.100000e+01	1.439820e-07	7.172254e-09	7.172254e-09
2.100000e+01	2.400000e+01	1.714922e-07	7.827511e-09	7.827511e-09
2.400000e+01	2.700000e+01	1.986451e-07	8.424429e-09	8.424429e-09
2.700000e+01	3.000000e+01	2.140080e-07	8.744128e-09	8.744128e-09
3.000000e+01	3.300000e+01	2.565237e-07	9.573380e-09	9.573380e-09
3.300000e+01	3.600000e+01	2.704575e-07	9.829944e-09	9.829944e-09
3.600000e+01	3.900000e+01	2.954667e-07	1.027439e-08	1.027439e-08
3.900000e+01	4.200000e+01	3.001113e-07	1.035482e-08	1.035482e-08
4.200000e+01	4.500000e+01	3.494153e-07	1.117307e-08	1.117307e-08
4.500000e+01	4.800000e+01	3.554890e-07	1.126976e-08	1.126976e-08
4.800000e+01	5.100000e+01	3.783547e-07	1.162655e-08	1.162655e-08
5.100000e+01	5.400000e+01	4.044357e-07	1.202060e-08	1.202060e-08
5.400000e+01	5.700000e+01	4.512387e-07	1.269711e-08	1.269711e-08
5.700000e+01	6.000000e+01	4.612427e-07	1.283708e-08	1.283708e-08
6.000000e+01	6.300000e+01	5.166203e-07	1.358586e-08	1.358586e-08
6.300000e+01	6.600000e+01	5.162630e-07	1.358116e-08	1.358116e-08
6.600000e+01	6.900000e+01	5.416293e-07	1.391082e-08	1.391082e-08
6.900000e+01	7.200000e+01	5.805727e-07	1.440223e-08	1.440223e-08
7.200000e+01	7.500000e+01	5.884327e-07	1.449939e-08	1.449939e-08
7.500000e+01	7.800000e+01	6.041527e-07	1.469180e-08	1.469180e-08
7.800000e+01	8.100000e+01	6.102263e-07	1.476546e-08	1.476546e-08
8.100000e+01	8.400000e+01	6.352357e-07	1.506500e-08	1.506500e-08
8.400000e+01	8.700000e+01	6.498840e-07	1.523770e-08	1.523770e-08
8.700000e+01	9.000000e+01	6.484550e-07	1.522094e-08	1.522094e-08
9.000000e+01	9.300000e+01	6.791807e-07	1.557737e-08	1.557737e-08
9.300000e+01	9.600000e+01	6.102263e-07	1.476546e-08	1.476546e-08
9.600000e+01	9.900000e+01	6.491693e-07	1.522932e-08	1.522932e-08
9.900000e+01	1.020000e+02	6.370220e-07	1.508616e-08	1.508616e-08
1.020000e+02	1.050000e+02	6.227310e-07	1.491598e-08	1.491598e-08
1.050000e+02	1.080000e+02	6.213020e-07	1.489886e-08	1.489886e-08
1.080000e+02	1.110000e+02	5.955780e-07	1.458717e-08	1.458717e-08
1.110000e+02	1.140000e+02	6.062963e-07	1.471784e-08	1.471784e-08
1.140000e+02	1.170000e+02	6.095117e-07	1.475681e-08	1.475681e-08
1.170000e+02	1.200000e+02	5.848597e-07	1.445531e-08	1.445531e-08
1.200000e+02	1.230000e+02	5.737843e-07	1.431779e-08	1.431779e-08
1.230000e+02	1.260000e+02	5.616370e-07	1.416542e-08	1.416542e-08
1.260000e+02	1.290000e+02	5.637807e-07	1.419242e-08	1.419242e-08
1.290000e+02	1.320000e+02	5.366277e-07	1.384644e-08	1.384644e-08
1.320000e+02	1.350000e+02	5.155483e-07	1.357176e-08	1.357176e-08
1.350000e+02	1.380000e+02	5.098320e-07	1.349631e-08	1.349631e-08
1.380000e+02	1.410000e+02	4.983993e-07	1.334413e-08	1.334413e-08
1.410000e+02	1.440000e+02	4.601707e-07	1.282216e-08	1.282216e-08
1.440000e+02	1.470000e+02	4.780343e-07	1.306866e-08	1.306866e-08
1.470000e+02	1.500000e+02	4.487380e-07	1.266187e-08	1.266187e-08
1.500000e+02	1.530000e+02	4.376623e-07	1.250464e-08	1.250464e-08
1.530000e+02	1.560000e+02	4.280160e-07	1.236606e-08	1.236606e-08
1.560000e+02	1.590000e+02	4.094377e-07	1.209471e-08	1.209471e-08
1.590000e+02	1.620000e+02	4.172977e-07	1.221025e-08	1.221025e-08
1.620000e+02	1.650000e+02	3.862147e-07	1.174670e-08	1.174670e-08
1.650000e+02	1.680000e+02	3.804983e-07	1.165945e-08	1.165945e-08
1.680000e+02	1.710000e+02	3.862147e-07	1.174670e-08	1.174670e-08
1.710000e+02	1.740000e+02	3.533453e-07	1.123573e-08	1.123573e-08
1.740000e+02	1.770000e+02	3.454853e-07	1.111006e-08	1.111006e-08
1.770000e+02	1.800000e+02	3.401263e-07	1.102355e-08	1.102355e-08
1.800000e+02	1.830000e+02	3.261924e-07	1.079540e-08	1.079540e-08
1.830000e+02	1.860000e+02	3.204760e-07	1.070038e-08	1.070038e-08
1.860000e+02	1.890000e+02	3.036841e-07	1.041628e-08	1.041628e-08
1.890000e+02	1.920000e+02	3.051132e-07	1.044076e-08	1.044076e-08
1.920000e+02	1.950000e+02	3.001113e-07	1.035482e-08	1.035482e-08
1.950000e+02	1.980000e+02	2.922513e-07	1.021833e-08	1.021833e-08
1.980000e+02	2.010000e+02	2.904649e-07	1.018705e-08	1.018705e-08
2.010000e+02	2.040000e+02	2.668847e-07	9.764801e-09	9.764801e-09
2.040000e+02	2.070000e+02	2.726011e-07	9.868824e-09	9.868824e-09
2.070000e+02	2.100000e+02	2.675993e-07	9.777864e-09	9.777864e-09
2.100000e+02	2.130000e+02	2.640265e-07	9.712372e-09	9.712372e-09
2.130000e+02	2.160000e+02	2.386600e-07	9.234031e-09	9.234031e-09
2.160000e+02	2.190000e+02	2.375881e-07	9.213272e-09	9.213272e-09
2.190000e+02	2.220000e+02	2.247262e-07	8.960421e-09	8.960421e-09
2.220000e+02	2.250000e+02	2.154371e-07	8.773275e-09	8.773275e-09
2.250000e+02	2.280000e+02	2.104352e-07	8.670832e-09	8.670832e-09
2.280000e+02	2.310000e+02	2.154371e-07	8.773275e-09	8.773275e-09
2.310000e+02	2.340000e+02	2.100779e-07	8.663468e-09	8.663468e-09
2.340000e+02	2.370000e+02	2.022179e-07	8.499851e-09	8.499851e-09
2.370000e+02	2.400000e+02	1.897132e-07	8.232853e-09	8.232853e-09
2.400000e+02	2.430000e+02	1.950724e-07	8.348327e-09	8.348327e-09
2.430000e+02	2.460000e+02	1.836396e-07	8.099993e-09	8.099993e-09
2.460000e+02	2.490000e+02	1.693485e-07	7.778436e-09	7.778436e-09
2.490000e+02	2.520000e+02	1.843541e-07	8.115737e-09	8.115737e-09
2.520000e+02	2.550000e+02	1.768513e-07	7.948876e-09	7.948876e-09
2.550000e+02	2.580000e+02	1.732786e-07	7.868174e-09	7.868174e-09
2.580000e+02	2.610000e+02	1.686340e-07	7.762009e-09	7.762009e-09
2.610000e+02	2.640000e+02	1.593448e-07	7.545196e-09	7.545196e-09
2.640000e+02	2.670000e+02	1.650612e-07	7.679343e-09	7.679343e-09
2.670000e+02	2.700000e+02	1.429102e-07	7.145508e-09	7.145508e-09
2.700000e+02	2.730000e+02	1.461256e-07	7.225447e-09	7.225447e-09
2.730000e+02	2.760000e+02	1.382656e-07	7.028434e-09	7.028434e-09
2.760000e+02	2.790000e+02	1.350501e-07	6.946228e-09	6.946228e-09
2.790000e+02	2.820000e+02	1.279046e-07	6.759968e-09	6.759968e-09
2.820000e+02	2.850000e+02	1.354074e-07	6.955410e-09	6.955410e-09
2.850000e+02	2.880000e+02	1.200445e-07	6.548966e-09	6.548966e-09
2.880000e+02	2.910000e+02	1.229027e-07	6.626471e-09	6.626471e-09
2.910000e+02	2.940000e+02	1.311201e-07	6.844412e-09	6.844412e-09
2.940000e+02	2.970000e+02	1.050390e-07	6.125997e-09	6.125997e-09
2.970000e+02	3.000000e+02	1.114699e-07	6.310741e-09	6.310741e-09
# END HISTO1D


# BEGIN HISTO1D //ospool/cms-user/youpeng/genvalid/genValidation/mg352VBS_merged.yoda.gz/MC_ZZINC:ENERGY=13600/ZeZm_m
ErrorBars=1
LineColor=blue
LineStyle=solid
Path=//ospool/cms-user/youpeng/genvalid/genValidation/mg352VBS_merged.yoda.gz/MC_ZZINC:ENERGY=13600/ZeZm_m
ScaledBy=1.07425781250000051e-09
Title=VBSZZ@LO(v352)
# xlow	 xhigh	 val	 errminus	 errplus
0.000000e+00	3.000000e+00	9.310233e-09	1.825887e-09	1.825887e-09
3.000000e+00	6.000000e+00	3.222773e-08	3.397102e-09	3.397102e-09
6.000000e+00	9.000000e+00	6.266503e-08	4.737031e-09	4.737031e-09
9.000000e+00	1.200000e+01	8.235977e-08	5.430642e-09	5.430642e-09
1.200000e+01	1.500000e+01	1.009802e-07	6.013285e-09	6.013285e-09
1.500000e+01	1.800000e+01	1.296271e-07	6.813050e-09	6.813050e-09
1.800000e+01	2.100000e+01	1.536189e-07	7.416789e-09	7.416789e-09
2.100000e+01	2.400000e+01	1.794011e-07	8.015048e-09	8.015048e-09
2.400000e+01	2.700000e+01	2.062575e-07	8.594063e-09	8.594063e-09
2.700000e+01	3.000000e+01	2.259522e-07	8.995016e-09	8.995016e-09
3.000000e+01	3.300000e+01	2.477955e-07	9.419771e-09	9.419771e-09
3.300000e+01	3.600000e+01	2.524506e-07	9.507839e-09	9.507839e-09
3.600000e+01	3.900000e+01	2.757262e-07	9.936482e-09	9.936482e-09
3.900000e+01	4.200000e+01	2.939886e-07	1.026027e-08	1.026027e-08
4.200000e+01	4.500000e+01	3.423300e-07	1.107175e-08	1.107175e-08
4.500000e+01	4.800000e+01	3.355267e-07	1.096117e-08	1.096117e-08
4.800000e+01	5.100000e+01	3.845843e-07	1.173517e-08	1.173517e-08
5.100000e+01	5.400000e+01	4.082180e-07	1.209037e-08	1.209037e-08
5.400000e+01	5.700000e+01	4.408037e-07	1.256366e-08	1.256366e-08
5.700000e+01	6.000000e+01	4.766123e-07	1.306400e-08	1.306400e-08
6.000000e+01	6.300000e+01	5.091983e-07	1.350321e-08	1.350321e-08
6.300000e+01	6.600000e+01	5.428583e-07	1.394238e-08	1.394238e-08
6.600000e+01	6.900000e+01	5.582560e-07	1.413873e-08	1.413873e-08
6.900000e+01	7.200000e+01	5.937063e-07	1.458074e-08	1.458074e-08
7.200000e+01	7.500000e+01	6.033747e-07	1.469898e-08	1.469898e-08
7.500000e+01	7.800000e+01	6.137593e-07	1.482493e-08	1.482493e-08
7.800000e+01	8.100000e+01	6.273667e-07	1.498837e-08	1.498837e-08
8.100000e+01	8.400000e+01	6.191307e-07	1.488966e-08	1.488966e-08
8.400000e+01	8.700000e+01	6.320217e-07	1.504387e-08	1.504387e-08
8.700000e+01	9.000000e+01	6.517163e-07	1.527647e-08	1.527647e-08
9.000000e+01	9.300000e+01	6.560133e-07	1.532675e-08	1.532675e-08
9.300000e+01	9.600000e+01	6.552973e-07	1.531838e-08	1.531838e-08
9.600000e+01	9.900000e+01	6.653237e-07	1.543512e-08	1.543512e-08
9.900000e+01	1.020000e+02	6.266503e-07	1.497981e-08	1.497981e-08
1.020000e+02	1.050000e+02	5.962130e-07	1.461149e-08	1.461149e-08
1.050000e+02	1.080000e+02	5.965713e-07	1.461587e-08	1.461587e-08
1.080000e+02	1.110000e+02	6.162660e-07	1.485517e-08	1.485517e-08
1.110000e+02	1.140000e+02	6.044490e-07	1.471206e-08	1.471206e-08
1.140000e+02	1.170000e+02	5.915580e-07	1.455433e-08	1.455433e-08
1.170000e+02	1.200000e+02	5.944227e-07	1.458953e-08	1.458953e-08
1.200000e+02	1.230000e+02	5.707890e-07	1.429656e-08	1.429656e-08
1.230000e+02	1.260000e+02	5.489457e-07	1.402033e-08	1.402033e-08
1.260000e+02	1.290000e+02	5.317577e-07	1.379909e-08	1.379909e-08
1.290000e+02	1.320000e+02	5.518103e-07	1.405687e-08	1.405687e-08
1.320000e+02	1.350000e+02	5.285350e-07	1.375721e-08	1.375721e-08
1.350000e+02	1.380000e+02	5.142113e-07	1.356952e-08	1.356952e-08
1.380000e+02	1.410000e+02	5.020363e-07	1.340792e-08	1.340792e-08
1.410000e+02	1.440000e+02	4.690927e-07	1.296053e-08	1.296053e-08
1.440000e+02	1.470000e+02	4.640793e-07	1.289110e-08	1.289110e-08
1.470000e+02	1.500000e+02	4.590663e-07	1.282128e-08	1.282128e-08
1.500000e+02	1.530000e+02	4.476073e-07	1.266025e-08	1.266025e-08
1.530000e+02	1.560000e+02	4.504720e-07	1.270070e-08	1.270070e-08
1.560000e+02	1.590000e+02	3.881650e-07	1.178968e-08	1.178968e-08
1.590000e+02	1.620000e+02	4.135893e-07	1.216965e-08	1.216965e-08
1.620000e+02	1.650000e+02	4.064277e-07	1.206383e-08	1.206383e-08
1.650000e+02	1.680000e+02	3.895977e-07	1.181141e-08	1.181141e-08
1.680000e+02	1.710000e+02	3.813617e-07	1.168590e-08	1.168590e-08
1.710000e+02	1.740000e+02	3.484177e-07	1.116976e-08	1.116976e-08
1.740000e+02	1.770000e+02	3.530727e-07	1.124412e-08	1.124412e-08
1.770000e+02	1.800000e+02	3.491337e-07	1.118123e-08	1.118123e-08
1.800000e+02	1.830000e+02	3.315876e-07	1.089665e-08	1.089665e-08
1.830000e+02	1.860000e+02	3.219193e-07	1.073661e-08	1.073661e-08
1.860000e+02	1.890000e+02	3.115348e-07	1.056202e-08	1.056202e-08
1.890000e+02	1.920000e+02	3.287229e-07	1.084947e-08	1.084947e-08
1.920000e+02	1.950000e+02	2.932724e-07	1.024777e-08	1.024777e-08
1.950000e+02	1.980000e+02	2.864688e-07	1.012820e-08	1.012820e-08
1.980000e+02	2.010000e+02	2.760843e-07	9.942932e-09	9.942932e-09
2.010000e+02	2.040000e+02	2.853945e-07	1.010919e-08	1.010919e-08
2.040000e+02	2.070000e+02	2.760843e-07	9.942932e-09	9.942932e-09
2.070000e+02	2.100000e+02	2.653417e-07	9.747570e-09	9.747570e-09
2.100000e+02	2.130000e+02	2.413499e-07	9.296452e-09	9.296452e-09
2.130000e+02	2.160000e+02	2.273846e-07	9.023482e-09	9.023482e-09
2.160000e+02	2.190000e+02	2.341882e-07	9.157483e-09	9.157483e-09
2.190000e+02	2.220000e+02	2.281007e-07	9.037680e-09	9.037680e-09
2.220000e+02	2.250000e+02	2.195067e-07	8.865791e-09	8.865791e-09
2.250000e+02	2.280000e+02	2.148516e-07	8.771278e-09	8.771278e-09
2.280000e+02	2.310000e+02	2.030347e-07	8.526657e-09	8.526657e-09
2.310000e+02	2.340000e+02	2.177163e-07	8.829560e-09	8.829560e-09
2.340000e+02	2.370000e+02	2.008862e-07	8.481422e-09	8.481422e-09
2.370000e+02	2.400000e+02	1.876370e-07	8.196961e-09	8.196961e-09
2.400000e+02	2.430000e+02	1.854885e-07	8.149898e-09	8.149898e-09
2.430000e+02	2.460000e+02	1.783268e-07	7.991015e-09	7.991015e-09
2.460000e+02	2.490000e+02	1.693746e-07	7.787855e-09	7.787855e-09
2.490000e+02	2.520000e+02	1.887113e-07	8.220393e-09	8.220393e-09
2.520000e+02	2.550000e+02	1.725974e-07	7.861597e-09	7.861597e-09
2.550000e+02	2.580000e+02	1.482476e-07	7.285971e-09	7.285971e-09
2.580000e+02	2.610000e+02	1.640034e-07	7.663374e-09	7.663374e-09
2.610000e+02	2.640000e+02	1.564836e-07	7.485623e-09	7.485623e-09
2.640000e+02	2.670000e+02	1.486057e-07	7.294765e-09	7.294765e-09
2.670000e+02	2.700000e+02	1.486057e-07	7.294765e-09	7.294765e-09
2.700000e+02	2.730000e+02	1.500380e-07	7.329836e-09	7.329836e-09
2.730000e+02	2.760000e+02	1.482476e-07	7.285971e-09	7.285971e-09
2.760000e+02	2.790000e+02	1.468152e-07	7.250687e-09	7.250687e-09
2.790000e+02	2.820000e+02	1.385793e-07	7.044380e-09	7.044380e-09
2.820000e+02	2.850000e+02	1.414439e-07	7.116817e-09	7.116817e-09
2.850000e+02	2.880000e+02	1.314175e-07	6.859940e-09	6.859940e-09
2.880000e+02	2.910000e+02	1.246139e-07	6.680007e-09	6.680007e-09
2.910000e+02	2.940000e+02	1.199588e-07	6.554049e-09	6.554049e-09
2.940000e+02	2.970000e+02	1.196007e-07	6.544260e-09	6.544260e-09
2.970000e+02	3.000000e+02	1.145875e-07	6.405636e-09	6.405636e-09
# END HISTO1D


# BEGIN HISTO1D //ospool/cms-user/youpeng/genvalid/genValidation/mg35xVBS_merged.yoda.gz/MC_ZZINC:ENERGY=13600/ZeZm_m
ErrorBars=1
LineColor=green
LineStyle=solid
Path=//ospool/cms-user/youpeng/genvalid/genValidation/mg35xVBS_merged.yoda.gz/MC_ZZINC:ENERGY=13600/ZeZm_m
ScaledBy=5.51937791219804204e-10
Title=VBSZZ@LO(v35x)
# xlow	 xhigh	 val	 errminus	 errplus
0.000000e+00	3.000000e+00	6.623253e-09	1.103875e-09	1.103875e-09
3.000000e+00	6.000000e+00	1.545426e-08	1.686198e-09	1.686198e-09
6.000000e+00	9.000000e+00	2.851679e-08	2.290523e-09	2.290523e-09
9.000000e+00	1.200000e+01	3.789973e-08	2.640599e-09	2.640599e-09
1.200000e+01	1.500000e+01	5.169817e-08	3.084055e-09	3.084055e-09
1.500000e+01	1.800000e+01	6.365683e-08	3.422212e-09	3.422212e-09
1.800000e+01	2.100000e+01	7.322373e-08	3.670375e-09	3.670375e-09
2.100000e+01	2.400000e+01	8.978187e-08	4.064234e-09	4.064234e-09
2.400000e+01	2.700000e+01	9.456533e-08	4.171099e-09	4.171099e-09
2.700000e+01	3.000000e+01	1.138832e-07	4.577351e-09	4.577351e-09
3.000000e+01	3.300000e+01	1.190346e-07	4.679733e-09	4.679733e-09
3.300000e+01	3.600000e+01	1.297054e-07	4.884987e-09	4.884987e-09
3.600000e+01	3.900000e+01	1.451596e-07	5.167820e-09	5.167820e-09
3.900000e+01	4.200000e+01	1.503111e-07	5.258719e-09	5.258719e-09
4.200000e+01	4.500000e+01	1.659493e-07	5.525508e-09	5.525508e-09
4.500000e+01	4.800000e+01	1.826914e-07	5.797537e-09	5.797537e-09
4.800000e+01	5.100000e+01	1.902346e-07	5.916013e-09	5.916013e-09
5.100000e+01	5.400000e+01	2.084485e-07	6.192754e-09	6.192754e-09
5.400000e+01	5.700000e+01	2.226149e-07	6.399728e-09	6.399728e-09
5.700000e+01	6.000000e+01	2.334697e-07	6.553898e-09	6.553898e-09
6.000000e+01	6.300000e+01	2.542593e-07	6.839477e-09	6.839477e-09
6.300000e+01	6.600000e+01	2.625384e-07	6.949937e-09	6.949937e-09
6.600000e+01	6.900000e+01	2.739451e-07	7.099311e-09	7.099311e-09
6.900000e+01	7.200000e+01	2.963906e-07	7.384424e-09	7.384424e-09
7.200000e+01	7.500000e+01	3.050376e-07	7.491368e-09	7.491368e-09
7.500000e+01	7.800000e+01	3.153405e-07	7.616830e-09	7.616830e-09
7.800000e+01	8.100000e+01	3.226996e-07	7.705196e-09	7.705196e-09
8.100000e+01	8.400000e+01	3.326345e-07	7.822906e-09	7.822906e-09
8.400000e+01	8.700000e+01	3.138686e-07	7.599034e-09	7.599034e-09
8.700000e+01	9.000000e+01	3.306107e-07	7.799072e-09	7.799072e-09
9.000000e+01	9.300000e+01	3.344743e-07	7.844510e-09	7.844510e-09
9.300000e+01	9.600000e+01	3.307947e-07	7.801241e-09	7.801241e-09
9.600000e+01	9.900000e+01	3.109250e-07	7.563316e-09	7.563316e-09
9.900000e+01	1.020000e+02	3.153405e-07	7.616830e-09	7.616830e-09
1.020000e+02	1.050000e+02	3.096371e-07	7.547636e-09	7.547636e-09
1.050000e+02	1.080000e+02	3.234355e-07	7.713976e-09	7.713976e-09
1.080000e+02	1.110000e+02	3.072454e-07	7.518429e-09	7.518429e-09
1.110000e+02	1.140000e+02	3.044857e-07	7.484588e-09	7.484588e-09
1.140000e+02	1.170000e+02	2.965746e-07	7.386716e-09	7.386716e-09
1.170000e+02	1.200000e+02	2.938149e-07	7.352268e-09	7.352268e-09
1.200000e+02	1.230000e+02	2.908712e-07	7.315345e-09	7.315345e-09
1.230000e+02	1.260000e+02	2.730252e-07	7.087382e-09	7.087382e-09
1.260000e+02	1.290000e+02	2.746810e-07	7.108840e-09	7.108840e-09
1.290000e+02	1.320000e+02	2.719214e-07	7.073040e-09	7.073040e-09
1.320000e+02	1.350000e+02	2.704495e-07	7.053871e-09	7.053871e-09
1.350000e+02	1.380000e+02	2.526035e-07	6.817170e-09	6.817170e-09
1.380000e+02	1.410000e+02	2.470842e-07	6.742281e-09	6.742281e-09
1.410000e+02	1.440000e+02	2.496599e-07	6.777332e-09	6.777332e-09
1.440000e+02	1.470000e+02	2.423007e-07	6.676698e-09	6.676698e-09
1.470000e+02	1.500000e+02	2.353095e-07	6.579671e-09	6.579671e-09
1.500000e+02	1.530000e+02	2.216950e-07	6.386493e-09	6.386493e-09
1.530000e+02	1.560000e+02	2.218790e-07	6.389142e-09	6.389142e-09
1.560000e+02	1.590000e+02	2.141519e-07	6.276902e-09	6.276902e-09
1.590000e+02	1.620000e+02	2.058728e-07	6.154374e-09	6.154374e-09
1.620000e+02	1.650000e+02	2.031131e-07	6.112986e-09	6.112986e-09
1.650000e+02	1.680000e+02	1.975937e-07	6.029357e-09	6.029357e-09
1.680000e+02	1.710000e+02	1.848992e-07	5.832462e-09	5.832462e-09
1.710000e+02	1.740000e+02	1.725725e-07	5.634693e-09	5.634693e-09
1.740000e+02	1.770000e+02	1.797477e-07	5.750640e-09	5.750640e-09
1.770000e+02	1.800000e+02	1.747803e-07	5.670622e-09	5.670622e-09
1.800000e+02	1.830000e+02	1.814036e-07	5.777066e-09	5.777066e-09
1.830000e+02	1.860000e+02	1.674211e-07	5.549956e-09	5.549956e-09
1.860000e+02	1.890000e+02	1.508630e-07	5.268365e-09	5.268365e-09
1.890000e+02	1.920000e+02	1.499431e-07	5.252278e-09	5.252278e-09
1.920000e+02	1.950000e+02	1.519669e-07	5.287604e-09	5.287604e-09
1.950000e+02	1.980000e+02	1.484713e-07	5.226436e-09	5.226436e-09
1.980000e+02	2.010000e+02	1.444237e-07	5.154703e-09	5.154703e-09
2.010000e+02	2.040000e+02	1.300733e-07	4.891912e-09	4.891912e-09
2.040000e+02	2.070000e+02	1.424000e-07	5.118460e-09	5.118460e-09
2.070000e+02	2.100000e+02	1.313612e-07	4.916069e-09	4.916069e-09
2.100000e+02	2.130000e+02	1.267617e-07	4.829236e-09	4.829236e-09
2.130000e+02	2.160000e+02	1.245540e-07	4.786997e-09	4.786997e-09
2.160000e+02	2.190000e+02	1.175627e-07	4.650711e-09	4.650711e-09
2.190000e+02	2.220000e+02	1.241860e-07	4.779921e-09	4.779921e-09
2.220000e+02	2.250000e+02	1.140671e-07	4.581047e-09	4.581047e-09
2.250000e+02	2.280000e+02	9.769300e-08	4.239515e-09	4.239515e-09
2.280000e+02	2.310000e+02	1.118594e-07	4.536498e-09	4.536498e-09
2.310000e+02	2.340000e+02	1.035803e-07	4.365390e-09	4.365390e-09
2.340000e+02	2.370000e+02	9.934880e-08	4.275292e-09	4.275292e-09
2.370000e+02	2.400000e+02	1.045002e-07	4.384732e-09	4.384732e-09
2.400000e+02	2.430000e+02	9.235760e-08	4.122121e-09	4.122121e-09
2.430000e+02	2.460000e+02	8.941393e-08	4.055898e-09	4.055898e-09
2.460000e+02	2.490000e+02	9.106973e-08	4.093280e-09	4.093280e-09
2.490000e+02	2.520000e+02	8.591830e-08	3.975826e-09	3.975826e-09
2.520000e+02	2.550000e+02	8.904597e-08	4.047544e-09	4.047544e-09
2.550000e+02	2.580000e+02	8.610230e-08	3.980080e-09	3.980080e-09
2.580000e+02	2.610000e+02	7.874313e-08	3.806192e-09	3.806192e-09
2.610000e+02	2.640000e+02	8.886200e-08	4.043361e-09	4.043361e-09
2.640000e+02	2.670000e+02	8.113487e-08	3.863565e-09	3.863565e-09
2.670000e+02	2.700000e+02	8.113487e-08	3.863565e-09	3.863565e-09
2.700000e+02	2.730000e+02	7.929507e-08	3.819508e-09	3.819508e-09
2.730000e+02	2.760000e+02	7.432763e-08	3.697938e-09	3.697938e-09
2.760000e+02	2.790000e+02	7.248783e-08	3.651884e-09	3.651884e-09
2.790000e+02	2.820000e+02	6.016123e-08	3.326923e-09	3.326923e-09
2.820000e+02	2.850000e+02	6.586457e-08	3.481050e-09	3.481050e-09
2.850000e+02	2.880000e+02	6.292090e-08	3.402373e-09	3.402373e-09
2.880000e+02	2.910000e+02	5.924133e-08	3.301390e-09	3.301390e-09
2.910000e+02	2.940000e+02	5.979327e-08	3.316733e-09	3.316733e-09
2.940000e+02	2.970000e+02	6.034520e-08	3.332006e-09	3.332006e-09
2.970000e+02	3.000000e+02	5.905733e-08	3.296259e-09	3.296259e-09
# END HISTO1D

