# BEGIN PLOT
Legend=1
LogY=1
Title=Pseudorapidity difference between oppositely charged leptons
XLabel=$\Delta\eta_{e^+,\mu^-}$
YLabel=$\mathrm{d}\sigma/\mathrm{d}\Delta\eta$ [pb]
RemoveOptions=1
DrawOnly=//ospool/cms-user/youpeng/genvalid/genValidation/masterVBS_merged.yoda.gz/MC_ZZINC:ENERGY=13600/ZeZm_deta //ospool/cms-user/youpeng/genvalid/genValidation/mg352VBS_merged.yoda.gz/MC_ZZINC:ENERGY=13600/ZeZm_deta //ospool/cms-user/youpeng/genvalid/genValidation/mg35xVBS_merged.yoda.gz/MC_ZZINC:ENERGY=13600/ZeZm_deta
LegendOnly=//ospool/cms-user/youpeng/genvalid/genValidation/masterVBS_merged.yoda.gz/MC_ZZINC:ENERGY=13600/ZeZm_deta //ospool/cms-user/youpeng/genvalid/genValidation/mg352VBS_merged.yoda.gz/MC_ZZINC:ENERGY=13600/ZeZm_deta //ospool/cms-user/youpeng/genvalid/genValidation/mg35xVBS_merged.yoda.gz/MC_ZZINC:ENERGY=13600/ZeZm_deta
RatioPlot=1
RatioPlotReference=//ospool/cms-user/youpeng/genvalid/genValidation/masterVBS_merged.yoda.gz/MC_ZZINC:ENERGY=13600/ZeZm_deta
RatioPlotYLabel=Ratio
# END PLOT

# BEGIN HISTO1D //ospool/cms-user/youpeng/genvalid/genValidation/masterVBS_merged.yoda.gz/MC_ZZINC:ENERGY=13600/ZeZm_deta
ErrorBars=1
LineColor=red
LineStyle=solid
Path=//ospool/cms-user/youpeng/genvalid/genValidation/masterVBS_merged.yoda.gz/MC_ZZINC:ENERGY=13600/ZeZm_deta
ScaledBy=1.07182617187499956e-09
Title=VBSZZ@LO(v2918)
# xlow	 xhigh	 val	 errminus	 errplus
-5.000000e+00	-4.600000e+00	4.019347e-07	3.281784e-08	3.281784e-08
-4.600000e+00	-4.200000e+00	7.904718e-07	4.602304e-08	4.602304e-08
-4.200000e+00	-3.800000e+00	1.511275e-06	6.363615e-08	6.363615e-08
-3.800000e+00	-3.400000e+00	2.607218e-06	8.358353e-08	8.358353e-08
-3.400000e+00	-3.000000e+00	4.118493e-06	1.050513e-07	1.050513e-07
-3.000000e+00	-2.600000e+00	6.543500e-06	1.324150e-07	1.324150e-07
-2.600000e+00	-2.200000e+00	9.892955e-06	1.628153e-07	1.628153e-07
-2.200000e+00	-1.800000e+00	1.387479e-05	1.928170e-07	1.928170e-07
-1.800000e+00	-1.400000e+00	1.769585e-05	2.177549e-07	2.177549e-07
-1.400000e+00	-1.000000e+00	2.217608e-05	2.437668e-07	2.437668e-07
-1.000000e+00	-6.000000e-01	2.546390e-05	2.612129e-07	2.612129e-07
-6.000000e-01	-2.000000e-01	2.793448e-05	2.735914e-07	2.735914e-07
-2.000000e-01	2.000000e-01	2.971638e-05	2.821826e-07	2.821826e-07
2.000000e-01	6.000000e-01	2.816490e-05	2.747176e-07	2.747176e-07
6.000000e-01	1.000000e+00	2.612040e-05	2.645587e-07	2.645587e-07
1.000000e+00	1.400000e+00	2.214393e-05	2.435900e-07	2.435900e-07
1.400000e+00	1.800000e+00	1.744933e-05	2.162328e-07	2.162328e-07
1.800000e+00	2.200000e+00	1.350233e-05	1.902114e-07	1.902114e-07
2.200000e+00	2.600000e+00	9.638398e-06	1.607069e-07	1.607069e-07
2.600000e+00	3.000000e+00	6.653360e-06	1.335220e-07	1.335220e-07
3.000000e+00	3.400000e+00	4.257830e-06	1.068135e-07	1.068135e-07
3.400000e+00	3.800000e+00	2.658130e-06	8.439568e-08	8.439568e-08
3.800000e+00	4.200000e+00	1.495197e-06	6.329676e-08	6.329676e-08
4.200000e+00	4.600000e+00	7.663558e-07	4.531556e-08	4.531556e-08
4.600000e+00	5.000000e+00	3.161887e-07	2.910753e-08	2.910753e-08
# END HISTO1D


# BEGIN HISTO1D //ospool/cms-user/youpeng/genvalid/genValidation/mg352VBS_merged.yoda.gz/MC_ZZINC:ENERGY=13600/ZeZm_deta
ErrorBars=1
LineColor=blue
LineStyle=solid
Path=//ospool/cms-user/youpeng/genvalid/genValidation/mg352VBS_merged.yoda.gz/MC_ZZINC:ENERGY=13600/ZeZm_deta
ScaledBy=1.07425781250000051e-09
Title=VBSZZ@LO(v352)
# xlow	 xhigh	 val	 errminus	 errplus
-5.000000e+00	-4.600000e+00	3.598762e-07	3.108858e-08	3.108858e-08
-4.600000e+00	-4.200000e+00	7.922653e-07	4.612746e-08	4.612746e-08
-4.200000e+00	-3.800000e+00	1.549617e-06	6.451139e-08	6.451139e-08
-3.800000e+00	-3.400000e+00	2.591648e-06	8.342808e-08	8.342808e-08
-3.400000e+00	-3.000000e+00	4.348058e-06	1.080617e-07	1.080617e-07
-3.000000e+00	-2.600000e+00	6.456290e-06	1.316788e-07	1.316788e-07
-2.600000e+00	-2.200000e+00	9.829460e-06	1.624759e-07	1.624759e-07
-2.200000e+00	-1.800000e+00	1.340136e-05	1.897137e-07	1.897137e-07
-1.800000e+00	-1.400000e+00	1.784611e-05	2.189253e-07	2.189253e-07
-1.400000e+00	-1.000000e+00	2.228279e-05	2.446296e-07	2.446296e-07
-1.000000e+00	-6.000000e-01	2.543842e-05	2.613782e-07	2.613782e-07
-6.000000e-01	-2.000000e-01	2.871760e-05	2.777143e-07	2.777143e-07
-2.000000e-01	2.000000e-01	2.921982e-05	2.801321e-07	2.801321e-07
2.000000e-01	6.000000e-01	2.824493e-05	2.754193e-07	2.754193e-07
6.000000e-01	1.000000e+00	2.528802e-05	2.606045e-07	2.606045e-07
1.000000e+00	1.400000e+00	2.154961e-05	2.405714e-07	2.405714e-07
1.400000e+00	1.800000e+00	1.774942e-05	2.183315e-07	2.183315e-07
1.800000e+00	2.200000e+00	1.363770e-05	1.913793e-07	1.913793e-07
2.200000e+00	2.600000e+00	9.759633e-06	1.618978e-07	1.618978e-07
2.600000e+00	3.000000e+00	6.915535e-06	1.362816e-07	1.362816e-07
3.000000e+00	3.400000e+00	4.466228e-06	1.095203e-07	1.095203e-07
3.400000e+00	3.800000e+00	2.685645e-06	8.492754e-08	8.492754e-08
3.800000e+00	4.200000e+00	1.434134e-06	6.206105e-08	6.206105e-08
4.200000e+00	4.600000e+00	8.164360e-07	4.682581e-08	4.682581e-08
4.600000e+00	5.000000e+00	3.759902e-07	3.177698e-08	3.177698e-08
# END HISTO1D


# BEGIN HISTO1D //ospool/cms-user/youpeng/genvalid/genValidation/mg35xVBS_merged.yoda.gz/MC_ZZINC:ENERGY=13600/ZeZm_deta
ErrorBars=1
LineColor=green
LineStyle=solid
Path=//ospool/cms-user/youpeng/genvalid/genValidation/mg35xVBS_merged.yoda.gz/MC_ZZINC:ENERGY=13600/ZeZm_deta
ScaledBy=5.51937791219804204e-10
Title=VBSZZ@LO(v35x)
# xlow	 xhigh	 val	 errminus	 errplus
-5.000000e+00	-4.600000e+00	1.738604e-07	1.548872e-08	1.548872e-08
-4.600000e+00	-4.200000e+00	3.835968e-07	2.300661e-08	2.300661e-08
-4.200000e+00	-3.800000e+00	7.906510e-07	3.302991e-08	3.302991e-08
-3.800000e+00	-3.400000e+00	1.269457e-06	4.185276e-08	4.185276e-08
-3.400000e+00	-3.000000e+00	2.173255e-06	5.476088e-08	5.476088e-08
-3.000000e+00	-2.600000e+00	3.433053e-06	6.882644e-08	6.882644e-08
-2.600000e+00	-2.200000e+00	5.064030e-06	8.359172e-08	8.359172e-08
-2.200000e+00	-1.800000e+00	6.994432e-06	9.824065e-08	9.824065e-08
-1.800000e+00	-1.400000e+00	8.919315e-06	1.109381e-07	1.109381e-07
-1.400000e+00	-1.000000e+00	1.111741e-05	1.238559e-07	1.238559e-07
-1.000000e+00	-6.000000e-01	1.301193e-05	1.339942e-07	1.339942e-07
-6.000000e-01	-2.000000e-01	1.405372e-05	1.392550e-07	1.392550e-07
-2.000000e-01	2.000000e-01	1.456288e-05	1.417551e-07	1.417551e-07
2.000000e-01	6.000000e-01	1.432003e-05	1.405682e-07	1.405682e-07
6.000000e-01	1.000000e+00	1.306851e-05	1.342852e-07	1.342852e-07
1.000000e+00	1.400000e+00	1.111603e-05	1.238482e-07	1.238482e-07
1.400000e+00	1.800000e+00	8.948292e-06	1.111182e-07	1.111182e-07
1.800000e+00	2.200000e+00	6.791595e-06	9.680570e-08	9.680570e-08
2.200000e+00	2.600000e+00	5.011595e-06	8.315783e-08	8.315783e-08
2.600000e+00	3.000000e+00	3.412355e-06	6.861866e-08	6.861866e-08
3.000000e+00	3.400000e+00	2.280883e-06	5.610048e-08	5.610048e-08
3.400000e+00	3.800000e+00	1.298434e-06	4.232772e-08	4.232772e-08
3.800000e+00	4.200000e+00	7.658137e-07	3.250698e-08	3.250698e-08
4.200000e+00	4.600000e+00	4.015348e-07	2.353838e-08	2.353838e-08
4.600000e+00	5.000000e+00	1.959379e-07	1.644275e-08	1.644275e-08
# END HISTO1D

