# BEGIN PLOT
Legend=1
LogY=1
Title=Lepton $\eta$
XLabel=$\eta_{\mathrm{l}}$
YLabel=$\mathrm{d}\sigma/\mathrm{d}\eta_{\mathrm{l}}$ [pb]
RemoveOptions=1
DrawOnly=//eos/home-y/youpeng/valid/genValidation/masterVBS_merged.yoda.gz/MC_ZZINC:ENERGY=13600/Zl_eta //eos/home-y/youpeng/valid/genValidation/mg352VBS_merged.yoda.gz/MC_ZZINC:ENERGY=13600/Zl_eta //eos/home-y/youpeng/valid/genValidation/mg35xVBS_merged.yoda.gz/MC_ZZINC:ENERGY=13600/Zl_eta
LegendOnly=//eos/home-y/youpeng/valid/genValidation/masterVBS_merged.yoda.gz/MC_ZZINC:ENERGY=13600/Zl_eta //eos/home-y/youpeng/valid/genValidation/mg352VBS_merged.yoda.gz/MC_ZZINC:ENERGY=13600/Zl_eta //eos/home-y/youpeng/valid/genValidation/mg35xVBS_merged.yoda.gz/MC_ZZINC:ENERGY=13600/Zl_eta
RatioPlot=1
RatioPlotReference=//eos/home-y/youpeng/valid/genValidation/masterVBS_merged.yoda.gz/MC_ZZINC:ENERGY=13600/Zl_eta
RatioPlotYLabel=Ratio
# END PLOT

# BEGIN HISTO1D //eos/home-y/youpeng/valid/genValidation/masterVBS_merged.yoda.gz/MC_ZZINC:ENERGY=13600/Zl_eta
ErrorBars=1
LineColor=red
LineStyle=solid
Path=//eos/home-y/youpeng/valid/genValidation/masterVBS_merged.yoda.gz/MC_ZZINC:ENERGY=13600/Zl_eta
ScaledBy=1.07182617187499956e-09
Title=VBSZZ@LO(v2918)
# xlow	 xhigh	 val	 errminus	 errplus
-3.500000e+00	-3.325000e+00	0.000000e+00	0.000000e+00	0.000000e+00
-3.325000e+00	-3.150000e+00	1.837417e-08	1.060833e-08	1.060833e-08
-3.150000e+00	-2.975000e+00	2.137527e-06	1.144192e-07	1.144192e-07
-2.975000e+00	-2.800000e+00	1.541592e-05	3.072755e-07	3.072755e-07
-2.800000e+00	-2.625000e+00	2.087917e-05	3.576019e-07	3.576019e-07
-2.625000e+00	-2.450000e+00	2.711414e-05	4.075126e-07	4.075126e-07
-2.450000e+00	-2.275000e+00	3.475779e-05	4.613911e-07	4.613911e-07
-2.275000e+00	-2.100000e+00	4.333853e-05	5.152052e-07	5.152052e-07
-2.100000e+00	-1.925000e+00	5.371381e-05	5.735697e-07	5.735697e-07
-1.925000e+00	-1.750000e+00	6.406457e-05	6.264007e-07	6.264007e-07
-1.750000e+00	-1.575000e+00	7.317206e-05	6.694463e-07	6.694463e-07
-1.575000e+00	-1.400000e+00	8.540309e-05	7.232360e-07	7.232360e-07
-1.400000e+00	-1.225000e+00	9.366537e-05	7.574128e-07	7.574128e-07
-1.225000e+00	-1.050000e+00	1.032077e-04	7.950586e-07	7.950586e-07
-1.050000e+00	-8.750000e-01	1.115250e-04	8.264744e-07	8.264744e-07
-8.750000e-01	-7.000000e-01	1.183113e-04	8.512481e-07	8.512481e-07
-7.000000e-01	-5.250000e-01	1.210796e-04	8.611497e-07	8.611497e-07
-5.250000e-01	-3.500000e-01	1.269471e-04	8.817684e-07	8.817684e-07
-3.500000e-01	-1.750000e-01	1.290846e-04	8.891610e-07	8.891610e-07
-1.750000e-01	0.000000e+00	1.308241e-04	8.951317e-07	8.951317e-07
0.000000e+00	1.750000e-01	1.321593e-04	8.996879e-07	8.996879e-07
1.750000e-01	3.500000e-01	1.309343e-04	8.955088e-07	8.955088e-07
3.500000e-01	5.250000e-01	1.259610e-04	8.783370e-07	8.783370e-07
5.250000e-01	7.000000e-01	1.231314e-04	8.684154e-07	8.684154e-07
7.000000e-01	8.750000e-01	1.174048e-04	8.479807e-07	8.479807e-07
8.750000e-01	1.050000e+00	1.101837e-04	8.214893e-07	8.214893e-07
1.050000e+00	1.225000e+00	1.009477e-04	7.863054e-07	7.863054e-07
1.225000e+00	1.400000e+00	9.375726e-05	7.577841e-07	7.577841e-07
1.400000e+00	1.575000e+00	8.317371e-05	7.137337e-07	7.137337e-07
1.575000e+00	1.750000e+00	7.463583e-05	6.761094e-07	6.761094e-07
1.750000e+00	1.925000e+00	6.441983e-05	6.281349e-07	6.281349e-07
1.925000e+00	2.100000e+00	5.352394e-05	5.725549e-07	5.725549e-07
2.100000e+00	2.275000e+00	4.326503e-05	5.147681e-07	5.147681e-07
2.275000e+00	2.450000e+00	3.514977e-05	4.639855e-07	4.639855e-07
2.450000e+00	2.625000e+00	2.749387e-05	4.103563e-07	4.103563e-07
2.625000e+00	2.800000e+00	2.073830e-05	3.563935e-07	3.563935e-07
2.800000e+00	2.975000e+00	1.526281e-05	3.057457e-07	3.057457e-07
2.975000e+00	3.150000e+00	1.898663e-06	1.078368e-07	1.078368e-07
3.150000e+00	3.325000e+00	1.224944e-08	8.661664e-09	8.661664e-09
3.325000e+00	3.500000e+00	6.124720e-09	6.124720e-09	6.124720e-09
# END HISTO1D


# BEGIN HISTO1D //eos/home-y/youpeng/valid/genValidation/mg352VBS_merged.yoda.gz/MC_ZZINC:ENERGY=13600/Zl_eta
ErrorBars=1
LineColor=blue
LineStyle=solid
Path=//eos/home-y/youpeng/valid/genValidation/mg352VBS_merged.yoda.gz/MC_ZZINC:ENERGY=13600/Zl_eta
ScaledBy=1.07425781250000051e-09
Title=VBSZZ@LO(v352)
# xlow	 xhigh	 val	 errminus	 errplus
-3.500000e+00	-3.325000e+00	6.138617e-09	6.138616e-09	6.138616e-09
-3.325000e+00	-3.150000e+00	6.138617e-09	6.138616e-09	6.138616e-09
-3.150000e+00	-2.975000e+00	1.835446e-06	1.061466e-07	1.061466e-07
-2.975000e+00	-2.800000e+00	1.514397e-05	3.048984e-07	3.048984e-07
-2.800000e+00	-2.625000e+00	2.053981e-05	3.550859e-07	3.550859e-07
-2.625000e+00	-2.450000e+00	2.713882e-05	4.081603e-07	4.081603e-07
-2.450000e+00	-2.275000e+00	3.478754e-05	4.621118e-07	4.621118e-07
-2.275000e+00	-2.100000e+00	4.414893e-05	5.205894e-07	5.205894e-07
-2.100000e+00	-1.925000e+00	5.336299e-05	5.723416e-07	5.723416e-07
-1.925000e+00	-1.750000e+00	6.326457e-05	6.231829e-07	6.231829e-07
-1.750000e+00	-1.575000e+00	7.339331e-05	6.712177e-07	6.712177e-07
-1.575000e+00	-1.400000e+00	8.419726e-05	7.189260e-07	7.189260e-07
-1.400000e+00	-1.225000e+00	9.357709e-05	7.579140e-07	7.579140e-07
-1.225000e+00	-1.050000e+00	1.031165e-04	7.956081e-07	7.956081e-07
-1.050000e+00	-8.750000e-01	1.094147e-04	8.195455e-07	8.195455e-07
-8.750000e-01	-7.000000e-01	1.182359e-04	8.519417e-07	8.519417e-07
-7.000000e-01	-5.250000e-01	1.230977e-04	8.692809e-07	8.692809e-07
-5.250000e-01	-3.500000e-01	1.260933e-04	8.797946e-07	8.797946e-07
-3.500000e-01	-1.750000e-01	1.296476e-04	8.921080e-07	8.921080e-07
-1.750000e-01	0.000000e+00	1.330177e-04	9.036284e-07	9.036284e-07
0.000000e+00	1.750000e-01	1.307832e-04	8.960067e-07	8.960067e-07
1.750000e-01	3.500000e-01	1.301079e-04	8.936905e-07	8.936905e-07
3.500000e-01	5.250000e-01	1.269466e-04	8.827663e-07	8.827663e-07
5.250000e-01	7.000000e-01	1.223058e-04	8.664804e-07	8.664804e-07
7.000000e-01	8.750000e-01	1.159278e-04	8.435852e-07	8.435852e-07
8.750000e-01	1.050000e+00	1.107283e-04	8.244506e-07	8.244506e-07
1.050000e+00	1.225000e+00	1.023737e-04	7.927376e-07	7.927376e-07
1.225000e+00	1.400000e+00	9.343589e-05	7.573421e-07	7.573421e-07
1.400000e+00	1.575000e+00	8.427091e-05	7.192404e-07	7.192404e-07
1.575000e+00	1.750000e+00	7.346080e-05	6.715266e-07	6.715266e-07
1.750000e+00	1.925000e+00	6.376794e-05	6.256571e-07	6.256571e-07
1.925000e+00	2.100000e+00	5.399527e-05	5.757224e-07	5.757224e-07
2.100000e+00	2.275000e+00	4.420418e-05	5.209150e-07	5.209150e-07
2.275000e+00	2.450000e+00	3.554873e-05	4.671402e-07	4.671402e-07
2.450000e+00	2.625000e+00	2.758694e-05	4.115163e-07	4.115163e-07
2.625000e+00	2.800000e+00	2.079763e-05	3.573075e-07	3.573075e-07
2.800000e+00	2.975000e+00	1.521763e-05	3.056390e-07	3.056390e-07
2.975000e+00	3.150000e+00	1.847723e-06	1.065010e-07	1.065010e-07
3.150000e+00	3.325000e+00	1.841585e-08	1.063240e-08	1.063240e-08
3.325000e+00	3.500000e+00	0.000000e+00	0.000000e+00	0.000000e+00
# END HISTO1D


# BEGIN HISTO1D //eos/home-y/youpeng/valid/genValidation/mg35xVBS_merged.yoda.gz/MC_ZZINC:ENERGY=13600/Zl_eta
ErrorBars=1
LineColor=green
LineStyle=solid
Path=//eos/home-y/youpeng/valid/genValidation/mg35xVBS_merged.yoda.gz/MC_ZZINC:ENERGY=13600/Zl_eta
ScaledBy=5.51937791219804204e-10
Title=VBSZZ@LO(v35x)
# xlow	 xhigh	 val	 errminus	 errplus
-3.500000e+00	-3.325000e+00	3.153930e-09	3.153930e-09	3.153930e-09
-3.325000e+00	-3.150000e+00	9.461789e-09	5.462767e-09	5.462767e-09
-3.150000e+00	-2.975000e+00	9.020240e-07	5.333780e-08	5.333780e-08
-2.975000e+00	-2.800000e+00	7.600971e-06	1.548320e-07	1.548320e-07
-2.800000e+00	-2.625000e+00	1.031335e-05	1.803541e-07	1.803541e-07
-2.625000e+00	-2.450000e+00	1.382683e-05	2.088273e-07	2.088273e-07
-2.450000e+00	-2.275000e+00	1.759893e-05	2.355967e-07	2.355967e-07
-2.275000e+00	-2.100000e+00	2.204597e-05	2.636882e-07	2.636882e-07
-2.100000e+00	-1.925000e+00	2.660971e-05	2.896984e-07	2.896984e-07
-1.925000e+00	-1.750000e+00	3.187677e-05	3.170759e-07	3.170759e-07
-1.750000e+00	-1.575000e+00	3.679690e-05	3.406683e-07	3.406683e-07
-1.575000e+00	-1.400000e+00	4.258752e-05	3.664943e-07	3.664943e-07
-1.400000e+00	-1.225000e+00	4.676333e-05	3.840420e-07	3.840420e-07
-1.225000e+00	-1.050000e+00	5.227639e-05	4.060494e-07	4.060494e-07
-1.050000e+00	-8.750000e-01	5.507078e-05	4.167606e-07	4.167606e-07
-8.750000e-01	-7.000000e-01	6.035046e-05	4.362810e-07	4.362810e-07
-7.000000e-01	-5.250000e-01	6.272537e-05	4.447824e-07	4.447824e-07
-5.250000e-01	-3.500000e-01	6.466817e-05	4.516182e-07	4.516182e-07
-3.500000e-01	-1.750000e-01	6.548823e-05	4.544725e-07	4.544725e-07
-1.750000e-01	0.000000e+00	6.629246e-05	4.572546e-07	4.572546e-07
0.000000e+00	1.750000e-01	6.627983e-05	4.572111e-07	4.572111e-07
1.750000e-01	3.500000e-01	6.583200e-05	4.556638e-07	4.556638e-07
3.500000e-01	5.250000e-01	6.371571e-05	4.482799e-07	4.482799e-07
5.250000e-01	7.000000e-01	6.222703e-05	4.430121e-07	4.430121e-07
7.000000e-01	8.750000e-01	5.983954e-05	4.344303e-07	4.344303e-07
8.750000e-01	1.050000e+00	5.521901e-05	4.173211e-07	4.173211e-07
1.050000e+00	1.225000e+00	5.175599e-05	4.040233e-07	4.040233e-07
1.225000e+00	1.400000e+00	4.731211e-05	3.862889e-07	3.862889e-07
1.400000e+00	1.575000e+00	4.279568e-05	3.673889e-07	3.673889e-07
1.575000e+00	1.750000e+00	3.687260e-05	3.410185e-07	3.410185e-07
1.750000e+00	1.925000e+00	3.205970e-05	3.179844e-07	3.179844e-07
1.925000e+00	2.100000e+00	2.756850e-05	2.948714e-07	2.948714e-07
2.100000e+00	2.275000e+00	2.240237e-05	2.658110e-07	2.658110e-07
2.275000e+00	2.450000e+00	1.806887e-05	2.387215e-07	2.387215e-07
2.450000e+00	2.625000e+00	1.391199e-05	2.094694e-07	2.094694e-07
2.625000e+00	2.800000e+00	1.022504e-05	1.795803e-07	1.795803e-07
2.800000e+00	2.975000e+00	7.922674e-06	1.580745e-07	1.580745e-07
2.975000e+00	3.150000e+00	9.461789e-07	5.462767e-08	5.462767e-08
3.150000e+00	3.325000e+00	0.000000e+00	0.000000e+00	0.000000e+00
3.325000e+00	3.500000e+00	6.307863e-09	4.460331e-09	4.460331e-09
# END HISTO1D

