# BEGIN PLOT
Legend=1
LogY=1
Title=Lepton $p_\perp$
XLabel=$p_\perp^{\mathrm{l}}$ [GeV]
YLabel=$\mathrm{d}\sigma/\mathrm{d}p_\perp^{\mathrm{l}}$ [pb/GeV]
LogX=1
RemoveOptions=1
DrawOnly=//eos/home-y/youpeng/valid/genValidation/masterVBS_merged.yoda.gz/MC_ZZINC:ENERGY=13600/Zl_pT //eos/home-y/youpeng/valid/genValidation/mg352VBS_merged.yoda.gz/MC_ZZINC:ENERGY=13600/Zl_pT //eos/home-y/youpeng/valid/genValidation/mg35xVBS_merged.yoda.gz/MC_ZZINC:ENERGY=13600/Zl_pT
LegendOnly=//eos/home-y/youpeng/valid/genValidation/masterVBS_merged.yoda.gz/MC_ZZINC:ENERGY=13600/Zl_pT //eos/home-y/youpeng/valid/genValidation/mg352VBS_merged.yoda.gz/MC_ZZINC:ENERGY=13600/Zl_pT //eos/home-y/youpeng/valid/genValidation/mg35xVBS_merged.yoda.gz/MC_ZZINC:ENERGY=13600/Zl_pT
RatioPlot=1
RatioPlotReference=//eos/home-y/youpeng/valid/genValidation/masterVBS_merged.yoda.gz/MC_ZZINC:ENERGY=13600/Zl_pT
RatioPlotYLabel=Ratio
# END PLOT

# BEGIN HISTO1D //eos/home-y/youpeng/valid/genValidation/masterVBS_merged.yoda.gz/MC_ZZINC:ENERGY=13600/Zl_pT
ErrorBars=1
LineColor=red
LineStyle=solid
Path=//eos/home-y/youpeng/valid/genValidation/masterVBS_merged.yoda.gz/MC_ZZINC:ENERGY=13600/Zl_pT
ScaledBy=1.07182617187499956e-09
Title=VBSZZ@LO(v2918)
# xlow	 xhigh	 val	 errminus	 errplus
3.000000e+01	3.116631e+01	7.375807e-06	8.233035e-08	8.233035e-08
3.116631e+01	3.237797e+01	7.511081e-06	8.151227e-08	8.151227e-08
3.237797e+01	3.363673e+01	7.425025e-06	7.951326e-08	7.951326e-08
3.363673e+01	3.494443e+01	7.347956e-06	7.760529e-08	7.760529e-08
3.494443e+01	3.630297e+01	7.367255e-06	7.623929e-08	7.623929e-08
3.630297e+01	3.771432e+01	7.246516e-06	7.418385e-08	7.418385e-08
3.771432e+01	3.918055e+01	7.180695e-06	7.245098e-08	7.245098e-08
3.918055e+01	4.070377e+01	7.026024e-06	7.031302e-08	7.031302e-08
4.070377e+01	4.228622e+01	6.991981e-06	6.881725e-08	6.881725e-08
4.228622e+01	4.393018e+01	6.826863e-06	6.671556e-08	6.671556e-08
4.393018e+01	4.563806e+01	6.623445e-06	6.447264e-08	6.447264e-08
4.563806e+01	4.741234e+01	6.454708e-06	6.244382e-08	6.244382e-08
4.741234e+01	4.925559e+01	6.344609e-06	6.073966e-08	6.073966e-08
4.925559e+01	5.117051e+01	6.137933e-06	5.861354e-08	5.861354e-08
5.117051e+01	5.315987e+01	5.886164e-06	5.631468e-08	5.631468e-08
5.315987e+01	5.522657e+01	5.712571e-06	5.443011e-08	5.443011e-08
5.522657e+01	5.737362e+01	5.470329e-06	5.225740e-08	5.225740e-08
5.737362e+01	5.960414e+01	5.219007e-06	5.007871e-08	5.007871e-08
5.960414e+01	6.192138e+01	4.985301e-06	4.802003e-08	4.802003e-08
6.192138e+01	6.432870e+01	4.798311e-06	4.622101e-08	4.622101e-08
6.432870e+01	6.682962e+01	4.403583e-06	4.344257e-08	4.344257e-08
6.682962e+01	6.942776e+01	4.263146e-06	4.193688e-08	4.193688e-08
6.942776e+01	7.212691e+01	3.917370e-06	3.944081e-08	3.944081e-08
7.212691e+01	7.493099e+01	3.659931e-06	3.740274e-08	3.740274e-08
7.493099e+01	7.784409e+01	3.304040e-06	3.486641e-08	3.486641e-08
7.784409e+01	8.087045e+01	3.103535e-06	3.315355e-08	3.315355e-08
8.087045e+01	8.401446e+01	2.796489e-06	3.087641e-08	3.087641e-08
8.401446e+01	8.728070e+01	2.641303e-06	2.944064e-08	2.944064e-08
8.728070e+01	9.067392e+01	2.386104e-06	2.745370e-08	2.745370e-08
9.067392e+01	9.419906e+01	2.235695e-06	2.607236e-08	2.607236e-08
9.419906e+01	9.786124e+01	2.012722e-06	2.427081e-08	2.427081e-08
9.786124e+01	1.016658e+02	1.846121e-06	2.280552e-08	2.280552e-08
1.016658e+02	1.056183e+02	1.675872e-06	2.131801e-08	2.131801e-08
1.056183e+02	1.097244e+02	1.539571e-06	2.004690e-08	2.004690e-08
1.097244e+02	1.139902e+02	1.447259e-06	1.906932e-08	1.906932e-08
1.139902e+02	1.184218e+02	1.323699e-06	1.789273e-08	1.789273e-08
1.184218e+02	1.230257e+02	1.192444e-06	1.666166e-08	1.666166e-08
1.230257e+02	1.278086e+02	1.099636e-06	1.569788e-08	1.569788e-08
1.278086e+02	1.327774e+02	1.017294e-06	1.481357e-08	1.481357e-08
1.327774e+02	1.379394e+02	9.352005e-07	1.393495e-08	1.393495e-08
1.379394e+02	1.433021e+02	8.412397e-07	1.296673e-08	1.296673e-08
1.433021e+02	1.488732e+02	7.741791e-07	1.220429e-08	1.220429e-08
1.488732e+02	1.546610e+02	7.240817e-07	1.157975e-08	1.157975e-08
1.546610e+02	1.606738e+02	6.572351e-07	1.082391e-08	1.082391e-08
1.606738e+02	1.669203e+02	6.137712e-07	1.026236e-08	1.026236e-08
1.669203e+02	1.734097e+02	5.326593e-07	9.379608e-09	9.379608e-09
1.734097e+02	1.801514e+02	4.861747e-07	8.791716e-09	8.791716e-09
1.801514e+02	1.871551e+02	4.363088e-07	8.171380e-09	8.171380e-09
1.871551e+02	1.944312e+02	3.906602e-07	7.585994e-09	7.585994e-09
1.944312e+02	2.019901e+02	3.693801e-07	7.237185e-09	7.237185e-09
2.019901e+02	2.098429e+02	3.215696e-07	6.625025e-09	6.625025e-09
2.098429e+02	2.180010e+02	2.894342e-07	6.166554e-09	6.166554e-09
2.180010e+02	2.264762e+02	2.610262e-07	5.745519e-09	5.745519e-09
2.264762e+02	2.352810e+02	2.413946e-07	5.420836e-09	5.420836e-09
2.352810e+02	2.444280e+02	1.955699e-07	4.787115e-09	4.787115e-09
2.444280e+02	2.539307e+02	1.972728e-07	4.717069e-09	4.717069e-09
2.539307e+02	2.638027e+02	1.713272e-07	4.312933e-09	4.312933e-09
2.638027e+02	2.740586e+02	1.468341e-07	3.917317e-09	3.917317e-09
2.740586e+02	2.847132e+02	1.308774e-07	3.628490e-09	3.628490e-09
2.847132e+02	2.957821e+02	1.177480e-07	3.376655e-09	3.376655e-09
2.957821e+02	3.072812e+02	1.036491e-07	3.108228e-09	3.108228e-09
3.072812e+02	3.192274e+02	9.384825e-08	2.901753e-09	2.901753e-09
3.192274e+02	3.316381e+02	7.634495e-08	2.567758e-09	2.567758e-09
3.316381e+02	3.445312e+02	7.157645e-08	2.439319e-09	2.439319e-09
3.445312e+02	3.579256e+02	6.073554e-08	2.204560e-09	2.204560e-09
3.579256e+02	3.718407e+02	5.268587e-08	2.014495e-09	2.014495e-09
3.718407e+02	3.862968e+02	4.307739e-08	1.787151e-09	1.787151e-09
3.862968e+02	4.013149e+02	3.754007e-08	1.636825e-09	1.636825e-09
4.013149e+02	4.169168e+02	3.654757e-08	1.584538e-09	1.584538e-09
4.169168e+02	4.331254e+02	3.048455e-08	1.419807e-09	1.419807e-09
4.331254e+02	4.499640e+02	2.374254e-08	1.229342e-09	1.229342e-09
4.499640e+02	4.674573e+02	2.040313e-08	1.118085e-09	1.118085e-09
4.674573e+02	4.856307e+02	1.834208e-08	1.040084e-09	1.040084e-09
4.856307e+02	5.045106e+02	1.657706e-08	9.700991e-10	9.700991e-10
5.045106e+02	5.241245e+02	1.322439e-08	8.500961e-10	8.500961e-10
5.241245e+02	5.445010e+02	9.731200e-09	7.154522e-10	7.154522e-10
5.445010e+02	5.656696e+02	8.202517e-09	6.444507e-10	6.444507e-10
5.656696e+02	5.876612e+02	8.431669e-09	6.410481e-10	6.410481e-10
5.876612e+02	6.105078e+02	6.286480e-09	5.430692e-10	5.430692e-10
6.105078e+02	6.342426e+02	5.283537e-09	4.884630e-10	4.884630e-10
6.342426e+02	6.589001e+02	4.433795e-09	4.390111e-10	4.390111e-10
6.589001e+02	6.845162e+02	3.263668e-09	3.695376e-10	3.695376e-10
6.845162e+02	7.111282e+02	2.416563e-09	3.119769e-10	3.119769e-10
7.111282e+02	7.387748e+02	1.667060e-09	2.542242e-10	2.542242e-10
7.387748e+02	7.674962e+02	1.641993e-09	2.475398e-10	2.475398e-10
7.674962e+02	7.973343e+02	1.149485e-09	2.032021e-10	2.032021e-10
7.973343e+02	8.283323e+02	9.681634e-10	1.829657e-10	1.829657e-10
8.283323e+02	8.605355e+02	9.319301e-10	1.761182e-10	1.761182e-10
8.605355e+02	8.939906e+02	6.727928e-10	1.468154e-10	1.468154e-10
8.939906e+02	9.287464e+02	4.009040e-10	1.111908e-10	1.111908e-10
9.287464e+02	9.648534e+02	3.265320e-10	9.845306e-11	9.845306e-11
9.648534e+02	1.002364e+03	3.428873e-10	9.898310e-11	9.898310e-11
1.002364e+03	1.041333e+03	2.475413e-10	8.251375e-11	8.251375e-11
1.041333e+03	1.081817e+03	1.059012e-10	5.295060e-11	5.295060e-11
1.081817e+03	1.123875e+03	1.783913e-10	6.742559e-11	6.742559e-11
1.123875e+03	1.167568e+03	1.471851e-10	6.008805e-11	6.008805e-11
1.167568e+03	1.212960e+03	1.180633e-10	5.279953e-11	5.279953e-11
1.212960e+03	1.260116e+03	9.091749e-11	4.545874e-11	4.545874e-11
1.260116e+03	1.309106e+03	2.187846e-11	2.187847e-11	2.187847e-11
1.309106e+03	1.360000e+03	4.211994e-11	2.978330e-11	2.978330e-11
# END HISTO1D


# BEGIN HISTO1D //eos/home-y/youpeng/valid/genValidation/mg352VBS_merged.yoda.gz/MC_ZZINC:ENERGY=13600/Zl_pT
ErrorBars=1
LineColor=blue
LineStyle=solid
Path=//eos/home-y/youpeng/valid/genValidation/mg352VBS_merged.yoda.gz/MC_ZZINC:ENERGY=13600/Zl_pT
ScaledBy=1.07425781250000051e-09
Title=VBSZZ@LO(v352)
# xlow	 xhigh	 val	 errminus	 errplus
3.000000e+01	3.116631e+01	7.414645e-06	8.264041e-08	8.264041e-08
3.116631e+01	3.237797e+01	7.485564e-06	8.146595e-08	8.146595e-08
3.237797e+01	3.363673e+01	7.477714e-06	7.988536e-08	7.988536e-08
3.363673e+01	3.494443e+01	7.418844e-06	7.806714e-08	7.806714e-08
3.494443e+01	3.630297e+01	7.374483e-06	7.636313e-08	7.636313e-08
3.630297e+01	3.771432e+01	7.311666e-06	7.460107e-08	7.460107e-08
3.771432e+01	3.918055e+01	7.112724e-06	7.218904e-08	7.218904e-08
3.918055e+01	4.070377e+01	7.196419e-06	7.124118e-08	7.124118e-08
4.070377e+01	4.228622e+01	6.987481e-06	6.887308e-08	6.887308e-08
4.228622e+01	4.393018e+01	6.819479e-06	6.675509e-08	6.675509e-08
4.393018e+01	4.563806e+01	6.705149e-06	6.494262e-08	6.494262e-08
4.563806e+01	4.741234e+01	6.571071e-06	6.307559e-08	6.307559e-08
4.741234e+01	4.925559e+01	6.381728e-06	6.098617e-08	6.098617e-08
4.925559e+01	5.117051e+01	6.169245e-06	5.882949e-08	5.882949e-08
5.117051e+01	5.315987e+01	5.834178e-06	5.612902e-08	5.612902e-08
5.315987e+01	5.522657e+01	5.679789e-06	5.433523e-08	5.433523e-08
5.522657e+01	5.737362e+01	5.542279e-06	5.265959e-08	5.265959e-08
5.737362e+01	5.960414e+01	5.297796e-06	5.051249e-08	5.051249e-08
5.960414e+01	6.192138e+01	4.927539e-06	4.779513e-08	4.779513e-08
6.192138e+01	6.432870e+01	4.754308e-06	4.606075e-08	4.606075e-08
6.432870e+01	6.682962e+01	4.492611e-06	4.392925e-08	4.392925e-08
6.682962e+01	6.942776e+01	4.220308e-06	4.177293e-08	4.177293e-08
6.942776e+01	7.212691e+01	3.896008e-06	3.937773e-08	3.937773e-08
7.212691e+01	7.493099e+01	3.683939e-06	3.756776e-08	3.756776e-08
7.493099e+01	7.784409e+01	3.380127e-06	3.530556e-08	3.530556e-08
7.784409e+01	8.087045e+01	3.136843e-06	3.336878e-08	3.336878e-08
8.087045e+01	8.401446e+01	2.812059e-06	3.099735e-08	3.099735e-08
8.401446e+01	8.728070e+01	2.600592e-06	2.924599e-08	2.924599e-08
8.728070e+01	9.067392e+01	2.381070e-06	2.745581e-08	2.745581e-08
9.067392e+01	9.419906e+01	2.204503e-06	2.591919e-08	2.591919e-08
9.419906e+01	9.786124e+01	2.021395e-06	2.435062e-08	2.435062e-08
9.786124e+01	1.016658e+02	1.794966e-06	2.251284e-08	2.251284e-08
1.016658e+02	1.056183e+02	1.647875e-06	2.116316e-08	2.116316e-08
1.056183e+02	1.097244e+02	1.548558e-06	2.012812e-08	2.012812e-08
1.097244e+02	1.139902e+02	1.423093e-06	1.893088e-08	1.893088e-08
1.139902e+02	1.184218e+02	1.294947e-06	1.771740e-08	1.771740e-08
1.184218e+02	1.230257e+02	1.203550e-06	1.675804e-08	1.675804e-08
1.230257e+02	1.278086e+02	1.059232e-06	1.542425e-08	1.542425e-08
1.278086e+02	1.327774e+02	9.938744e-07	1.465866e-08	1.465866e-08
1.327774e+02	1.379394e+02	9.489764e-07	1.405313e-08	1.405313e-08
1.379394e+02	1.433021e+02	8.631803e-07	1.314962e-08	1.314962e-08
1.433021e+02	1.488732e+02	7.680295e-07	1.216950e-08	1.216950e-08
1.488732e+02	1.546610e+02	7.114327e-07	1.149117e-08	1.149117e-08
1.546610e+02	1.606738e+02	6.496143e-07	1.077318e-08	1.077318e-08
1.606738e+02	1.669203e+02	5.888512e-07	1.006326e-08	1.006326e-08
1.669203e+02	1.734097e+02	5.350265e-07	9.411083e-09	9.411083e-09
1.734097e+02	1.801514e+02	4.901460e-07	8.837558e-09	8.837558e-09
1.801514e+02	1.871551e+02	4.343844e-07	8.162584e-09	8.162584e-09
1.871551e+02	1.944312e+02	4.012909e-07	7.697232e-09	7.697232e-09
1.944312e+02	2.019901e+02	3.597014e-07	7.149835e-09	7.149835e-09
2.019901e+02	2.098429e+02	3.080722e-07	6.491845e-09	6.491845e-09
2.098429e+02	2.180010e+02	2.925928e-07	6.207139e-09	6.207139e-09
2.180010e+02	2.264762e+02	2.549004e-07	5.684138e-09	5.684138e-09
2.264762e+02	2.352810e+02	2.432843e-07	5.448183e-09	5.448183e-09
2.352810e+02	2.444280e+02	2.051742e-07	4.908811e-09	4.908811e-09
2.444280e+02	2.539307e+02	1.892418e-07	4.625293e-09	4.625293e-09
2.539307e+02	2.638027e+02	1.692130e-07	4.291099e-09	4.291099e-09
2.638027e+02	2.740586e+02	1.423489e-07	3.861398e-09	3.861398e-09
2.740586e+02	2.847132e+02	1.321825e-07	3.650671e-09	3.650671e-09
2.847132e+02	2.957821e+02	1.115126e-07	3.289759e-09	3.289759e-09
2.957821e+02	3.072812e+02	1.034171e-07	3.108268e-09	3.108268e-09
3.072812e+02	3.192274e+02	8.902538e-08	2.829414e-09	2.829414e-09
3.192274e+02	3.316381e+02	7.902837e-08	2.615457e-09	2.615457e-09
3.316381e+02	3.445312e+02	7.165551e-08	2.443433e-09	2.443433e-09
3.445312e+02	3.579256e+02	5.806626e-08	2.158015e-09	2.158015e-09
3.579256e+02	3.718407e+02	5.427221e-08	2.046915e-09	2.046915e-09
3.718407e+02	3.862968e+02	4.406686e-08	1.809609e-09	1.809609e-09
3.862968e+02	4.013149e+02	3.962810e-08	1.683637e-09	1.683637e-09
4.013149e+02	4.169168e+02	3.325662e-08	1.513229e-09	1.513229e-09
4.169168e+02	4.331254e+02	2.505272e-08	1.288573e-09	1.288573e-09
4.331254e+02	4.499640e+02	2.392400e-08	1.235430e-09	1.235430e-09
4.499640e+02	4.674573e+02	2.149338e-08	1.148870e-09	1.148870e-09
4.674573e+02	4.856307e+02	1.867925e-08	1.050790e-09	1.050790e-09
4.856307e+02	5.045106e+02	1.365589e-08	8.814841e-10	8.814841e-10
5.045106e+02	5.241245e+02	1.193991e-08	8.086727e-10	8.086727e-10
5.241245e+02	5.445010e+02	9.700557e-09	7.151347e-10	7.151347e-10
5.445010e+02	5.656696e+02	8.779352e-09	6.674819e-10	6.674819e-10
5.656696e+02	5.876612e+02	7.229588e-09	5.942683e-10	5.942683e-10
5.876612e+02	6.105078e+02	5.689477e-09	5.172251e-10	5.172251e-10
6.105078e+02	6.342426e+02	4.661872e-09	4.593478e-10	4.593478e-10
6.342426e+02	6.589001e+02	3.833912e-09	4.086963e-10	4.086963e-10
6.589001e+02	6.845162e+02	3.354946e-09	3.750943e-10	3.750943e-10
6.845162e+02	7.111282e+02	3.067924e-09	3.519150e-10	3.519150e-10
7.111282e+02	7.387748e+02	1.903982e-09	2.719974e-10	2.719974e-10
7.387748e+02	7.674962e+02	1.870135e-09	2.644770e-10	2.644770e-10
7.674962e+02	7.973343e+02	1.044084e-09	1.938815e-10	1.938815e-10
7.973343e+02	8.283323e+02	9.357042e-10	1.800764e-10	1.800764e-10
8.283323e+02	8.605355e+02	7.672508e-10	1.599829e-10	1.599829e-10
8.605355e+02	8.939906e+02	5.137671e-10	1.284417e-10	1.284417e-10
8.939906e+02	9.287464e+02	4.327223e-10	1.156499e-10	1.156499e-10
9.287464e+02	9.648534e+02	3.272728e-10	9.867644e-11	9.867644e-11
9.648534e+02	1.002364e+03	2.863878e-10	9.056378e-11	9.056378e-11
1.002364e+03	1.041333e+03	2.481029e-10	8.270096e-11	8.270096e-11
1.041333e+03	1.081817e+03	2.122830e-10	7.505335e-11	7.505335e-11
1.081817e+03	1.123875e+03	1.532538e-10	6.256559e-11	6.256559e-11
1.123875e+03	1.167568e+03	9.834598e-11	4.917299e-11	4.917299e-11
1.167568e+03	1.212960e+03	1.183312e-10	5.291931e-11	5.291931e-11
1.212960e+03	1.260116e+03	4.556188e-11	3.221711e-11	3.221711e-11
1.260116e+03	1.309106e+03	0.000000e+00	0.000000e+00	0.000000e+00
1.309106e+03	1.360000e+03	2.110775e-11	2.110775e-11	2.110775e-11
# END HISTO1D


# BEGIN HISTO1D //eos/home-y/youpeng/valid/genValidation/mg35xVBS_merged.yoda.gz/MC_ZZINC:ENERGY=13600/Zl_pT
ErrorBars=1
LineColor=green
LineStyle=solid
Path=//eos/home-y/youpeng/valid/genValidation/mg35xVBS_merged.yoda.gz/MC_ZZINC:ENERGY=13600/Zl_pT
ScaledBy=5.51937791219804204e-10
Title=VBSZZ@LO(v35x)
# xlow	 xhigh	 val	 errminus	 errplus
3.000000e+01	3.116631e+01	3.690754e-06	4.179224e-08	4.179224e-08
3.116631e+01	3.237797e+01	3.769444e-06	4.143748e-08	4.143748e-08
3.237797e+01	3.363673e+01	3.700749e-06	4.028268e-08	4.028268e-08
3.363673e+01	3.494443e+01	3.737831e-06	3.971923e-08	3.971923e-08
3.494443e+01	3.630297e+01	3.764117e-06	3.910573e-08	3.910573e-08
3.630297e+01	3.771432e+01	3.705787e-06	3.806869e-08	3.806869e-08
3.771432e+01	3.918055e+01	3.695069e-06	3.729540e-08	3.729540e-08
3.918055e+01	4.070377e+01	3.621682e-06	3.622588e-08	3.622588e-08
4.070377e+01	4.228622e+01	3.518562e-06	3.503182e-08	3.503182e-08
4.228622e+01	4.393018e+01	3.434923e-06	3.395924e-08	3.395924e-08
4.393018e+01	4.563806e+01	3.401701e-06	3.315618e-08	3.315618e-08
4.563806e+01	4.741234e+01	3.307993e-06	3.207867e-08	3.207867e-08
4.741234e+01	4.925559e+01	3.193798e-06	3.092478e-08	3.092478e-08
4.925559e+01	5.117051e+01	3.124127e-06	3.000780e-08	3.000780e-08
5.117051e+01	5.315987e+01	3.018046e-06	2.893685e-08	2.893685e-08
5.315987e+01	5.522657e+01	2.896024e-06	2.781041e-08	2.781041e-08
5.522657e+01	5.737362e+01	2.761167e-06	2.664222e-08	2.664222e-08
5.737362e+01	5.960414e+01	2.664768e-06	2.567862e-08	2.567862e-08
5.960414e+01	6.192138e+01	2.536460e-06	2.457953e-08	2.457953e-08
6.192138e+01	6.432870e+01	2.391795e-06	2.341748e-08	2.341748e-08
6.432870e+01	6.682962e+01	2.220622e-06	2.213770e-08	2.213770e-08
6.682962e+01	6.942776e+01	2.125207e-06	2.124782e-08	2.124782e-08
6.942776e+01	7.212691e+01	1.973083e-06	2.008650e-08	2.008650e-08
7.212691e+01	7.493099e+01	1.856733e-06	1.911722e-08	1.911722e-08
7.493099e+01	7.784409e+01	1.722828e-06	1.806710e-08	1.806710e-08
7.784409e+01	8.087045e+01	1.587043e-06	1.701293e-08	1.701293e-08
8.087045e+01	8.401446e+01	1.424781e-06	1.581529e-08	1.581529e-08
8.401446e+01	8.728070e+01	1.305391e-06	1.485222e-08	1.485222e-08
8.728070e+01	9.067392e+01	1.185296e-06	1.388521e-08	1.388521e-08
9.067392e+01	9.419906e+01	1.114165e-06	1.320784e-08	1.320784e-08
9.419906e+01	9.786124e+01	1.026204e-06	1.243633e-08	1.243633e-08
9.786124e+01	1.016658e+02	9.117819e-07	1.150107e-08	1.150107e-08
1.016658e+02	1.056183e+02	8.507034e-07	1.089929e-08	1.089929e-08
1.056183e+02	1.097244e+02	7.800334e-07	1.023969e-08	1.023969e-08
1.097244e+02	1.139902e+02	7.095567e-07	9.581607e-09	9.581607e-09
1.139902e+02	1.184218e+02	6.795227e-07	9.199553e-09	9.199553e-09
1.184218e+02	1.230257e+02	6.116525e-07	8.563167e-09	8.563167e-09
1.230257e+02	1.278086e+02	5.494106e-07	7.962473e-09	7.962473e-09
1.278086e+02	1.327774e+02	5.199688e-07	7.599901e-09	7.599901e-09
1.327774e+02	1.379394e+02	4.692861e-07	7.083613e-09	7.083613e-09
1.379394e+02	1.433021e+02	4.254780e-07	6.617467e-09	6.617467e-09
1.433021e+02	1.488732e+02	3.955930e-07	6.260354e-09	6.260354e-09
1.488732e+02	1.546610e+02	3.594205e-07	5.854499e-09	5.854499e-09
1.546610e+02	1.606738e+02	3.244911e-07	5.457680e-09	5.457680e-09
1.606738e+02	1.669203e+02	2.956510e-07	5.111124e-09	5.111124e-09
1.669203e+02	1.734097e+02	2.782058e-07	4.864362e-09	4.864362e-09
1.734097e+02	1.801514e+02	2.358653e-07	4.394327e-09	4.394327e-09
1.801514e+02	1.871551e+02	2.196341e-07	4.160362e-09	4.160362e-09
1.871551e+02	1.944312e+02	1.972263e-07	3.867926e-09	3.867926e-09
1.944312e+02	2.019901e+02	1.771423e-07	3.596474e-09	3.596474e-09
2.019901e+02	2.098429e+02	1.626406e-07	3.381016e-09	3.381016e-09
2.098429e+02	2.180010e+02	1.526978e-07	3.214155e-09	3.214155e-09
2.180010e+02	2.264762e+02	1.335039e-07	2.948608e-09	2.948608e-09
2.264762e+02	2.352810e+02	1.139005e-07	2.672072e-09	2.672072e-09
2.352810e+02	2.444280e+02	1.069240e-07	2.540056e-09	2.540056e-09
2.444280e+02	2.539307e+02	9.595180e-08	2.360740e-09	2.360740e-09
2.539307e+02	2.638027e+02	8.710688e-08	2.206829e-09	2.206829e-09
2.638027e+02	2.740586e+02	7.324441e-08	1.985388e-09	1.985388e-09
2.740586e+02	2.847132e+02	7.128061e-08	1.921596e-09	1.921596e-09
2.847132e+02	2.957821e+02	5.839055e-08	1.706334e-09	1.706334e-09
2.957821e+02	3.072812e+02	4.857432e-08	1.526921e-09	1.526921e-09
3.072812e+02	3.192274e+02	4.744941e-08	1.480627e-09	1.480627e-09
3.192274e+02	3.316381e+02	3.966968e-08	1.328239e-09	1.328239e-09
3.316381e+02	3.445312e+02	3.339084e-08	1.195584e-09	1.195584e-09
3.445312e+02	3.579256e+02	2.822653e-08	1.078480e-09	1.078480e-09
3.579256e+02	3.718407e+02	2.709097e-08	1.036607e-09	1.036607e-09
3.718407e+02	3.862968e+02	2.233546e-08	9.234576e-10	9.234576e-10
3.862968e+02	4.013149e+02	1.962531e-08	8.492701e-10	8.492701e-10
4.013149e+02	4.169168e+02	1.602547e-08	7.529424e-10	7.529424e-10
4.169168e+02	4.331254e+02	1.362086e-08	6.810431e-10	6.810431e-10
4.331254e+02	4.499640e+02	1.242291e-08	6.381221e-10	6.381221e-10
4.499640e+02	4.674573e+02	1.034885e-08	5.714198e-10	5.714198e-10
4.674573e+02	4.856307e+02	9.141564e-09	5.269109e-10	5.269109e-10
4.856307e+02	5.045106e+02	7.922452e-09	4.812548e-10	4.812548e-10
5.045106e+02	5.241245e+02	5.543604e-09	3.949656e-10	3.949656e-10
5.241245e+02	5.445010e+02	4.658960e-09	3.552424e-10	3.552424e-10
5.445010e+02	5.656696e+02	4.823583e-09	3.546369e-10	3.546369e-10
5.656696e+02	5.876612e+02	3.639161e-09	3.022159e-10	3.022159e-10
5.876612e+02	6.105078e+02	3.237228e-09	2.796539e-10	2.796539e-10
6.105078e+02	6.342426e+02	2.116148e-09	2.218325e-10	2.218325e-10
6.342426e+02	6.589001e+02	1.656429e-09	1.925559e-10	1.925559e-10
6.589001e+02	6.845162e+02	1.551349e-09	1.828283e-10	1.828283e-10
6.845162e+02	7.111282e+02	1.182190e-09	1.565849e-10	1.565849e-10
7.111282e+02	7.387748e+02	1.018166e-09	1.425717e-10	1.425717e-10
7.387748e+02	7.674962e+02	7.302443e-10	1.184612e-10	1.184612e-10
7.674962e+02	7.973343e+02	6.104259e-10	1.062615e-10	1.062615e-10
7.973343e+02	8.283323e+02	4.451397e-10	8.902797e-11	8.902797e-11
8.283323e+02	8.605355e+02	3.942021e-10	8.219682e-11	8.219682e-11
8.605355e+02	8.939906e+02	3.959489e-10	8.082271e-11	8.082271e-11
8.939906e+02	9.287464e+02	2.382068e-10	6.150472e-11	6.150472e-11
9.287464e+02	9.648534e+02	1.528617e-10	4.833912e-11	4.833912e-11
9.648534e+02	1.002364e+03	1.324276e-10	4.414255e-11	4.414255e-11
1.002364e+03	1.041333e+03	1.274716e-10	4.249053e-11	4.249053e-11
1.041333e+03	1.081817e+03	8.180088e-11	3.339507e-11	3.339507e-11
1.081817e+03	1.123875e+03	6.561627e-11	2.934449e-11	2.934449e-11
1.123875e+03	1.167568e+03	7.579308e-11	3.094239e-11	3.094239e-11
1.167568e+03	1.212960e+03	6.079681e-11	2.718916e-11	2.718916e-11
1.212960e+03	1.260116e+03	1.170451e-11	1.170451e-11	1.170451e-11
1.260116e+03	1.309106e+03	1.126634e-11	1.126634e-11	1.126634e-11
1.309106e+03	1.360000e+03	2.168971e-11	1.533693e-11	1.533693e-11
# END HISTO1D

