# BEGIN PLOT
Legend=1
LogY=1
Title=Transverse momentum difference of boson pair
XLabel=$\Delta p_\perp^{\mathrm{ZZ}}$ [GeV]
YLabel=$\mathrm{d}\sigma/\mathrm{d}\Delta p_\perp^{\mathrm{ZZ}}$ [pb/GeV]
LogX=1
LegendXPos=0.05
LegendYPos=0.5
RemoveOptions=1
DrawOnly=//ospool/cms-user/youpeng/genvalid/genValidation/masterVBS_merged.yoda.gz/MC_ZZINC:ENERGY=13600/ZZ_dpT //ospool/cms-user/youpeng/genvalid/genValidation/mg352VBS_merged.yoda.gz/MC_ZZINC:ENERGY=13600/ZZ_dpT //ospool/cms-user/youpeng/genvalid/genValidation/mg35xVBS_merged.yoda.gz/MC_ZZINC:ENERGY=13600/ZZ_dpT
LegendOnly=//ospool/cms-user/youpeng/genvalid/genValidation/masterVBS_merged.yoda.gz/MC_ZZINC:ENERGY=13600/ZZ_dpT //ospool/cms-user/youpeng/genvalid/genValidation/mg352VBS_merged.yoda.gz/MC_ZZINC:ENERGY=13600/ZZ_dpT //ospool/cms-user/youpeng/genvalid/genValidation/mg35xVBS_merged.yoda.gz/MC_ZZINC:ENERGY=13600/ZZ_dpT
RatioPlot=1
RatioPlotReference=//ospool/cms-user/youpeng/genvalid/genValidation/masterVBS_merged.yoda.gz/MC_ZZINC:ENERGY=13600/ZZ_dpT
RatioPlotYLabel=Ratio
# END PLOT

# BEGIN HISTO1D //ospool/cms-user/youpeng/genvalid/genValidation/masterVBS_merged.yoda.gz/MC_ZZINC:ENERGY=13600/ZZ_dpT
ErrorBars=1
LineColor=red
LineStyle=solid
Path=//ospool/cms-user/youpeng/genvalid/genValidation/masterVBS_merged.yoda.gz/MC_ZZINC:ENERGY=13600/ZZ_dpT
ScaledBy=1.07182617187499956e-09
Title=VBSZZ@LO(v2918)
# xlow	 xhigh	 val	 errminus	 errplus
1.000000e+00	1.092258e+00	1.185006e-06	1.173331e-07	1.173331e-07
1.092258e+00	1.193027e+00	1.095556e-06	1.079484e-07	1.079484e-07
1.193027e+00	1.303093e+00	1.100398e-06	1.035167e-07	1.035167e-07
1.303093e+00	1.423313e+00	1.007456e-06	9.477349e-08	9.477349e-08
1.423313e+00	1.554624e+00	1.110100e-06	9.519029e-08	9.519029e-08
1.554624e+00	1.698050e+00	1.068642e-06	8.936438e-08	8.936438e-08
1.698050e+00	1.854708e+00	1.039957e-06	8.435164e-08	8.435164e-08
1.854708e+00	2.025819e+00	9.270608e-07	7.620392e-08	7.620392e-08
2.025819e+00	2.212717e+00	1.066676e-06	7.821250e-08	7.821250e-08
2.212717e+00	2.416857e+00	1.076342e-06	7.517495e-08	7.517495e-08
2.416857e+00	2.639830e+00	9.806232e-07	6.865737e-08	6.865737e-08
2.639830e+00	2.883375e+00	1.100234e-06	6.958492e-08	6.958492e-08
2.883375e+00	3.149388e+00	9.871600e-07	6.306735e-08	6.306735e-08
3.149388e+00	3.439943e+00	1.117734e-06	6.421216e-08	6.421216e-08
3.439943e+00	3.757304e+00	1.019947e-06	5.869137e-08	5.869137e-08
3.757304e+00	4.103944e+00	9.647179e-07	5.461639e-08	5.461639e-08
4.103944e+00	4.482564e+00	1.078564e-06	5.525649e-08	5.525649e-08
4.482564e+00	4.896115e+00	1.145559e-06	5.448870e-08	5.448870e-08
4.896115e+00	5.347819e+00	1.027444e-06	4.937582e-08	4.937582e-08
5.347819e+00	5.841196e+00	1.071007e-06	4.823574e-08	4.823574e-08
5.841196e+00	6.380091e+00	1.020323e-06	4.504835e-08	4.504835e-08
6.380091e+00	6.968703e+00	1.050681e-06	4.374044e-08	4.374044e-08
6.968703e+00	7.611619e+00	1.050294e-06	4.184469e-08	4.184469e-08
7.611619e+00	8.313849e+00	1.089791e-06	4.078440e-08	4.078440e-08
8.313849e+00	9.080865e+00	1.018703e-06	3.772973e-08	3.772973e-08
9.080865e+00	9.918644e+00	1.011979e-06	3.598182e-08	3.598182e-08
9.918644e+00	1.083371e+01	1.010841e-06	3.440942e-08	3.440942e-08
1.083371e+01	1.183321e+01	9.715603e-07	3.227793e-08	3.227793e-08
1.183321e+01	1.292491e+01	1.012231e-06	3.152465e-08	3.152465e-08
1.292491e+01	1.411733e+01	1.022011e-06	3.030925e-08	3.030925e-08
1.411733e+01	1.541977e+01	9.784719e-07	2.837642e-08	2.837642e-08
1.541977e+01	1.684236e+01	1.000559e-06	2.745640e-08	2.745640e-08
1.684236e+01	1.839619e+01	9.988248e-07	2.624854e-08	2.624854e-08
1.839619e+01	2.009338e+01	1.036341e-06	2.558280e-08	2.558280e-08
2.009338e+01	2.194715e+01	9.829181e-07	2.383927e-08	2.383927e-08
2.194715e+01	2.397194e+01	9.586560e-07	2.252701e-08	2.252701e-08
2.397194e+01	2.618354e+01	9.198436e-07	2.111377e-08	2.111377e-08
2.618354e+01	2.859917e+01	9.508588e-07	2.054022e-08	2.054022e-08
2.859917e+01	3.123766e+01	8.742008e-07	1.884474e-08	1.884474e-08
3.123766e+01	3.411957e+01	9.156552e-07	1.845389e-08	1.845389e-08
3.411957e+01	3.726736e+01	8.917726e-07	1.742554e-08	1.742554e-08
3.726736e+01	4.070556e+01	8.379585e-07	1.616247e-08	1.616247e-08
4.070556e+01	4.446096e+01	8.111333e-07	1.521529e-08	1.521529e-08
4.446096e+01	4.856282e+01	7.734552e-07	1.421639e-08	1.421639e-08
4.856282e+01	5.304311e+01	7.112350e-07	1.304415e-08	1.304415e-08
5.304311e+01	5.793675e+01	7.072296e-07	1.244590e-08	1.244590e-08
5.793675e+01	6.328185e+01	6.783761e-07	1.166325e-08	1.166325e-08
6.328185e+01	6.912009e+01	6.331922e-07	1.078174e-08	1.078174e-08
6.912009e+01	7.549694e+01	6.094611e-07	1.012120e-08	1.012120e-08
7.549694e+01	8.246211e+01	5.641377e-07	9.317274e-09	9.317274e-09
8.246211e+01	9.006987e+01	5.284630e-07	8.628615e-09	8.628615e-09
9.006987e+01	9.837951e+01	4.769897e-07	7.843783e-09	7.843783e-09
9.837951e+01	1.074558e+02	4.323304e-07	7.145224e-09	7.145224e-09
1.074558e+02	1.173694e+02	3.917069e-07	6.507694e-09	6.507694e-09
1.173694e+02	1.281976e+02	3.503069e-07	5.888550e-09	5.888550e-09
1.281976e+02	1.400248e+02	3.129241e-07	5.325259e-09	5.325259e-09
1.400248e+02	1.529432e+02	2.697321e-07	4.730686e-09	4.730686e-09
1.529432e+02	1.670533e+02	2.363926e-07	4.237542e-09	4.237542e-09
1.670533e+02	1.824653e+02	1.961167e-07	3.693090e-09	3.693090e-09
1.824653e+02	1.992991e+02	1.699381e-07	3.289398e-09	3.289398e-09
1.992991e+02	2.176860e+02	1.330244e-07	2.784669e-09	2.784669e-09
2.176860e+02	2.377692e+02	1.098340e-07	2.421108e-09	2.421108e-09
2.377692e+02	2.597052e+02	8.941658e-08	2.090222e-09	2.090222e-09
2.597052e+02	2.836650e+02	7.059082e-08	1.777029e-09	1.777029e-09
2.836650e+02	3.098352e+02	5.307896e-08	1.474416e-09	1.474416e-09
3.098352e+02	3.384199e+02	4.143363e-08	1.246442e-09	1.246442e-09
3.384199e+02	3.696417e+02	3.192636e-08	1.046907e-09	1.046907e-09
3.696417e+02	4.037440e+02	2.250369e-08	8.410023e-10	8.410023e-10
4.037440e+02	4.409924e+02	1.625793e-08	6.839761e-10	6.839761e-10
4.409924e+02	4.816774e+02	1.222385e-08	5.674780e-10	5.674780e-10
4.816774e+02	5.261158e+02	8.562376e-09	4.544437e-10	4.544437e-10
5.261158e+02	5.746540e+02	6.138829e-09	3.681825e-10	3.681825e-10
5.746540e+02	6.276702e+02	3.760354e-09	2.757225e-10	2.757225e-10
6.276702e+02	6.855776e+02	2.591304e-09	2.190051e-10	2.190051e-10
6.855776e+02	7.488273e+02	1.609865e-09	1.651687e-10	1.651687e-10
7.488273e+02	8.179124e+02	1.132564e-09	1.325566e-10	1.325566e-10
8.179124e+02	8.933710e+02	6.391873e-10	9.528441e-11	9.528441e-11
8.933710e+02	9.757913e+02	3.641230e-10	6.881280e-11	6.881280e-11
9.757913e+02	1.065816e+03	2.262124e-10	5.189667e-11	5.189667e-11
1.065816e+03	1.164145e+03	1.417053e-10	3.930198e-11	3.930198e-11
1.164145e+03	1.271546e+03	7.983733e-11	2.822676e-11	2.822676e-11
1.271546e+03	1.388856e+03	9.136698e-11	2.889278e-11	2.889278e-11
1.388856e+03	1.516989e+03	1.672990e-11	1.182983e-11	1.182983e-11
1.516989e+03	1.656943e+03	7.658416e-12	7.658416e-12	7.658416e-12
1.656943e+03	1.809808e+03	1.402317e-11	9.915881e-12	9.915881e-12
1.809808e+03	1.976777e+03	0.000000e+00	0.000000e+00	0.000000e+00
1.976777e+03	2.159150e+03	0.000000e+00	0.000000e+00	0.000000e+00
2.159150e+03	2.358348e+03	0.000000e+00	0.000000e+00	0.000000e+00
2.358348e+03	2.575923e+03	0.000000e+00	0.000000e+00	0.000000e+00
2.575923e+03	2.813572e+03	0.000000e+00	0.000000e+00	0.000000e+00
2.813572e+03	3.073145e+03	0.000000e+00	0.000000e+00	0.000000e+00
3.073145e+03	3.356667e+03	0.000000e+00	0.000000e+00	0.000000e+00
3.356667e+03	3.666345e+03	0.000000e+00	0.000000e+00	0.000000e+00
3.666345e+03	4.004593e+03	0.000000e+00	0.000000e+00	0.000000e+00
4.004593e+03	4.374047e+03	0.000000e+00	0.000000e+00	0.000000e+00
4.374047e+03	4.777586e+03	0.000000e+00	0.000000e+00	0.000000e+00
4.777586e+03	5.218355e+03	0.000000e+00	0.000000e+00	0.000000e+00
5.218355e+03	5.699788e+03	0.000000e+00	0.000000e+00	0.000000e+00
5.699788e+03	6.225637e+03	0.000000e+00	0.000000e+00	0.000000e+00
6.225637e+03	6.800000e+03	0.000000e+00	0.000000e+00	0.000000e+00
# END HISTO1D


# BEGIN HISTO1D //ospool/cms-user/youpeng/genvalid/genValidation/mg352VBS_merged.yoda.gz/MC_ZZINC:ENERGY=13600/ZZ_dpT
ErrorBars=1
LineColor=blue
LineStyle=solid
Path=//ospool/cms-user/youpeng/genvalid/genValidation/mg352VBS_merged.yoda.gz/MC_ZZINC:ENERGY=13600/ZZ_dpT
ScaledBy=1.07425781250000051e-09
Title=VBSZZ@LO(v352)
# xlow	 xhigh	 val	 errminus	 errplus
1.000000e+00	1.092258e+00	1.059610e-06	1.110773e-07	1.110773e-07
1.092258e+00	1.193027e+00	1.087381e-06	1.076667e-07	1.076667e-07
1.193027e+00	1.303093e+00	8.979314e-07	9.361580e-08	9.361580e-08
1.303093e+00	1.423313e+00	1.116971e-06	9.990489e-08	9.990489e-08
1.423313e+00	1.554624e+00	9.326363e-07	8.734938e-08	8.734938e-08
1.554624e+00	1.698050e+00	1.190907e-06	9.444504e-08	9.444504e-08
1.698050e+00	1.854708e+00	8.571678e-07	7.666743e-08	7.666743e-08
1.854708e+00	2.025819e+00	9.417203e-07	7.689113e-08	7.689113e-08
2.025819e+00	2.212717e+00	9.598877e-07	7.427833e-08	7.427833e-08
2.212717e+00	2.416857e+00	9.682737e-07	7.138210e-08	7.138210e-08
2.416857e+00	2.639830e+00	1.122567e-06	7.354180e-08	7.354180e-08
2.639830e+00	2.883375e+00	1.058621e-06	6.833370e-08	6.833370e-08
2.883375e+00	3.149388e+00	1.025745e-06	6.436096e-08	6.436096e-08
3.149388e+00	3.439943e+00	1.046325e-06	6.219756e-08	6.219756e-08
3.439943e+00	3.757304e+00	1.052726e-06	5.969462e-08	5.969462e-08
3.757304e+00	4.103944e+00	1.000996e-06	5.569691e-08	5.569691e-08
4.103944e+00	4.482564e+00	1.035614e-06	5.420650e-08	5.420650e-08
4.482564e+00	4.896115e+00	1.093608e-06	5.329918e-08	5.329918e-08
4.896115e+00	5.347819e+00	1.005993e-06	4.891305e-08	4.891305e-08
5.347819e+00	5.841196e+00	1.025535e-06	4.725416e-08	4.725416e-08
5.841196e+00	6.380091e+00	1.014664e-06	4.497418e-08	4.497418e-08
6.380091e+00	6.968703e+00	1.045765e-06	4.368745e-08	4.368745e-08
6.968703e+00	7.611619e+00	1.069385e-06	4.227117e-08	4.227117e-08
7.611619e+00	8.313849e+00	9.821191e-07	3.876115e-08	3.876115e-08
8.313849e+00	9.080865e+00	1.117653e-06	3.956449e-08	3.956449e-08
9.080865e+00	9.918644e+00	1.036073e-06	3.644893e-08	3.644893e-08
9.918644e+00	1.083371e+01	1.057745e-06	3.523859e-08	3.523859e-08
1.083371e+01	1.183321e+01	1.072645e-06	3.395401e-08	3.395401e-08
1.183321e+01	1.292491e+01	1.037160e-06	3.194666e-08	3.194666e-08
1.292491e+01	1.411733e+01	1.090096e-06	3.133805e-08	3.133805e-08
1.411733e+01	1.541977e+01	1.051625e-06	2.945140e-08	2.945140e-08
1.541977e+01	1.684236e+01	1.006605e-06	2.757045e-08	2.757045e-08
1.684236e+01	1.839619e+01	1.014227e-06	2.648013e-08	2.648013e-08
1.839619e+01	2.009338e+01	9.918524e-07	2.505605e-08	2.505605e-08
2.009338e+01	2.194715e+01	1.022236e-06	2.433896e-08	2.433896e-08
2.194715e+01	2.397194e+01	9.947861e-07	2.297361e-08	2.297361e-08
2.397194e+01	2.618354e+01	9.195017e-07	2.113379e-08	2.113379e-08
2.618354e+01	2.859917e+01	9.303358e-07	2.034037e-08	2.034037e-08
2.859917e+01	3.123766e+01	8.733340e-07	1.885674e-08	1.885674e-08
3.123766e+01	3.411957e+01	9.195964e-07	1.851453e-08	1.851453e-08
3.411957e+01	3.726736e+01	8.893592e-07	1.742168e-08	1.742168e-08
3.726736e+01	4.070556e+01	8.476706e-07	1.627430e-08	1.627430e-08
4.070556e+01	4.446096e+01	8.390046e-07	1.549203e-08	1.549203e-08
4.446096e+01	4.856282e+01	7.623771e-07	1.413022e-08	1.413022e-08
4.856282e+01	5.304311e+01	7.291532e-07	1.322241e-08	1.322241e-08
5.304311e+01	5.793675e+01	7.125659e-07	1.250693e-08	1.250693e-08
5.793675e+01	6.328185e+01	6.726798e-07	1.162734e-08	1.162734e-08
6.328185e+01	6.912009e+01	6.184365e-07	1.066745e-08	1.066745e-08
6.912009e+01	7.549694e+01	5.907967e-07	9.976317e-09	9.976317e-09
7.549694e+01	8.246211e+01	5.621787e-07	9.311627e-09	9.311627e-09
8.246211e+01	9.006987e+01	5.158238e-07	8.534470e-09	8.534470e-09
9.006987e+01	9.837951e+01	4.748399e-07	7.834960e-09	7.834960e-09
9.837951e+01	1.074558e+02	4.368620e-07	7.190717e-09	7.190717e-09
1.074558e+02	1.173694e+02	3.921622e-07	6.518856e-09	6.518856e-09
1.173694e+02	1.281976e+02	3.562605e-07	5.945111e-09	5.945111e-09
1.281976e+02	1.400248e+02	3.054594e-07	5.267324e-09	5.267324e-09
1.400248e+02	1.529432e+02	2.677661e-07	4.718758e-09	4.718758e-09
1.529432e+02	1.670533e+02	2.382993e-07	4.259421e-09	4.259421e-09
1.670533e+02	1.824653e+02	1.982344e-07	3.717186e-09	3.717186e-09
1.824653e+02	1.992991e+02	1.648993e-07	3.243938e-09	3.243938e-09
1.992991e+02	2.176860e+02	1.375329e-07	2.834675e-09	2.834675e-09
2.176860e+02	2.377692e+02	1.079971e-07	2.403498e-09	2.403498e-09
2.377692e+02	2.597052e+02	9.152936e-08	2.117170e-09	2.117170e-09
2.597052e+02	2.836650e+02	6.882303e-08	1.756627e-09	1.756627e-09
2.836650e+02	3.098352e+02	5.131111e-08	1.451297e-09	1.451297e-09
3.098352e+02	3.384199e+02	4.096391e-08	1.240761e-09	1.240761e-09
3.384199e+02	3.696417e+02	3.086335e-08	1.030497e-09	1.030497e-09
3.696417e+02	4.037440e+02	2.305876e-08	8.522762e-10	8.522762e-10
4.037440e+02	4.409924e+02	1.629481e-08	6.855279e-10	6.855279e-10
4.409924e+02	4.816774e+02	1.206675e-08	5.644588e-10	5.644588e-10
4.816774e+02	5.261158e+02	8.412582e-09	4.509618e-10	4.509618e-10
5.261158e+02	5.746540e+02	5.400260e-09	3.457162e-10	3.457162e-10
5.746540e+02	6.276702e+02	3.586519e-09	2.695793e-10	2.695793e-10
6.276702e+02	6.855776e+02	2.263260e-09	2.049058e-10	2.049058e-10
6.855776e+02	7.488273e+02	1.698440e-09	1.698439e-10	1.698439e-10
7.488273e+02	8.179124e+02	1.119584e-09	1.319442e-10	1.319442e-10
8.179124e+02	8.933710e+02	6.833466e-10	9.863258e-11	9.863258e-11
8.933710e+02	9.757913e+02	2.476441e-10	5.681345e-11	5.681345e-11
9.757913e+02	1.065816e+03	2.028597e-10	4.920071e-11	4.920071e-11
1.065816e+03	1.164145e+03	8.740110e-11	3.090095e-11	3.090095e-11
1.164145e+03	1.271546e+03	7.001615e-11	2.646362e-11	2.646362e-11
1.271546e+03	1.388856e+03	4.578714e-11	2.047663e-11	2.047663e-11
1.388856e+03	1.516989e+03	2.515178e-11	1.452139e-11	1.452139e-11
1.516989e+03	1.656943e+03	7.675793e-12	7.675793e-12	7.675793e-12
1.656943e+03	1.809808e+03	0.000000e+00	0.000000e+00	0.000000e+00
1.809808e+03	1.976777e+03	0.000000e+00	0.000000e+00	0.000000e+00
1.976777e+03	2.159150e+03	0.000000e+00	0.000000e+00	0.000000e+00
2.159150e+03	2.358348e+03	0.000000e+00	0.000000e+00	0.000000e+00
2.358348e+03	2.575923e+03	0.000000e+00	0.000000e+00	0.000000e+00
2.575923e+03	2.813572e+03	0.000000e+00	0.000000e+00	0.000000e+00
2.813572e+03	3.073145e+03	0.000000e+00	0.000000e+00	0.000000e+00
3.073145e+03	3.356667e+03	0.000000e+00	0.000000e+00	0.000000e+00
3.356667e+03	3.666345e+03	0.000000e+00	0.000000e+00	0.000000e+00
3.666345e+03	4.004593e+03	0.000000e+00	0.000000e+00	0.000000e+00
4.004593e+03	4.374047e+03	0.000000e+00	0.000000e+00	0.000000e+00
4.374047e+03	4.777586e+03	0.000000e+00	0.000000e+00	0.000000e+00
4.777586e+03	5.218355e+03	0.000000e+00	0.000000e+00	0.000000e+00
5.218355e+03	5.699788e+03	0.000000e+00	0.000000e+00	0.000000e+00
5.699788e+03	6.225637e+03	0.000000e+00	0.000000e+00	0.000000e+00
6.225637e+03	6.800000e+03	0.000000e+00	0.000000e+00	0.000000e+00
# END HISTO1D


# BEGIN HISTO1D //ospool/cms-user/youpeng/genvalid/genValidation/mg35xVBS_merged.yoda.gz/MC_ZZINC:ENERGY=13600/ZZ_dpT
ErrorBars=1
LineColor=green
LineStyle=solid
Path=//ospool/cms-user/youpeng/genvalid/genValidation/mg35xVBS_merged.yoda.gz/MC_ZZINC:ENERGY=13600/ZZ_dpT
ScaledBy=5.51937791219804204e-10
Title=VBSZZ@LO(v35x)
# xlow	 xhigh	 val	 errminus	 errplus
1.000000e+00	1.092258e+00	5.384292e-07	5.675542e-08	5.675542e-08
1.092258e+00	1.193027e+00	5.258168e-07	5.366595e-08	5.366595e-08
1.193027e+00	1.303093e+00	5.465922e-07	5.235404e-08	5.235404e-08
1.303093e+00	1.423313e+00	6.289759e-07	5.373703e-08	5.373703e-08
1.423313e+00	1.554624e+00	4.581583e-07	4.388360e-08	4.388360e-08
1.554624e+00	1.698050e+00	5.387537e-07	4.553300e-08	4.553300e-08
1.698050e+00	1.854708e+00	6.553154e-07	4.805007e-08	4.805007e-08
1.854708e+00	2.025819e+00	5.709334e-07	4.291398e-08	4.291398e-08
2.025819e+00	2.212717e+00	5.374734e-07	3.984017e-08	3.984017e-08
2.212717e+00	2.416857e+00	5.785966e-07	3.955204e-08	3.955204e-08
2.416857e+00	2.639830e+00	5.594305e-07	3.721278e-08	3.721278e-08
2.639830e+00	2.883375e+00	5.257739e-07	3.451874e-08	3.451874e-08
2.883375e+00	3.149388e+00	5.373869e-07	3.339159e-08	3.339159e-08
3.149388e+00	3.439943e+00	4.862973e-07	3.039357e-08	3.039357e-08
3.439943e+00	3.757304e+00	5.391359e-07	3.062086e-08	3.062086e-08
3.757304e+00	4.103944e+00	5.349962e-07	2.918644e-08	2.918644e-08
4.103944e+00	4.482564e+00	5.699849e-07	2.882537e-08	2.882537e-08
4.482564e+00	4.896115e+00	5.218406e-07	2.639061e-08	2.639061e-08
4.896115e+00	5.347819e+00	4.948701e-07	2.459029e-08	2.459029e-08
5.347819e+00	5.841196e+00	5.145992e-07	2.399330e-08	2.399330e-08
5.841196e+00	6.380091e+00	5.243918e-07	2.317507e-08	2.317507e-08
6.380091e+00	6.968703e+00	5.607409e-07	2.293040e-08	2.293040e-08
6.968703e+00	7.611619e+00	4.798966e-07	2.029746e-08	2.029746e-08
7.611619e+00	8.313849e+00	5.203178e-07	2.022273e-08	2.022273e-08
8.313849e+00	9.080865e+00	5.087508e-07	1.913354e-08	1.913354e-08
9.080865e+00	9.918644e+00	5.316603e-07	1.871533e-08	1.871533e-08
9.918644e+00	1.083371e+01	5.307872e-07	1.789283e-08	1.789283e-08
1.083371e+01	1.183321e+01	5.312298e-07	1.712754e-08	1.712754e-08
1.183321e+01	1.292491e+01	5.212493e-07	1.623365e-08	1.623365e-08
1.292491e+01	1.411733e+01	5.073077e-07	1.532379e-08	1.532379e-08
1.411733e+01	1.541977e+01	5.394619e-07	1.511982e-08	1.511982e-08
1.541977e+01	1.684236e+01	5.094189e-07	1.405862e-08	1.405862e-08
1.684236e+01	1.839619e+01	5.019134e-07	1.335235e-08	1.335235e-08
1.839619e+01	2.009338e+01	5.131764e-07	1.291853e-08	1.291853e-08
2.009338e+01	2.194715e+01	4.948406e-07	1.213807e-08	1.213807e-08
2.194715e+01	2.397194e+01	4.917526e-07	1.157786e-08	1.157786e-08
2.397194e+01	2.618354e+01	4.619447e-07	1.073709e-08	1.073709e-08
2.618354e+01	2.859917e+01	4.827912e-07	1.050291e-08	1.050291e-08
2.859917e+01	3.123766e+01	4.543542e-07	9.749101e-09	9.749101e-09
3.123766e+01	3.411957e+01	4.581111e-07	9.366780e-09	9.366780e-09
3.411957e+01	3.726736e+01	4.297618e-07	8.680726e-09	8.680726e-09
3.726736e+01	4.070556e+01	4.290995e-07	8.299625e-09	8.299625e-09
4.070556e+01	4.446096e+01	3.993223e-07	7.660882e-09	7.660882e-09
4.446096e+01	4.856282e+01	4.012516e-07	7.347898e-09	7.347898e-09
4.856282e+01	5.304311e+01	3.827589e-07	6.866804e-09	6.866804e-09
5.304311e+01	5.793675e+01	3.640756e-07	6.408035e-09	6.408035e-09
5.793675e+01	6.328185e+01	3.375587e-07	5.903938e-09	5.903938e-09
6.328185e+01	6.912009e+01	3.228487e-07	5.524635e-09	5.524635e-09
6.912009e+01	7.549694e+01	3.051872e-07	5.139549e-09	5.139549e-09
7.549694e+01	8.246211e+01	2.796469e-07	4.707434e-09	4.707434e-09
8.246211e+01	9.006987e+01	2.597265e-07	4.340850e-09	4.340850e-09
9.006987e+01	9.837951e+01	2.482831e-07	4.060950e-09	4.060950e-09
9.837951e+01	1.074558e+02	2.290749e-07	3.732326e-09	3.732326e-09
1.074558e+02	1.173694e+02	1.962537e-07	3.305509e-09	3.305509e-09
1.173694e+02	1.281976e+02	1.720314e-07	2.961220e-09	2.961220e-09
1.281976e+02	1.400248e+02	1.582938e-07	2.717916e-09	2.717916e-09
1.400248e+02	1.529432e+02	1.366343e-07	2.416132e-09	2.416132e-09
1.529432e+02	1.670533e+02	1.177798e-07	2.146424e-09	2.146424e-09
1.670533e+02	1.824653e+02	9.411452e-08	1.835878e-09	1.835878e-09
1.824653e+02	1.992991e+02	8.288675e-08	1.648529e-09	1.648529e-09
1.992991e+02	2.176860e+02	6.922151e-08	1.441489e-09	1.441489e-09
2.176860e+02	2.377692e+02	5.455291e-08	1.224440e-09	1.224440e-09
2.377692e+02	2.597052e+02	4.508901e-08	1.065128e-09	1.065128e-09
2.597052e+02	2.836650e+02	3.653508e-08	9.173995e-10	9.173995e-10
2.836650e+02	3.098352e+02	2.769158e-08	7.642148e-10	7.642148e-10
3.098352e+02	3.384199e+02	1.967572e-08	6.163730e-10	6.163730e-10
3.384199e+02	3.696417e+02	1.562732e-08	5.256036e-10	5.256036e-10
3.696417e+02	4.037440e+02	1.139408e-08	4.294304e-10	4.294304e-10
4.037440e+02	4.409924e+02	8.223857e-09	3.490832e-10	3.490832e-10
4.409924e+02	4.816774e+02	5.914831e-09	2.832690e-10	2.832690e-10
4.816774e+02	5.261158e+02	4.135957e-09	2.266491e-10	2.266491e-10
5.261158e+02	5.746540e+02	3.252164e-09	1.923045e-10	1.923045e-10
5.746540e+02	6.276702e+02	2.092559e-09	1.475977e-10	1.475977e-10
6.276702e+02	6.855776e+02	1.181892e-09	1.061370e-10	1.061370e-10
6.855776e+02	7.488273e+02	9.773490e-10	9.235081e-11	9.235081e-11
7.488273e+02	8.179124e+02	5.512579e-10	6.636366e-11	6.636366e-11
8.179124e+02	8.933710e+02	2.925778e-10	4.626061e-11	4.626061e-11
8.933710e+02	9.757913e+02	1.674156e-10	3.348312e-11	3.348312e-11
9.757913e+02	1.065816e+03	7.970247e-11	2.210549e-11	2.210549e-11
1.065816e+03	1.164145e+03	3.929222e-11	1.485106e-11	1.485106e-11
1.164145e+03	1.271546e+03	4.625134e-11	1.541711e-11	1.541711e-11
1.271546e+03	1.388856e+03	1.411485e-11	8.149214e-12	8.149214e-12
1.388856e+03	1.516989e+03	1.292261e-11	7.460875e-12	7.460875e-12
1.516989e+03	1.656943e+03	0.000000e+00	0.000000e+00	0.000000e+00
1.656943e+03	1.809808e+03	3.610622e-12	3.610622e-12	3.610622e-12
1.809808e+03	1.976777e+03	0.000000e+00	0.000000e+00	0.000000e+00
1.976777e+03	2.159150e+03	0.000000e+00	0.000000e+00	0.000000e+00
2.159150e+03	2.358348e+03	0.000000e+00	0.000000e+00	0.000000e+00
2.358348e+03	2.575923e+03	0.000000e+00	0.000000e+00	0.000000e+00
2.575923e+03	2.813572e+03	0.000000e+00	0.000000e+00	0.000000e+00
2.813572e+03	3.073145e+03	0.000000e+00	0.000000e+00	0.000000e+00
3.073145e+03	3.356667e+03	0.000000e+00	0.000000e+00	0.000000e+00
3.356667e+03	3.666345e+03	0.000000e+00	0.000000e+00	0.000000e+00
3.666345e+03	4.004593e+03	0.000000e+00	0.000000e+00	0.000000e+00
4.004593e+03	4.374047e+03	0.000000e+00	0.000000e+00	0.000000e+00
4.374047e+03	4.777586e+03	0.000000e+00	0.000000e+00	0.000000e+00
4.777586e+03	5.218355e+03	0.000000e+00	0.000000e+00	0.000000e+00
5.218355e+03	5.699788e+03	0.000000e+00	0.000000e+00	0.000000e+00
5.699788e+03	6.225637e+03	0.000000e+00	0.000000e+00	0.000000e+00
6.225637e+03	6.800000e+03	0.000000e+00	0.000000e+00	0.000000e+00
# END HISTO1D

