# BEGIN PLOT
Legend=1
LogY=1
Title=Pseudorapidity of boson pair
XLabel=$\eta_{\mathrm{ZZ}}$
YLabel=$\mathrm{d}\sigma/\mathrm{d}\eta_{\mathrm{ZZ}}$ [pb]
LegendXPos=0.35
LegendYPos=0.5
RemoveOptions=1
DrawOnly=//ospool/cms-user/youpeng/genvalid/genValidation/masterVBS_merged.yoda.gz/MC_ZZINC:ENERGY=13600/ZZ_eta //ospool/cms-user/youpeng/genvalid/genValidation/mg352VBS_merged.yoda.gz/MC_ZZINC:ENERGY=13600/ZZ_eta //ospool/cms-user/youpeng/genvalid/genValidation/mg35xVBS_merged.yoda.gz/MC_ZZINC:ENERGY=13600/ZZ_eta
LegendOnly=//ospool/cms-user/youpeng/genvalid/genValidation/masterVBS_merged.yoda.gz/MC_ZZINC:ENERGY=13600/ZZ_eta //ospool/cms-user/youpeng/genvalid/genValidation/mg352VBS_merged.yoda.gz/MC_ZZINC:ENERGY=13600/ZZ_eta //ospool/cms-user/youpeng/genvalid/genValidation/mg35xVBS_merged.yoda.gz/MC_ZZINC:ENERGY=13600/ZZ_eta
RatioPlot=1
RatioPlotReference=//ospool/cms-user/youpeng/genvalid/genValidation/masterVBS_merged.yoda.gz/MC_ZZINC:ENERGY=13600/ZZ_eta
RatioPlotYLabel=Ratio
# END PLOT

# BEGIN HISTO1D //ospool/cms-user/youpeng/genvalid/genValidation/masterVBS_merged.yoda.gz/MC_ZZINC:ENERGY=13600/ZZ_eta
ErrorBars=1
LineColor=red
LineStyle=solid
Path=//ospool/cms-user/youpeng/genvalid/genValidation/masterVBS_merged.yoda.gz/MC_ZZINC:ENERGY=13600/ZZ_eta
ScaledBy=1.07182617187499956e-09
Title=VBSZZ@LO(v2918)
# xlow	 xhigh	 val	 errminus	 errplus
-7.000000e+00	-6.650000e+00	1.531180e-08	6.847646e-09	6.847646e-09
-6.650000e+00	-6.300000e+00	1.224944e-08	6.124721e-09	6.124721e-09
-6.300000e+00	-5.950000e+00	3.062360e-08	9.684033e-09	9.684033e-09
-5.950000e+00	-5.600000e+00	4.287306e-08	1.145830e-08	1.145830e-08
-5.600000e+00	-5.250000e+00	8.268374e-08	1.591249e-08	1.591249e-08
-5.250000e+00	-4.900000e+00	2.327394e-07	2.669704e-08	2.669704e-08
-4.900000e+00	-4.550000e+00	4.961023e-07	3.897748e-08	3.897748e-08
-4.550000e+00	-4.200000e+00	9.064586e-07	5.268685e-08	5.268685e-08
-4.200000e+00	-3.850000e+00	2.011971e-06	7.849446e-08	7.849446e-08
-3.850000e+00	-3.500000e+00	3.258351e-06	9.989117e-08	9.989117e-08
-3.500000e+00	-3.150000e+00	5.610246e-06	1.310747e-07	1.310747e-07
-3.150000e+00	-2.800000e+00	1.004148e-05	1.753586e-07	1.753586e-07
-2.800000e+00	-2.450000e+00	1.411136e-05	2.078799e-07	2.078799e-07
-2.450000e+00	-2.100000e+00	1.780456e-05	2.335037e-07	2.335037e-07
-2.100000e+00	-1.750000e+00	2.056681e-05	2.509641e-07	2.509641e-07
-1.750000e+00	-1.400000e+00	2.137834e-05	2.558675e-07	2.558675e-07
-1.400000e+00	-1.050000e+00	2.021464e-05	2.488062e-07	2.488062e-07
-1.050000e+00	-7.000000e-01	1.890701e-05	2.406244e-07	2.406244e-07
-7.000000e-01	-3.500000e-01	1.719515e-05	2.294728e-07	2.294728e-07
-3.500000e-01	0.000000e+00	1.632544e-05	2.235943e-07	2.235943e-07
0.000000e+00	3.500000e-01	1.657656e-05	2.253073e-07	2.253073e-07
3.500000e-01	7.000000e-01	1.711247e-05	2.289204e-07	2.289204e-07
7.000000e-01	1.050000e+00	1.913669e-05	2.420815e-07	2.420815e-07
1.050000e+00	1.400000e+00	2.108741e-05	2.541206e-07	2.541206e-07
1.400000e+00	1.750000e+00	2.113029e-05	2.543788e-07	2.543788e-07
1.750000e+00	2.100000e+00	2.035245e-05	2.496528e-07	2.496528e-07
2.100000e+00	2.450000e+00	1.775557e-05	2.331822e-07	2.331822e-07
2.450000e+00	2.800000e+00	1.422467e-05	2.087128e-07	2.087128e-07
2.800000e+00	3.150000e+00	9.220769e-06	1.680396e-07	1.680396e-07
3.150000e+00	3.500000e+00	5.744989e-06	1.326395e-07	1.326395e-07
3.500000e+00	3.850000e+00	3.270600e-06	1.000788e-07	1.000788e-07
3.850000e+00	4.200000e+00	1.950724e-06	7.729048e-08	7.729048e-08
4.200000e+00	4.550000e+00	9.064586e-07	5.268685e-08	5.268685e-08
4.550000e+00	4.900000e+00	3.889197e-07	3.451105e-08	3.451105e-08
4.900000e+00	5.250000e+00	2.480512e-07	2.756124e-08	2.756124e-08
5.250000e+00	5.600000e+00	1.316815e-07	2.008124e-08	2.008124e-08
5.600000e+00	5.950000e+00	6.124720e-08	1.369529e-08	1.369529e-08
5.950000e+00	6.300000e+00	2.756125e-08	9.187081e-09	9.187081e-09
6.300000e+00	6.650000e+00	9.187083e-09	5.304164e-09	5.304164e-09
6.650000e+00	7.000000e+00	6.124720e-09	4.330832e-09	4.330832e-09
# END HISTO1D


# BEGIN HISTO1D //ospool/cms-user/youpeng/genvalid/genValidation/mg352VBS_merged.yoda.gz/MC_ZZINC:ENERGY=13600/ZZ_eta
ErrorBars=1
LineColor=blue
LineStyle=solid
Path=//ospool/cms-user/youpeng/genvalid/genValidation/mg352VBS_merged.yoda.gz/MC_ZZINC:ENERGY=13600/ZZ_eta
ScaledBy=1.07425781250000051e-09
Title=VBSZZ@LO(v352)
# xlow	 xhigh	 val	 errminus	 errplus
-7.000000e+00	-6.650000e+00	6.138617e-09	4.340657e-09	4.340657e-09
-6.650000e+00	-6.300000e+00	2.455447e-08	8.681314e-09	8.681314e-09
-6.300000e+00	-5.950000e+00	1.227723e-08	6.138616e-09	6.138616e-09
-5.950000e+00	-5.600000e+00	3.990100e-08	1.106655e-08	1.106655e-08
-5.600000e+00	-5.250000e+00	1.074258e-07	1.815827e-08	1.815827e-08
-5.250000e+00	-4.900000e+00	2.025743e-07	2.493518e-08	2.493518e-08
-4.900000e+00	-4.550000e+00	4.788120e-07	3.833565e-08	3.833565e-08
-4.550000e+00	-4.200000e+00	9.207923e-07	5.316198e-08	5.316198e-08
-4.200000e+00	-3.850000e+00	1.829308e-06	7.493136e-08	7.493136e-08
-3.850000e+00	-3.500000e+00	3.336337e-06	1.011941e-07	1.011941e-07
-3.500000e+00	-3.150000e+00	6.043469e-06	1.361957e-07	1.361957e-07
-3.150000e+00	-2.800000e+00	9.419706e-06	1.700352e-07	1.700352e-07
-2.800000e+00	-2.450000e+00	1.375971e-05	2.055062e-07	2.055062e-07
-2.450000e+00	-2.100000e+00	1.774674e-05	2.333885e-07	2.333885e-07
-2.100000e+00	-1.750000e+00	2.042011e-05	2.503510e-07	2.503510e-07
-1.750000e+00	-1.400000e+00	2.125496e-05	2.554173e-07	2.554173e-07
-1.400000e+00	-1.050000e+00	2.058892e-05	2.513836e-07	2.513836e-07
-1.050000e+00	-7.000000e-01	1.943179e-05	2.442174e-07	2.442174e-07
-7.000000e-01	-3.500000e-01	1.745515e-05	2.314633e-07	2.314633e-07
-3.500000e-01	0.000000e+00	1.625505e-05	2.233647e-07	2.233647e-07
0.000000e+00	3.500000e-01	1.639317e-05	2.243116e-07	2.243116e-07
3.500000e-01	7.000000e-01	1.725565e-05	2.301367e-07	2.301367e-07
7.000000e-01	1.050000e+00	1.914941e-05	2.424365e-07	2.424365e-07
1.050000e+00	1.400000e+00	2.061347e-05	2.515335e-07	2.515335e-07
1.400000e+00	1.750000e+00	2.104011e-05	2.541231e-07	2.541231e-07
1.750000e+00	2.100000e+00	2.035872e-05	2.499744e-07	2.499744e-07
2.100000e+00	2.450000e+00	1.786644e-05	2.341743e-07	2.341743e-07
2.450000e+00	2.800000e+00	1.397763e-05	2.071271e-07	2.071271e-07
2.800000e+00	3.150000e+00	9.416637e-06	1.700075e-07	1.700075e-07
3.150000e+00	3.500000e+00	5.985151e-06	1.355370e-07	1.355370e-07
3.500000e+00	3.850000e+00	3.302574e-06	1.006808e-07	1.006808e-07
3.850000e+00	4.200000e+00	1.737228e-06	7.302115e-08	7.302115e-08
4.200000e+00	4.550000e+00	1.015941e-06	5.584117e-08	5.584117e-08
4.550000e+00	4.900000e+00	4.358417e-07	3.657502e-08	3.657502e-08
4.900000e+00	5.250000e+00	2.516833e-07	2.779377e-08	2.779377e-08
5.250000e+00	5.600000e+00	1.657426e-07	2.255472e-08	2.255472e-08
5.600000e+00	5.950000e+00	5.524754e-08	1.302197e-08	1.302197e-08
5.950000e+00	6.300000e+00	2.148516e-08	8.120626e-09	8.120626e-09
6.300000e+00	6.650000e+00	2.455447e-08	8.681314e-09	8.681314e-09
6.650000e+00	7.000000e+00	6.138617e-09	4.340657e-09	4.340657e-09
# END HISTO1D


# BEGIN HISTO1D //ospool/cms-user/youpeng/genvalid/genValidation/mg35xVBS_merged.yoda.gz/MC_ZZINC:ENERGY=13600/ZZ_eta
ErrorBars=1
LineColor=green
LineStyle=solid
Path=//ospool/cms-user/youpeng/genvalid/genValidation/mg35xVBS_merged.yoda.gz/MC_ZZINC:ENERGY=13600/ZZ_eta
ScaledBy=5.51937791219804204e-10
Title=VBSZZ@LO(v35x)
# xlow	 xhigh	 val	 errminus	 errplus
-7.000000e+00	-6.650000e+00	1.576965e-09	1.576965e-09	1.576965e-09
-6.650000e+00	-6.300000e+00	4.730894e-09	2.731384e-09	2.731384e-09
-6.300000e+00	-5.950000e+00	2.680841e-08	6.501994e-09	6.501994e-09
-5.950000e+00	-5.600000e+00	2.680841e-08	6.501994e-09	6.501994e-09
-5.600000e+00	-5.250000e+00	5.046289e-08	8.920662e-09	8.920662e-09
-5.250000e+00	-4.900000e+00	1.356190e-07	1.462417e-08	1.462417e-08
-4.900000e+00	-4.550000e+00	2.538914e-07	2.000944e-08	2.000944e-08
-4.550000e+00	-4.200000e+00	4.320886e-07	2.610342e-08	2.610342e-08
-4.200000e+00	-3.850000e+00	8.909854e-07	3.748404e-08	3.748404e-08
-3.850000e+00	-3.500000e+00	1.729931e-06	5.223065e-08	5.223065e-08
-3.500000e+00	-3.150000e+00	2.937886e-06	6.806573e-08	6.806573e-08
-3.150000e+00	-2.800000e+00	4.784511e-06	8.686201e-08	8.686201e-08
-2.800000e+00	-2.450000e+00	6.982803e-06	1.049363e-07	1.049363e-07
-2.450000e+00	-2.100000e+00	9.010780e-06	1.192044e-07	1.192044e-07
-2.100000e+00	-1.750000e+00	1.011623e-05	1.263050e-07	1.263050e-07
-1.750000e+00	-1.400000e+00	1.070917e-05	1.299538e-07	1.299538e-07
-1.400000e+00	-1.050000e+00	1.081010e-05	1.305647e-07	1.305647e-07
-1.050000e+00	-7.000000e-01	9.717260e-06	1.237893e-07	1.237893e-07
-7.000000e-01	-3.500000e-01	8.755311e-06	1.175024e-07	1.175024e-07
-3.500000e-01	0.000000e+00	8.346877e-06	1.147290e-07	1.147290e-07
0.000000e+00	3.500000e-01	8.118217e-06	1.131466e-07	1.131466e-07
3.500000e-01	7.000000e-01	8.810503e-06	1.178722e-07	1.178722e-07
7.000000e-01	1.050000e+00	9.452329e-06	1.220901e-07	1.220901e-07
1.050000e+00	1.400000e+00	1.018404e-05	1.267276e-07	1.267276e-07
1.400000e+00	1.750000e+00	1.067290e-05	1.297335e-07	1.297335e-07
1.750000e+00	2.100000e+00	1.039693e-05	1.280453e-07	1.280453e-07
2.100000e+00	2.450000e+00	9.078589e-06	1.196521e-07	1.196521e-07
2.450000e+00	2.800000e+00	7.121574e-06	1.059739e-07	1.059739e-07
2.800000e+00	3.150000e+00	5.006863e-06	8.885747e-08	8.885747e-08
3.150000e+00	3.500000e+00	2.912654e-06	6.777281e-08	6.777281e-08
3.500000e+00	3.850000e+00	1.742547e-06	5.242075e-08	5.242075e-08
3.850000e+00	4.200000e+00	8.767926e-07	3.718428e-08	3.718428e-08
4.200000e+00	4.550000e+00	4.967440e-07	2.798835e-08	2.798835e-08
4.550000e+00	4.900000e+00	2.523144e-07	1.994721e-08	1.994721e-08
4.900000e+00	5.250000e+00	1.119645e-07	1.328774e-08	1.328774e-08
5.250000e+00	5.600000e+00	7.884826e-08	1.115083e-08	1.115083e-08
5.600000e+00	5.950000e+00	3.153931e-08	7.052403e-09	7.052403e-09
5.950000e+00	6.300000e+00	1.261572e-08	4.460331e-09	4.460331e-09
6.300000e+00	6.650000e+00	4.730894e-09	2.731384e-09	2.731384e-09
6.650000e+00	7.000000e+00	4.730894e-09	2.731384e-09	2.731384e-09
# END HISTO1D

