# BEGIN PLOT
Legend=1
LogY=1
Title=Invariant mass of boson pair
XLabel=$m_{\mathrm{ZZ}}$ [GeV]
YLabel=$\mathrm{d}\sigma/\mathrm{d}m_{\mathrm{ZZ}}$ [pb/GeV]
LogX=1
LegendXPos=0.05
LegendYPos=0.5
RemoveOptions=1
DrawOnly=//ospool/cms-user/youpeng/genvalid/genValidation/masterVBS_merged.yoda.gz/MC_ZZINC:ENERGY=13600/ZZ_m //ospool/cms-user/youpeng/genvalid/genValidation/mg352VBS_merged.yoda.gz/MC_ZZINC:ENERGY=13600/ZZ_m //ospool/cms-user/youpeng/genvalid/genValidation/mg35xVBS_merged.yoda.gz/MC_ZZINC:ENERGY=13600/ZZ_m
LegendOnly=//ospool/cms-user/youpeng/genvalid/genValidation/masterVBS_merged.yoda.gz/MC_ZZINC:ENERGY=13600/ZZ_m //ospool/cms-user/youpeng/genvalid/genValidation/mg352VBS_merged.yoda.gz/MC_ZZINC:ENERGY=13600/ZZ_m //ospool/cms-user/youpeng/genvalid/genValidation/mg35xVBS_merged.yoda.gz/MC_ZZINC:ENERGY=13600/ZZ_m
RatioPlot=1
RatioPlotReference=//ospool/cms-user/youpeng/genvalid/genValidation/masterVBS_merged.yoda.gz/MC_ZZINC:ENERGY=13600/ZZ_m
RatioPlotYLabel=Ratio
# END PLOT

# BEGIN HISTO1D //ospool/cms-user/youpeng/genvalid/genValidation/masterVBS_merged.yoda.gz/MC_ZZINC:ENERGY=13600/ZZ_m
ErrorBars=1
LineColor=red
LineStyle=solid
Path=//ospool/cms-user/youpeng/genvalid/genValidation/masterVBS_merged.yoda.gz/MC_ZZINC:ENERGY=13600/ZZ_m
ScaledBy=1.07182617187499956e-09
Title=VBSZZ@LO(v2918)
# xlow	 xhigh	 val	 errminus	 errplus
1.500000e+02	1.548350e+02	2.216807e-10	2.216807e-10	2.216807e-10
1.548350e+02	1.598259e+02	4.295121e-10	3.037110e-10	3.037110e-10
1.598259e+02	1.649776e+02	2.912741e-09	7.784627e-10	7.784627e-10
1.649776e+02	1.702954e+02	9.876167e-09	1.410881e-09	1.410881e-09
1.702954e+02	1.757846e+02	2.128345e-08	2.038583e-09	2.038583e-09
1.757846e+02	1.814507e+02	5.542527e-08	3.237978e-09	3.237978e-09
1.814507e+02	1.872995e+02	1.812399e-07	5.763093e-09	5.763093e-09
1.872995e+02	1.933368e+02	3.309234e-07	7.664865e-09	7.664865e-09
1.933368e+02	1.995687e+02	4.287718e-07	8.587466e-09	8.587466e-09
1.995687e+02	2.060015e+02	4.612012e-07	8.766119e-09	8.766119e-09
2.060015e+02	2.126417e+02	4.764963e-07	8.770036e-09	8.770036e-09
2.126417e+02	2.194958e+02	4.755435e-07	8.623471e-09	8.623471e-09
2.194958e+02	2.265709e+02	4.761417e-07	8.493056e-09	8.493056e-09
2.265709e+02	2.338741e+02	4.644991e-07	8.256539e-09	8.256539e-09
2.338741e+02	2.414127e+02	4.819849e-07	8.278154e-09	8.278154e-09
2.414127e+02	2.491942e+02	4.440748e-07	7.820933e-09	7.820933e-09
2.491942e+02	2.572266e+02	4.362084e-07	7.629331e-09	7.629331e-09
2.572266e+02	2.655179e+02	4.214240e-07	7.380921e-09	7.380921e-09
2.655179e+02	2.740764e+02	3.954930e-07	7.037732e-09	7.037732e-09
2.740764e+02	2.829109e+02	3.803469e-07	6.792993e-09	6.792993e-09
2.829109e+02	2.920300e+02	3.673013e-07	6.570484e-09	6.570484e-09
2.920300e+02	3.014432e+02	3.399984e-07	6.222028e-09	6.222028e-09
3.014432e+02	3.111597e+02	3.285029e-07	6.019728e-09	6.019728e-09
3.111597e+02	3.211895e+02	3.092649e-07	5.748855e-09	5.748855e-09
3.211895e+02	3.315425e+02	2.927774e-07	5.505513e-09	5.505513e-09
3.315425e+02	3.422292e+02	2.770157e-07	5.270995e-09	5.270995e-09
3.422292e+02	3.532605e+02	2.674877e-07	5.098011e-09	5.098011e-09
3.532605e+02	3.646473e+02	2.427583e-07	4.780225e-09	4.780225e-09
3.646473e+02	3.764011e+02	2.254211e-07	4.533883e-09	4.533883e-09
3.764011e+02	3.885338e+02	2.132574e-07	4.340458e-09	4.340458e-09
3.885338e+02	4.010576e+02	2.012915e-07	4.150562e-09	4.150562e-09
4.010576e+02	4.139850e+02	1.898666e-07	3.967628e-09	3.967628e-09
4.139850e+02	4.273292e+02	1.714061e-07	3.710471e-09	3.710471e-09
4.273292e+02	4.411035e+02	1.611517e-07	3.541154e-09	3.541154e-09
4.411035e+02	4.553217e+02	1.630558e-07	3.505968e-09	3.505968e-09
4.553217e+02	4.699983e+02	1.344475e-07	3.133472e-09	3.133472e-09
4.699983e+02	4.851480e+02	1.309564e-07	3.043852e-09	3.043852e-09
4.851480e+02	5.007859e+02	1.223444e-07	2.895776e-09	2.895776e-09
5.007859e+02	5.169280e+02	1.153358e-07	2.767351e-09	2.767351e-09
5.169280e+02	5.335903e+02	1.073608e-07	2.627953e-09	2.627953e-09
5.335903e+02	5.507898e+02	9.465996e-08	2.428775e-09	2.428775e-09
5.507898e+02	5.685436e+02	8.717666e-08	2.294123e-09	2.294123e-09
5.685436e+02	5.868697e+02	7.989234e-08	2.161621e-09	2.161621e-09
5.868697e+02	6.057866e+02	7.309105e-08	2.035023e-09	2.035023e-09
6.057866e+02	6.253131e+02	7.102876e-08	1.974545e-09	1.974545e-09
6.253131e+02	6.454691e+02	5.881326e-08	1.768469e-09	1.768469e-09
6.454691e+02	6.662748e+02	5.527663e-08	1.687493e-09	1.687493e-09
6.662748e+02	6.877511e+02	4.885935e-08	1.561551e-09	1.561551e-09
6.877511e+02	7.099197e+02	4.747855e-08	1.515102e-09	1.515102e-09
7.099197e+02	7.328028e+02	4.295155e-08	1.418385e-09	1.418385e-09
7.328028e+02	7.564236e+02	3.861529e-08	1.323715e-09	1.323715e-09
7.564236e+02	7.808057e+02	3.617871e-08	1.261111e-09	1.261111e-09
7.808057e+02	8.059737e+02	3.117359e-08	1.152209e-09	1.152209e-09
8.059737e+02	8.319530e+02	3.102521e-08	1.131373e-09	1.131373e-09
8.319530e+02	8.587697e+02	2.486048e-08	9.968142e-10	9.968142e-10
8.587697e+02	8.864508e+02	2.214813e-08	9.260598e-10	9.260598e-10
8.864508e+02	9.150242e+02	2.205666e-08	9.096014e-10	9.096014e-10
9.150242e+02	9.445185e+02	1.787934e-08	8.060627e-10	8.060627e-10
9.445185e+02	9.749636e+02	1.844753e-08	8.058841e-10	8.058841e-10
9.749636e+02	1.006390e+03	1.534766e-08	7.234957e-10	7.234957e-10
1.006390e+03	1.038829e+03	1.275394e-08	6.491582e-10	6.491582e-10
1.038829e+03	1.072314e+03	1.289968e-08	6.425791e-10	6.425791e-10
1.072314e+03	1.106879e+03	1.162838e-08	6.004868e-10	6.004868e-10
1.106879e+03	1.142557e+03	9.192746e-09	5.255144e-10	5.255144e-10
1.142557e+03	1.179386e+03	8.294293e-09	4.913114e-10	4.913114e-10
1.179386e+03	1.217401e+03	6.992316e-09	4.440125e-10	4.440125e-10
1.217401e+03	1.256642e+03	6.992368e-09	4.370230e-10	4.370230e-10
1.256642e+03	1.297148e+03	5.900785e-09	3.951458e-10	3.951458e-10
1.297148e+03	1.338960e+03	4.998711e-09	3.579651e-10	3.579651e-10
1.338960e+03	1.382119e+03	4.271510e-09	3.256996e-10	3.256996e-10
1.382119e+03	1.426670e+03	4.162104e-09	3.164390e-10	3.164390e-10
1.426670e+03	1.472656e+03	3.938994e-09	3.029996e-10	3.029996e-10
1.472656e+03	1.520125e+03	2.641802e-09	2.442346e-10	2.442346e-10
1.520125e+03	1.569124e+03	2.559311e-09	2.366083e-10	2.366083e-10
1.569124e+03	1.619702e+03	2.076773e-09	2.097856e-10	2.097856e-10
1.619702e+03	1.671910e+03	2.114582e-09	2.083560e-10	2.083560e-10
1.671910e+03	1.725802e+03	1.730292e-09	1.855067e-10	1.855067e-10
1.725802e+03	1.781430e+03	1.213868e-09	1.529330e-10	1.529330e-10
1.781430e+03	1.838852e+03	1.287939e-09	1.550496e-10	1.550496e-10
1.838852e+03	1.898124e+03	9.764916e-10	1.328837e-10	1.328837e-10
1.898124e+03	1.959307e+03	7.182529e-10	1.121723e-10	1.121723e-10
1.959307e+03	2.022463e+03	5.091328e-10	9.295449e-11	9.295449e-11
2.022463e+03	2.087654e+03	7.234181e-10	1.090594e-10	1.090594e-10
2.087654e+03	2.154946e+03	4.619117e-10	8.577484e-11	8.577484e-11
2.154946e+03	2.224407e+03	3.086123e-10	6.900783e-11	6.900783e-11
2.224407e+03	2.296107e+03	4.335141e-10	8.050154e-11	8.050154e-11
2.296107e+03	2.370119e+03	2.461903e-10	5.970994e-11	5.970994e-11
2.370119e+03	2.446516e+03	1.823860e-10	5.058477e-11	5.058477e-11
2.446516e+03	2.525375e+03	1.902835e-10	5.085541e-11	5.085541e-11
2.525375e+03	2.606777e+03	1.448378e-10	4.367024e-11	4.367024e-11
2.606777e+03	2.690802e+03	1.785846e-10	4.772873e-11	4.772873e-11
2.690802e+03	2.777536e+03	6.178812e-11	2.763249e-11	2.763249e-11
2.777536e+03	2.867065e+03	3.591550e-11	2.073582e-11	2.073582e-11
2.867065e+03	2.959481e+03	4.639137e-11	2.319568e-11	2.319568e-11
2.959481e+03	3.054875e+03	2.247156e-11	1.588980e-11	1.588980e-11
3.054875e+03	3.153344e+03	5.442455e-11	2.433940e-11	2.433940e-11
3.153344e+03	3.254987e+03	0.000000e+00	0.000000e+00	0.000000e+00
3.254987e+03	3.359906e+03	0.000000e+00	0.000000e+00	0.000000e+00
3.359906e+03	3.468208e+03	9.896641e-12	9.896641e-12	9.896641e-12
3.468208e+03	3.580000e+03	9.587681e-12	9.587681e-12	9.587681e-12
# END HISTO1D


# BEGIN HISTO1D //ospool/cms-user/youpeng/genvalid/genValidation/mg352VBS_merged.yoda.gz/MC_ZZINC:ENERGY=13600/ZZ_m
ErrorBars=1
LineColor=blue
LineStyle=solid
Path=//ospool/cms-user/youpeng/genvalid/genValidation/mg352VBS_merged.yoda.gz/MC_ZZINC:ENERGY=13600/ZZ_m
ScaledBy=1.07425781250000051e-09
Title=VBSZZ@LO(v352)
# xlow	 xhigh	 val	 errminus	 errplus
1.500000e+02	1.548350e+02	0.000000e+00	0.000000e+00	0.000000e+00
1.548350e+02	1.598259e+02	6.457298e-10	3.728124e-10	3.728124e-10
1.598259e+02	1.649776e+02	2.293775e-09	6.915990e-10	6.915990e-10
1.649776e+02	1.702954e+02	1.030260e-08	1.442652e-09	1.442652e-09
1.702954e+02	1.757846e+02	1.976609e-08	1.966800e-09	1.966800e-09
1.757846e+02	1.814507e+02	5.422384e-08	3.206323e-09	3.206323e-09
1.814507e+02	1.872995e+02	1.864266e-07	5.851601e-09	5.851601e-09
1.872995e+02	1.933368e+02	3.306066e-07	7.669880e-09	7.669880e-09
1.933368e+02	1.995687e+02	4.166436e-07	8.474740e-09	8.474740e-09
1.995687e+02	2.060015e+02	4.452137e-07	8.622607e-09	8.622607e-09
2.060015e+02	2.126417e+02	4.808129e-07	8.819659e-09	8.819659e-09
2.126417e+02	2.194958e+02	4.963706e-07	8.820275e-09	8.820275e-09
2.194958e+02	2.265709e+02	4.773737e-07	8.513678e-09	8.513678e-09
2.265709e+02	2.338741e+02	4.718779e-07	8.331295e-09	8.331295e-09
2.338741e+02	2.414127e+02	4.661206e-07	8.150009e-09	8.150009e-09
2.414127e+02	2.491942e+02	4.511566e-07	7.891985e-09	7.891985e-09
2.491942e+02	2.572266e+02	4.354593e-07	7.631420e-09	7.631420e-09
2.572266e+02	2.655179e+02	4.186228e-07	7.364688e-09	7.364688e-09
2.655179e+02	2.740764e+02	4.007834e-07	7.092679e-09	7.092679e-09
2.740764e+02	2.829109e+02	3.870466e-07	6.860328e-09	6.860328e-09
2.829109e+02	2.920300e+02	3.696660e-07	6.599075e-09	6.599075e-09
2.920300e+02	3.014432e+02	3.454487e-07	6.278811e-09	6.278811e-09
3.014432e+02	3.111597e+02	3.395303e-07	6.126869e-09	6.126869e-09
3.111597e+02	3.211895e+02	3.129655e-07	5.789704e-09	5.789704e-09
3.211895e+02	3.315425e+02	2.996674e-07	5.576233e-09	5.576233e-09
3.315425e+02	3.422292e+02	2.737238e-07	5.245522e-09	5.245522e-09
3.422292e+02	3.532605e+02	2.646862e-07	5.076993e-09	5.076993e-09
3.532605e+02	3.646473e+02	2.434976e-07	4.792927e-09	4.792927e-09
3.646473e+02	3.764011e+02	2.281261e-07	4.566174e-09	4.566174e-09
3.764011e+02	3.885338e+02	2.046214e-07	4.256484e-09	4.256484e-09
3.885338e+02	4.010576e+02	2.053509e-07	4.196956e-09	4.196956e-09
4.010576e+02	4.139850e+02	1.984411e-07	4.060827e-09	4.060827e-09
4.139850e+02	4.273292e+02	1.649521e-07	3.644072e-09	3.644072e-09
4.273292e+02	4.411035e+02	1.593336e-07	3.525114e-09	3.525114e-09
4.411035e+02	4.553217e+02	1.493725e-07	3.359443e-09	3.359443e-09
4.553217e+02	4.699983e+02	1.406081e-07	3.208091e-09	3.208091e-09
4.699983e+02	4.851480e+02	1.300481e-07	3.036716e-09	3.036716e-09
4.851480e+02	5.007859e+02	1.171263e-07	2.836562e-09	2.836562e-09
5.007859e+02	5.169280e+02	1.106062e-07	2.713089e-09	2.713089e-09
5.169280e+02	5.335903e+02	1.034137e-07	2.582116e-09	2.582116e-09
5.335903e+02	5.507898e+02	9.562423e-08	2.443883e-09	2.443883e-09
5.507898e+02	5.685436e+02	8.834255e-08	2.312031e-09	2.312031e-09
5.685436e+02	5.868697e+02	8.001495e-08	2.165733e-09	2.165733e-09
5.868697e+02	6.057866e+02	7.683452e-08	2.088851e-09	2.088851e-09
6.057866e+02	6.253131e+02	6.530325e-08	1.895437e-09	1.895437e-09
6.253131e+02	6.454691e+02	6.257090e-08	1.826157e-09	1.826157e-09
6.454691e+02	6.662748e+02	5.669288e-08	1.710911e-09	1.710911e-09
6.662748e+02	6.877511e+02	5.147120e-08	1.604563e-09	1.604563e-09
6.877511e+02	7.099197e+02	4.681094e-08	1.506117e-09	1.506117e-09
7.099197e+02	7.328028e+02	4.300205e-08	1.420827e-09	1.420827e-09
7.328028e+02	7.564236e+02	3.697468e-08	1.296759e-09	1.296759e-09
7.564236e+02	7.808057e+02	3.317664e-08	1.209024e-09	1.209024e-09
7.808057e+02	8.059737e+02	3.342117e-08	1.194375e-09	1.194375e-09
8.059737e+02	8.319530e+02	2.844917e-08	1.084614e-09	1.084614e-09
8.319530e+02	8.587697e+02	2.683972e-08	1.036909e-09	1.036909e-09
8.587697e+02	8.864508e+02	2.270288e-08	9.386488e-10	9.386488e-10
8.864508e+02	9.150242e+02	2.060284e-08	8.801099e-10	8.801099e-10
9.150242e+02	9.445185e+02	1.886688e-08	8.289633e-10	8.289633e-10
9.445185e+02	9.749636e+02	1.711326e-08	7.770733e-10	7.770733e-10
9.749636e+02	1.006390e+03	1.582687e-08	7.355367e-10	7.355367e-10
1.006390e+03	1.038829e+03	1.245171e-08	6.421478e-10	6.421478e-10
1.038829e+03	1.072314e+03	1.280062e-08	6.408327e-10	6.408327e-10
1.072314e+03	1.106879e+03	1.140612e-08	5.953948e-10	5.953948e-10
1.106879e+03	1.142557e+03	9.725469e-09	5.411395e-10	5.411395e-10
1.142557e+03	1.179386e+03	7.729732e-09	4.748337e-10	4.748337e-10
1.179386e+03	1.217401e+03	7.573355e-09	4.626163e-10	4.626163e-10
1.217401e+03	1.256642e+03	6.488089e-09	4.214467e-10	4.214467e-10
1.256642e+03	1.297148e+03	5.542880e-09	3.834090e-10	3.834090e-10
1.297148e+03	1.338960e+03	4.958667e-09	3.569326e-10	3.569326e-10
1.338960e+03	1.382119e+03	4.380764e-09	3.302125e-10	3.302125e-10
1.382119e+03	1.426670e+03	4.581468e-09	3.323747e-10	3.323747e-10
1.426670e+03	1.472656e+03	3.480720e-09	2.851517e-10	2.851517e-10
1.472656e+03	1.520125e+03	2.670425e-09	2.458326e-10	2.458326e-10
1.520125e+03	1.569124e+03	2.345876e-09	2.267844e-10	2.267844e-10
1.569124e+03	1.619702e+03	1.954046e-09	2.037233e-10	2.037233e-10
1.619702e+03	1.671910e+03	1.810732e-09	1.930246e-10	1.930246e-10
1.671910e+03	1.725802e+03	1.554815e-09	1.760482e-10	1.760482e-10
1.725802e+03	1.781430e+03	1.467671e-09	1.683534e-10	1.683534e-10
1.781430e+03	1.838852e+03	1.216028e-09	1.508297e-10	1.508297e-10
1.838852e+03	1.898124e+03	9.605827e-10	1.319462e-10	1.319462e-10
1.898124e+03	1.959307e+03	9.481379e-10	1.290252e-10	1.290252e-10
1.959307e+03	2.022463e+03	7.144029e-10	1.102348e-10	1.102348e-10
2.022463e+03	2.087654e+03	5.108372e-10	9.174909e-11	9.174909e-11
2.087654e+03	2.154946e+03	3.991032e-10	7.982062e-11	7.982062e-11
2.154946e+03	2.224407e+03	3.093126e-10	6.916438e-11	6.916438e-11
2.224407e+03	2.296107e+03	3.146361e-10	6.865925e-11	6.865925e-11
2.296107e+03	2.370119e+03	2.902929e-10	6.491146e-11	6.491146e-11
2.370119e+03	2.446516e+03	1.968613e-10	5.261339e-11	5.261339e-11
2.446516e+03	2.525375e+03	2.452052e-10	5.779543e-11	5.779543e-11
2.525375e+03	2.606777e+03	1.451665e-10	4.376932e-11	4.376932e-11
2.606777e+03	2.690802e+03	1.022798e-10	3.616138e-11	3.616138e-11
2.690802e+03	2.777536e+03	6.192830e-11	2.769518e-11	2.769518e-11
2.777536e+03	2.867065e+03	2.399799e-11	1.696914e-11	1.696914e-11
2.867065e+03	2.959481e+03	2.324831e-11	1.643904e-11	1.643904e-11
2.959481e+03	3.054875e+03	6.756764e-11	2.758437e-11	2.758437e-11
3.054875e+03	3.153344e+03	3.272881e-11	1.889599e-11	1.889599e-11
3.153344e+03	3.254987e+03	3.170679e-11	1.830593e-11	1.830593e-11
3.254987e+03	3.359906e+03	0.000000e+00	0.000000e+00	0.000000e+00
3.359906e+03	3.468208e+03	9.919097e-12	9.919096e-12	9.919096e-12
3.468208e+03	3.580000e+03	9.609435e-12	9.609434e-12	9.609434e-12
# END HISTO1D


# BEGIN HISTO1D //ospool/cms-user/youpeng/genvalid/genValidation/mg35xVBS_merged.yoda.gz/MC_ZZINC:ENERGY=13600/ZZ_m
ErrorBars=1
LineColor=green
LineStyle=solid
Path=//ospool/cms-user/youpeng/genvalid/genValidation/mg35xVBS_merged.yoda.gz/MC_ZZINC:ENERGY=13600/ZZ_m
ScaledBy=5.51937791219804204e-10
Title=VBSZZ@LO(v35x)
# xlow	 xhigh	 val	 errminus	 errplus
1.500000e+02	1.548350e+02	1.141547e-10	1.141547e-10	1.141547e-10
1.548350e+02	1.598259e+02	2.211777e-10	1.563962e-10	1.563962e-10
1.598259e+02	1.649776e+02	1.821329e-09	4.417373e-10	4.417373e-10
1.649776e+02	1.702954e+02	3.321300e-09	5.871284e-10	5.871284e-10
1.702954e+02	1.757846e+02	1.095992e-08	1.049770e-09	1.049770e-09
1.757846e+02	1.814507e+02	2.493710e-08	1.558568e-09	1.558568e-09
1.814507e+02	1.872995e+02	9.597194e-08	3.009427e-09	3.009427e-09
1.872995e+02	1.933368e+02	1.655640e-07	3.890511e-09	3.890511e-09
1.933368e+02	1.995687e+02	2.083971e-07	4.296162e-09	4.296162e-09
1.995687e+02	2.060015e+02	2.217944e-07	4.362348e-09	4.362348e-09
2.060015e+02	2.126417e+02	2.386393e-07	4.453747e-09	4.453747e-09
2.126417e+02	2.194958e+02	2.406942e-07	4.402533e-09	4.402533e-09
2.194958e+02	2.265709e+02	2.498702e-07	4.415054e-09	4.415054e-09
2.265709e+02	2.338741e+02	2.350377e-07	4.214608e-09	4.214608e-09
2.338741e+02	2.414127e+02	2.409502e-07	4.200136e-09	4.200136e-09
2.414127e+02	2.491942e+02	2.327197e-07	4.062842e-09	4.062842e-09
2.491942e+02	2.572266e+02	2.211215e-07	3.897964e-09	3.897964e-09
2.572266e+02	2.655179e+02	2.048973e-07	3.693191e-09	3.693191e-09
2.655179e+02	2.740764e+02	2.045624e-07	3.632111e-09	3.632111e-09
2.740764e+02	2.829109e+02	1.966721e-07	3.505303e-09	3.505303e-09
2.829109e+02	2.920300e+02	1.836342e-07	3.333849e-09	3.333849e-09
2.920300e+02	3.014432e+02	1.751411e-07	3.204575e-09	3.204575e-09
3.014432e+02	3.111597e+02	1.692197e-07	3.100384e-09	3.100384e-09
3.111597e+02	3.211895e+02	1.506166e-07	2.878958e-09	2.878958e-09
3.211895e+02	3.315425e+02	1.499130e-07	2.827037e-09	2.827037e-09
3.315425e+02	3.422292e+02	1.407385e-07	2.696061e-09	2.696061e-09
3.422292e+02	3.532605e+02	1.292873e-07	2.543371e-09	2.543371e-09
3.532605e+02	3.646473e+02	1.301951e-07	2.512126e-09	2.512126e-09
3.646473e+02	3.764011e+02	1.162216e-07	2.336143e-09	2.336143e-09
3.764011e+02	3.885338e+02	1.108634e-07	2.245745e-09	2.245745e-09
3.885338e+02	4.010576e+02	1.019365e-07	2.119541e-09	2.119541e-09
4.010576e+02	4.139850e+02	9.491143e-08	2.013023e-09	2.013023e-09
4.139850e+02	4.273292e+02	8.838979e-08	1.912053e-09	1.912053e-09
4.273292e+02	4.411035e+02	8.366639e-08	1.830990e-09	1.830990e-09
4.411035e+02	4.553217e+02	7.853104e-08	1.745997e-09	1.745997e-09
4.553217e+02	4.699983e+02	7.036207e-08	1.626678e-09	1.626678e-09
4.699983e+02	4.851480e+02	6.805547e-08	1.574616e-09	1.574616e-09
4.851480e+02	5.007859e+02	5.894245e-08	1.442348e-09	1.442348e-09
5.007859e+02	5.169280e+02	5.686203e-08	1.394364e-09	1.394364e-09
5.169280e+02	5.335903e+02	5.164179e-08	1.307911e-09	1.307911e-09
5.335903e+02	5.507898e+02	4.662726e-08	1.223227e-09	1.223227e-09
5.507898e+02	5.685436e+02	4.445645e-08	1.175620e-09	1.175620e-09
5.685436e+02	5.868697e+02	4.276697e-08	1.134917e-09	1.134917e-09
5.868697e+02	6.057866e+02	3.714228e-08	1.041009e-09	1.041009e-09
6.057866e+02	6.253131e+02	3.366491e-08	9.754873e-10	9.754873e-10
6.253131e+02	6.454691e+02	3.239444e-08	9.418422e-10	9.418422e-10
6.454691e+02	6.662748e+02	2.819948e-08	8.649171e-10	8.649171e-10
6.662748e+02	6.877511e+02	2.629095e-08	8.219936e-10	8.219936e-10
6.877511e+02	7.099197e+02	2.345324e-08	7.641477e-10	7.641477e-10
7.099197e+02	7.328028e+02	2.291389e-08	7.434249e-10	7.434249e-10
7.328028e+02	7.564236e+02	2.007191e-08	6.848447e-10	6.848447e-10
7.564236e+02	7.808057e+02	1.738522e-08	6.273351e-10	6.273351e-10
7.808057e+02	8.059737e+02	1.565812e-08	5.859904e-10	5.859904e-10
8.059737e+02	8.319530e+02	1.474423e-08	5.596834e-10	5.596834e-10
8.319530e+02	8.587697e+02	1.309007e-08	5.190550e-10	5.190550e-10
8.587697e+02	8.864508e+02	1.170429e-08	4.830875e-10	4.830875e-10
8.864508e+02	9.150242e+02	1.010253e-08	4.417526e-10	4.417526e-10
9.150242e+02	9.445185e+02	9.394113e-09	4.192797e-10	4.192797e-10
9.445185e+02	9.749636e+02	8.792541e-09	3.992487e-10	3.992487e-10
9.749636e+02	1.006390e+03	8.166736e-09	3.787232e-10	3.787232e-10
1.006390e+03	1.038829e+03	6.873914e-09	3.419900e-10	3.419900e-10
1.038829e+03	1.072314e+03	5.521852e-09	3.016909e-10	3.016909e-10
1.072314e+03	1.106879e+03	5.301412e-09	2.909528e-10	2.909528e-10
1.106879e+03	1.142557e+03	4.996802e-09	2.780295e-10	2.780295e-10
1.142557e+03	1.179386e+03	4.346086e-09	2.552109e-10	2.552109e-10
1.179386e+03	1.217401e+03	3.658774e-09	2.304811e-10	2.304811e-10
1.217401e+03	1.256642e+03	3.080309e-09	2.081479e-10	2.081479e-10
1.256642e+03	1.297148e+03	2.888728e-09	1.983986e-10	1.983986e-10
1.297148e+03	1.338960e+03	2.428886e-09	1.790598e-10	1.790598e-10
1.338960e+03	1.382119e+03	2.148464e-09	1.657576e-10	1.657576e-10
1.382119e+03	1.426670e+03	1.833557e-09	1.507175e-10	1.507175e-10
1.426670e+03	1.472656e+03	1.548297e-09	1.363199e-10	1.363199e-10
1.472656e+03	1.520125e+03	1.197615e-09	1.180045e-10	1.180045e-10
1.520125e+03	1.569124e+03	1.250333e-09	1.186764e-10	1.186764e-10
1.569124e+03	1.619702e+03	1.123998e-09	1.107509e-10	1.107509e-10
1.619702e+03	1.671910e+03	9.726149e-10	1.014021e-10	1.014021e-10
1.671910e+03	1.725802e+03	6.759424e-10	8.320277e-11	8.320277e-11
1.725802e+03	1.781430e+03	6.350043e-10	7.937553e-11	7.937553e-11
1.781430e+03	1.838852e+03	5.671055e-10	7.383083e-11	7.383083e-11
1.838852e+03	1.898124e+03	4.190377e-10	6.246645e-11	6.246645e-11
1.898124e+03	1.959307e+03	2.976963e-10	5.182227e-11	5.182227e-11
1.959307e+03	2.022463e+03	2.971353e-10	5.095830e-11	5.095830e-11
2.022463e+03	2.087654e+03	2.793936e-10	4.863619e-11	4.863619e-11
2.087654e+03	2.154946e+03	2.296597e-10	4.340160e-11	4.340160e-11
2.154946e+03	2.224407e+03	2.145423e-10	4.128868e-11	4.128868e-11
2.224407e+03	2.296107e+03	1.385618e-10	3.265933e-11	3.265933e-11
2.296107e+03	2.370119e+03	9.694632e-11	2.688807e-11	2.688807e-11
2.370119e+03	2.446516e+03	1.444921e-10	3.230940e-11	3.230940e-11
2.446516e+03	2.525375e+03	6.999046e-11	2.213293e-11	2.213293e-11
2.525375e+03	2.606777e+03	8.814514e-11	2.444706e-11	2.444706e-11
2.606777e+03	2.690802e+03	7.225607e-11	2.178602e-11	2.178602e-11
2.690802e+03	2.777536e+03	5.090855e-11	1.799889e-11	1.799889e-11
2.777536e+03	2.867065e+03	3.698943e-11	1.510087e-11	1.510087e-11
2.867065e+03	2.959481e+03	2.986159e-11	1.335451e-11	1.335451e-11
2.959481e+03	3.054875e+03	1.735762e-11	1.002143e-11	1.002143e-11
3.054875e+03	3.153344e+03	2.802597e-11	1.253360e-11	1.253360e-11
3.153344e+03	3.254987e+03	5.430160e-12	5.430160e-12	5.430160e-12
3.254987e+03	3.359906e+03	1.052122e-11	7.439624e-12	7.439624e-12
3.359906e+03	3.468208e+03	2.038514e-11	1.019257e-11	1.019257e-11
3.468208e+03	3.580000e+03	0.000000e+00	0.000000e+00	0.000000e+00
# END HISTO1D

