# BEGIN PLOT
Legend=1
LogY=0
Title=Peak region of transverse momentum of boson pair
XLabel=$p_\perp^{\mathrm{ZZ}}$ [GeV]
YLabel=$\mathrm{d}\sigma/\mathrm{d}p_\perp^{\mathrm{ZZ}}$ [pb/GeV]
LegendYPos=0.5
LegendXPos=0.30
RemoveOptions=1
DrawOnly=//ospool/cms-user/youpeng/genvalid/genValidation/masterVBS_merged.yoda.gz/MC_ZZINC:ENERGY=13600/ZZ_pT_peak //ospool/cms-user/youpeng/genvalid/genValidation/mg352VBS_merged.yoda.gz/MC_ZZINC:ENERGY=13600/ZZ_pT_peak //ospool/cms-user/youpeng/genvalid/genValidation/mg35xVBS_merged.yoda.gz/MC_ZZINC:ENERGY=13600/ZZ_pT_peak
LegendOnly=//ospool/cms-user/youpeng/genvalid/genValidation/masterVBS_merged.yoda.gz/MC_ZZINC:ENERGY=13600/ZZ_pT_peak //ospool/cms-user/youpeng/genvalid/genValidation/mg352VBS_merged.yoda.gz/MC_ZZINC:ENERGY=13600/ZZ_pT_peak //ospool/cms-user/youpeng/genvalid/genValidation/mg35xVBS_merged.yoda.gz/MC_ZZINC:ENERGY=13600/ZZ_pT_peak
RatioPlot=1
RatioPlotReference=//ospool/cms-user/youpeng/genvalid/genValidation/masterVBS_merged.yoda.gz/MC_ZZINC:ENERGY=13600/ZZ_pT_peak
RatioPlotYLabel=Ratio
# END PLOT

# BEGIN HISTO1D //ospool/cms-user/youpeng/genvalid/genValidation/masterVBS_merged.yoda.gz/MC_ZZINC:ENERGY=13600/ZZ_pT_peak
ErrorBars=1
LineColor=red
LineStyle=solid
Path=//ospool/cms-user/youpeng/genvalid/genValidation/masterVBS_merged.yoda.gz/MC_ZZINC:ENERGY=13600/ZZ_pT_peak
ScaledBy=1.07182617187499956e-09
Title=VBSZZ@LO(v2918)
# xlow	 xhigh	 val	 errminus	 errplus
0.000000e+00	1.000000e+00	5.359131e-09	2.396676e-09	2.396676e-09
1.000000e+00	2.000000e+00	1.822104e-08	4.419252e-09	4.419252e-09
2.000000e+00	3.000000e+00	3.108296e-08	5.771961e-09	5.771961e-09
3.000000e+00	4.000000e+00	4.930400e-08	7.269479e-09	7.269479e-09
4.000000e+00	5.000000e+00	5.359131e-08	7.578956e-09	7.578956e-09
5.000000e+00	6.000000e+00	7.395601e-08	8.903257e-09	8.903257e-09
6.000000e+00	7.000000e+00	9.003340e-08	9.823449e-09	9.823449e-09
7.000000e+00	8.000000e+00	1.136136e-07	1.103513e-08	1.103513e-08
8.000000e+00	9.000000e+00	1.243318e-07	1.154392e-08	1.154392e-08
9.000000e+00	1.000000e+01	1.254037e-07	1.159357e-08	1.159357e-08
1.000000e+01	1.100000e+01	1.329064e-07	1.193535e-08	1.193535e-08
1.100000e+01	1.200000e+01	1.672049e-07	1.338711e-08	1.338711e-08
1.200000e+01	1.300000e+01	1.854259e-07	1.409767e-08	1.409767e-08
1.300000e+01	1.400000e+01	1.747077e-07	1.368416e-08	1.368416e-08
1.400000e+01	1.500000e+01	2.304426e-07	1.571606e-08	1.571606e-08
1.500000e+01	1.600000e+01	2.197244e-07	1.534621e-08	1.534621e-08
1.600000e+01	1.700000e+01	2.240117e-07	1.549521e-08	1.549521e-08
1.700000e+01	1.800000e+01	2.615256e-07	1.674246e-08	1.674246e-08
1.800000e+01	1.900000e+01	2.336581e-07	1.582532e-08	1.582532e-08
1.900000e+01	2.000000e+01	2.872494e-07	1.754655e-08	1.754655e-08
2.000000e+01	2.100000e+01	2.668847e-07	1.691313e-08	1.691313e-08
2.100000e+01	2.200000e+01	2.604538e-07	1.670812e-08	1.670812e-08
2.200000e+01	2.300000e+01	2.968958e-07	1.783874e-08	1.783874e-08
2.300000e+01	2.400000e+01	3.226197e-07	1.859549e-08	1.859549e-08
2.400000e+01	2.500000e+01	3.365534e-07	1.899281e-08	1.899281e-08
# END HISTO1D


# BEGIN HISTO1D //ospool/cms-user/youpeng/genvalid/genValidation/mg352VBS_merged.yoda.gz/MC_ZZINC:ENERGY=13600/ZZ_pT_peak
ErrorBars=1
LineColor=blue
LineStyle=solid
Path=//ospool/cms-user/youpeng/genvalid/genValidation/mg352VBS_merged.yoda.gz/MC_ZZINC:ENERGY=13600/ZZ_pT_peak
ScaledBy=1.07425781250000051e-09
Title=VBSZZ@LO(v352)
# xlow	 xhigh	 val	 errminus	 errplus
0.000000e+00	1.000000e+00	3.222773e-09	1.860669e-09	1.860669e-09
1.000000e+00	2.000000e+00	2.363367e-08	5.038716e-09	5.038716e-09
2.000000e+00	3.000000e+00	3.330199e-08	5.981215e-09	5.981215e-09
3.000000e+00	4.000000e+00	5.908418e-08	7.966909e-09	7.966909e-09
4.000000e+00	5.000000e+00	6.875250e-08	8.594062e-09	8.594062e-09
5.000000e+00	6.000000e+00	6.875250e-08	8.594062e-09	8.594062e-09
6.000000e+00	7.000000e+00	9.238617e-08	9.962257e-09	9.962257e-09
7.000000e+00	8.000000e+00	8.486637e-08	9.548212e-09	9.548212e-09
8.000000e+00	9.000000e+00	9.990598e-08	1.035977e-08	1.035977e-08
9.000000e+00	1.000000e+01	1.321337e-07	1.191410e-08	1.191410e-08
1.000000e+01	1.100000e+01	1.278367e-07	1.171877e-08	1.171877e-08
1.100000e+01	1.200000e+01	1.600644e-07	1.311299e-08	1.311299e-08
1.200000e+01	1.300000e+01	1.600644e-07	1.311299e-08	1.311299e-08
1.300000e+01	1.400000e+01	1.729555e-07	1.363080e-08	1.363080e-08
1.400000e+01	1.500000e+01	2.073318e-07	1.492407e-08	1.492407e-08
1.500000e+01	1.600000e+01	2.148516e-07	1.519230e-08	1.519230e-08
1.600000e+01	1.700000e+01	2.245199e-07	1.553036e-08	1.553036e-08
1.700000e+01	1.800000e+01	2.610446e-07	1.674602e-08	1.674602e-08
1.800000e+01	1.900000e+01	2.642674e-07	1.684907e-08	1.684907e-08
1.900000e+01	2.000000e+01	2.717872e-07	1.708712e-08	1.708712e-08
2.000000e+01	2.100000e+01	2.696387e-07	1.701944e-08	1.701944e-08
2.100000e+01	2.200000e+01	3.050892e-07	1.810372e-08	1.810372e-08
2.200000e+01	2.300000e+01	2.846783e-07	1.748765e-08	1.748765e-08
2.300000e+01	2.400000e+01	3.319457e-07	1.888373e-08	1.888373e-08
2.400000e+01	2.500000e+01	3.115348e-07	1.829395e-08	1.829395e-08
# END HISTO1D


# BEGIN HISTO1D //ospool/cms-user/youpeng/genvalid/genValidation/mg35xVBS_merged.yoda.gz/MC_ZZINC:ENERGY=13600/ZZ_pT_peak
ErrorBars=1
LineColor=green
LineStyle=solid
Path=//ospool/cms-user/youpeng/genvalid/genValidation/mg35xVBS_merged.yoda.gz/MC_ZZINC:ENERGY=13600/ZZ_pT_peak
ScaledBy=5.51937791219804204e-10
Title=VBSZZ@LO(v35x)
# xlow	 xhigh	 val	 errminus	 errplus
0.000000e+00	1.000000e+00	2.207751e-09	1.103875e-09	1.103875e-09
1.000000e+00	2.000000e+00	7.727129e-09	2.065162e-09	2.065162e-09
2.000000e+00	3.000000e+00	1.711007e-08	3.073060e-09	3.073060e-09
3.000000e+00	4.000000e+00	1.711007e-08	3.073060e-09	3.073060e-09
4.000000e+00	5.000000e+00	3.090852e-08	4.130324e-09	4.130324e-09
5.000000e+00	6.000000e+00	3.587596e-08	4.449865e-09	4.449865e-09
6.000000e+00	7.000000e+00	4.857053e-08	5.177636e-09	5.177636e-09
7.000000e+00	8.000000e+00	5.353797e-08	5.435957e-09	5.435957e-09
8.000000e+00	9.000000e+00	6.457672e-08	5.970120e-09	5.970120e-09
9.000000e+00	1.000000e+01	7.119998e-08	6.268808e-09	6.268808e-09
1.000000e+01	1.100000e+01	7.451160e-08	6.412938e-09	6.412938e-09
1.100000e+01	1.200000e+01	8.665423e-08	6.915761e-09	6.915761e-09
1.200000e+01	1.300000e+01	8.058292e-08	6.669090e-09	6.669090e-09
1.300000e+01	1.400000e+01	8.775811e-08	6.959671e-09	6.959671e-09
1.400000e+01	1.500000e+01	9.382942e-08	7.196389e-09	7.196389e-09
1.500000e+01	1.600000e+01	1.131472e-07	7.902546e-09	7.902546e-09
1.600000e+01	1.700000e+01	1.164589e-07	8.017359e-09	8.017359e-09
1.700000e+01	1.800000e+01	1.286015e-07	8.424965e-09	8.424965e-09
1.800000e+01	1.900000e+01	1.280496e-07	8.406866e-09	8.406866e-09
1.900000e+01	2.000000e+01	1.330170e-07	8.568378e-09	8.568378e-09
2.000000e+01	2.100000e+01	1.611658e-07	9.431517e-09	9.431517e-09
2.100000e+01	2.200000e+01	1.308093e-07	8.496974e-09	8.496974e-09
2.200000e+01	2.300000e+01	1.490232e-07	9.069263e-09	9.069263e-09
2.300000e+01	2.400000e+01	1.523348e-07	9.169479e-09	9.169479e-09
2.400000e+01	2.500000e+01	1.523348e-07	9.169479e-09	9.169479e-09
# END HISTO1D

