# BEGIN PLOT
Legend=1
LogY=1
Title=Transverse momentum of boson pair
XLabel=$p_\perp^{\mathrm{ZZ}}$ [GeV]
YLabel=$\mathrm{d}\sigma/\mathrm{d}p_\perp^{\mathrm{ZZ}}$ [pb/GeV]
LogX=1
LegendXPos=0.05
LegendYPos=0.5
RemoveOptions=1
DrawOnly=//eos/home-y/youpeng/valid/genValidation/masterVBS_merged.yoda.gz/MC_ZZINC:ENERGY=13600/ZZ_pT //eos/home-y/youpeng/valid/genValidation/mg352VBS_merged.yoda.gz/MC_ZZINC:ENERGY=13600/ZZ_pT //eos/home-y/youpeng/valid/genValidation/mg35xVBS_merged.yoda.gz/MC_ZZINC:ENERGY=13600/ZZ_pT
LegendOnly=//eos/home-y/youpeng/valid/genValidation/masterVBS_merged.yoda.gz/MC_ZZINC:ENERGY=13600/ZZ_pT //eos/home-y/youpeng/valid/genValidation/mg352VBS_merged.yoda.gz/MC_ZZINC:ENERGY=13600/ZZ_pT //eos/home-y/youpeng/valid/genValidation/mg35xVBS_merged.yoda.gz/MC_ZZINC:ENERGY=13600/ZZ_pT
RatioPlot=1
RatioPlotReference=//eos/home-y/youpeng/valid/genValidation/masterVBS_merged.yoda.gz/MC_ZZINC:ENERGY=13600/ZZ_pT
RatioPlotYLabel=Ratio
# END PLOT

# BEGIN HISTO1D //eos/home-y/youpeng/valid/genValidation/masterVBS_merged.yoda.gz/MC_ZZINC:ENERGY=13600/ZZ_pT
ErrorBars=1
LineColor=red
LineStyle=solid
Path=//eos/home-y/youpeng/valid/genValidation/masterVBS_merged.yoda.gz/MC_ZZINC:ENERGY=13600/ZZ_pT
ScaledBy=1.07182617187499956e-09
Title=VBSZZ@LO(v2918)
# xlow	 xhigh	 val	 errminus	 errplus
1.000000e+00	1.092258e+00	2.323541e-08	1.642992e-08	1.642992e-08
1.092258e+00	1.193027e+00	0.000000e+00	0.000000e+00	0.000000e+00
1.193027e+00	1.303093e+00	9.738030e-09	9.738030e-09	9.738030e-09
1.303093e+00	1.423313e+00	8.915538e-09	8.915538e-09	8.915538e-09
1.423313e+00	1.554624e+00	1.632500e-08	1.154352e-08	1.154352e-08
1.554624e+00	1.698050e+00	3.736513e-08	1.671019e-08	1.671019e-08
1.698050e+00	1.854708e+00	2.052547e-08	1.185038e-08	1.185038e-08
1.854708e+00	2.025819e+00	1.879177e-08	1.084943e-08	1.084943e-08
2.025819e+00	2.212717e+00	4.014373e-08	1.517290e-08	1.517290e-08
2.212717e+00	2.416857e+00	1.050089e-08	7.425253e-09	7.425253e-09
2.416857e+00	2.639830e+00	2.884186e-08	1.177464e-08	1.177464e-08
2.639830e+00	2.883375e+00	2.640562e-08	1.078005e-08	1.078005e-08
2.883375e+00	3.149388e+00	6.446760e-08	1.611690e-08	1.611690e-08
3.149388e+00	3.439943e+00	4.426670e-08	1.277870e-08	1.277870e-08
3.439943e+00	3.757304e+00	3.377308e-08	1.067999e-08	1.067999e-08
3.757304e+00	4.103944e+00	5.874885e-08	1.347791e-08	1.347791e-08
4.103944e+00	4.482564e+00	5.095576e-08	1.201039e-08	1.201039e-08
4.482564e+00	4.896115e+00	5.442702e-08	1.187695e-08	1.187695e-08
4.896115e+00	5.347819e+00	6.169412e-08	1.209921e-08	1.209921e-08
5.347819e+00	5.841196e+00	7.603500e-08	1.285226e-08	1.285226e-08
5.841196e+00	6.380091e+00	8.751306e-08	1.319309e-08	1.319309e-08
6.380091e+00	6.968703e+00	8.922598e-08	1.274657e-08	1.274657e-08
6.968703e+00	7.611619e+00	1.233678e-07	1.434122e-08	1.434122e-08
7.611619e+00	8.313849e+00	1.083686e-07	1.286098e-08	1.286098e-08
8.313849e+00	9.080865e+00	1.257658e-07	1.325687e-08	1.325687e-08
9.080865e+00	9.918644e+00	1.266573e-07	1.272953e-08	1.272953e-08
9.918644e+00	1.083371e+01	1.405572e-07	1.283106e-08	1.283106e-08
1.083371e+01	1.183321e+01	1.608543e-07	1.313370e-08	1.313370e-08
1.183321e+01	1.292491e+01	1.855593e-07	1.349746e-08	1.349746e-08
1.292491e+01	1.411733e+01	1.680880e-07	1.229181e-08	1.229181e-08
1.411733e+01	1.541977e+01	2.320683e-07	1.381946e-08	1.381946e-08
1.541977e+01	1.684236e+01	2.230161e-07	1.296255e-08	1.296255e-08
1.684236e+01	1.839619e+01	2.469471e-07	1.305156e-08	1.305156e-08
1.839619e+01	2.009338e+01	2.696633e-07	1.304992e-08	1.304992e-08
2.009338e+01	2.194715e+01	2.659661e-07	1.240073e-08	1.240073e-08
2.194715e+01	2.397194e+01	3.070240e-07	1.274848e-08	1.274848e-08
2.397194e+01	2.618354e+01	3.053222e-07	1.216433e-08	1.216433e-08
2.618354e+01	2.859917e+01	3.540763e-07	1.253416e-08	1.253416e-08
2.859917e+01	3.123766e+01	3.721040e-07	1.229466e-08	1.229466e-08
3.123766e+01	3.411957e+01	4.046438e-07	1.226757e-08	1.226757e-08
3.411957e+01	3.726736e+01	4.072394e-07	1.177563e-08	1.177563e-08
3.726736e+01	4.070556e+01	4.607524e-07	1.198479e-08	1.198479e-08
4.070556e+01	4.446096e+01	4.754918e-07	1.164946e-08	1.164946e-08
4.446096e+01	4.856282e+01	4.802741e-07	1.120253e-08	1.120253e-08
4.856282e+01	5.304311e+01	5.253522e-07	1.121074e-08	1.121074e-08
5.304311e+01	5.793675e+01	5.366096e-07	1.084115e-08	1.084115e-08
5.793675e+01	6.328185e+01	5.368055e-07	1.037511e-08	1.037511e-08
6.328185e+01	6.912009e+01	5.606753e-07	1.014558e-08	1.014558e-08
6.912009e+01	7.549694e+01	5.724833e-07	9.809355e-09	9.809355e-09
7.549694e+01	8.246211e+01	5.759867e-07	9.414615e-09	9.414615e-09
8.246211e+01	9.006987e+01	5.641072e-07	8.914862e-09	8.914862e-09
9.006987e+01	9.837951e+01	5.699886e-07	8.574408e-09	8.574408e-09
9.837951e+01	1.074558e+02	5.298733e-07	7.910319e-09	7.910319e-09
1.074558e+02	1.173694e+02	5.210146e-07	7.505358e-09	7.505358e-09
1.173694e+02	1.281976e+02	4.933398e-07	6.988068e-09	6.988068e-09
1.281976e+02	1.400248e+02	4.652628e-07	6.493373e-09	6.493373e-09
1.400248e+02	1.529432e+02	4.253819e-07	5.940832e-09	5.940832e-09
1.529432e+02	1.670533e+02	3.862649e-07	5.416762e-09	5.416762e-09
1.670533e+02	1.824653e+02	3.530100e-07	4.954800e-09	4.954800e-09
1.824653e+02	1.992991e+02	3.138984e-07	4.470598e-09	4.470598e-09
1.992991e+02	2.176860e+02	2.696048e-07	3.964347e-09	3.964347e-09
2.176860e+02	2.377692e+02	2.284206e-07	3.491510e-09	3.491510e-09
2.377692e+02	2.597052e+02	1.897781e-07	3.045135e-09	3.045135e-09
2.597052e+02	2.836650e+02	1.518731e-07	2.606520e-09	2.606520e-09
2.836650e+02	3.098352e+02	1.279055e-07	2.288776e-09	2.288776e-09
3.098352e+02	3.384199e+02	9.966570e-08	1.933162e-09	1.933162e-09
3.384199e+02	3.696417e+02	7.415155e-08	1.595487e-09	1.595487e-09
3.696417e+02	4.037440e+02	5.541063e-08	1.319674e-09	1.319674e-09
4.037440e+02	4.409924e+02	4.109084e-08	1.087379e-09	1.087379e-09
4.409924e+02	4.816774e+02	3.092845e-08	9.026599e-10	9.026599e-10
4.816774e+02	5.261158e+02	2.197274e-08	7.279895e-10	7.279895e-10
5.261158e+02	5.746540e+02	1.477294e-08	5.711547e-10	5.711547e-10
5.746540e+02	6.276702e+02	1.039152e-08	4.583501e-10	4.583501e-10
6.276702e+02	6.855776e+02	6.182110e-09	3.382700e-10	3.382700e-10
6.855776e+02	7.488273e+02	4.134812e-09	2.647042e-10	2.647042e-10
7.488273e+02	8.179124e+02	2.978799e-09	2.149763e-10	2.149763e-10
8.179124e+02	8.933710e+02	1.775521e-09	1.588073e-10	1.588073e-10
8.933710e+02	9.757913e+02	1.001339e-09	1.141131e-10	1.141131e-10
9.757913e+02	1.065816e+03	5.238601e-10	7.897489e-11	7.897489e-11
1.065816e+03	1.164145e+03	4.469167e-10	6.979667e-11	6.979667e-11
1.164145e+03	1.271546e+03	1.896137e-10	4.350036e-11	4.350036e-11
1.271546e+03	1.388856e+03	1.461872e-10	3.654679e-11	3.654679e-11
1.388856e+03	1.516989e+03	4.182475e-11	1.870460e-11	1.870460e-11
1.516989e+03	1.656943e+03	1.531683e-11	1.083064e-11	1.083064e-11
1.656943e+03	1.809808e+03	2.103476e-11	1.214442e-11	1.214442e-11
1.809808e+03	1.976777e+03	6.419311e-12	6.419311e-12	6.419311e-12
1.976777e+03	2.159150e+03	5.877109e-12	5.877109e-12	5.877109e-12
2.159150e+03	2.358348e+03	0.000000e+00	0.000000e+00	0.000000e+00
2.358348e+03	2.575923e+03	0.000000e+00	0.000000e+00	0.000000e+00
2.575923e+03	2.813572e+03	0.000000e+00	0.000000e+00	0.000000e+00
2.813572e+03	3.073145e+03	0.000000e+00	0.000000e+00	0.000000e+00
3.073145e+03	3.356667e+03	0.000000e+00	0.000000e+00	0.000000e+00
3.356667e+03	3.666345e+03	0.000000e+00	0.000000e+00	0.000000e+00
3.666345e+03	4.004593e+03	0.000000e+00	0.000000e+00	0.000000e+00
4.004593e+03	4.374047e+03	0.000000e+00	0.000000e+00	0.000000e+00
4.374047e+03	4.777586e+03	0.000000e+00	0.000000e+00	0.000000e+00
4.777586e+03	5.218355e+03	0.000000e+00	0.000000e+00	0.000000e+00
5.218355e+03	5.699788e+03	0.000000e+00	0.000000e+00	0.000000e+00
5.699788e+03	6.225637e+03	0.000000e+00	0.000000e+00	0.000000e+00
6.225637e+03	6.800000e+03	0.000000e+00	0.000000e+00	0.000000e+00
# END HISTO1D


# BEGIN HISTO1D //eos/home-y/youpeng/valid/genValidation/mg352VBS_merged.yoda.gz/MC_ZZINC:ENERGY=13600/ZZ_pT
ErrorBars=1
LineColor=blue
LineStyle=solid
Path=//eos/home-y/youpeng/valid/genValidation/mg352VBS_merged.yoda.gz/MC_ZZINC:ENERGY=13600/ZZ_pT
ScaledBy=1.07425781250000051e-09
Title=VBSZZ@LO(v352)
# xlow	 xhigh	 val	 errminus	 errplus
1.000000e+00	1.092258e+00	1.164406e-08	1.164406e-08	1.164406e-08
1.092258e+00	1.193027e+00	0.000000e+00	0.000000e+00	0.000000e+00
1.193027e+00	1.303093e+00	0.000000e+00	0.000000e+00	0.000000e+00
1.303093e+00	1.423313e+00	3.574306e-08	1.787153e-08	1.787153e-08
1.423313e+00	1.554624e+00	5.726714e-08	2.164494e-08	2.164494e-08
1.554624e+00	1.698050e+00	1.497996e-08	1.059243e-08	1.059243e-08
1.698050e+00	1.854708e+00	2.742937e-08	1.371469e-08	1.371469e-08
1.854708e+00	2.025819e+00	2.511254e-08	1.255627e-08	1.255627e-08
2.025819e+00	2.212717e+00	1.724349e-08	9.955533e-09	9.955533e-09
2.212717e+00	2.416857e+00	2.631179e-08	1.176699e-08	1.176699e-08
2.416857e+00	2.639830e+00	6.745036e-08	1.802687e-08	1.802687e-08
2.639830e+00	2.883375e+00	3.087645e-08	1.167020e-08	1.167020e-08
2.883375e+00	3.149388e+00	4.038367e-08	1.277043e-08	1.277043e-08
3.149388e+00	3.439943e+00	6.655070e-08	1.568615e-08	1.568615e-08
3.439943e+00	3.757304e+00	6.092948e-08	1.436122e-08	1.436122e-08
3.757304e+00	4.103944e+00	5.888213e-08	1.350849e-08	1.350849e-08
4.103944e+00	4.482564e+00	7.376974e-08	1.446744e-08	1.446744e-08
4.482564e+00	4.896115e+00	5.714814e-08	1.218403e-08	1.218403e-08
4.896115e+00	5.347819e+00	7.848173e-08	1.366191e-08	1.366191e-08
5.347819e+00	5.841196e+00	5.661127e-08	1.110239e-08	1.110239e-08
5.841196e+00	6.380091e+00	8.771160e-08	1.322302e-08	1.322302e-08
6.380091e+00	6.968703e+00	9.307855e-08	1.303360e-08	1.303360e-08
6.968703e+00	7.611619e+00	7.686208e-08	1.133269e-08	1.133269e-08
7.611619e+00	8.313849e+00	9.790596e-08	1.223824e-08	1.223824e-08
8.313849e+00	9.080865e+00	1.036420e-07	1.204814e-08	1.204814e-08
9.080865e+00	9.918644e+00	1.295091e-07	1.288664e-08	1.288664e-08
9.918644e+00	1.083371e+01	1.244405e-07	1.208674e-08	1.208674e-08
1.083371e+01	1.183321e+01	1.569201e-07	1.298680e-08	1.298680e-08
1.183321e+01	1.292491e+01	1.682679e-07	1.286777e-08	1.286777e-08
1.292491e+01	1.411733e+01	1.684693e-07	1.231970e-08	1.231970e-08
1.411733e+01	1.541977e+01	2.119747e-07	1.322262e-08	1.322262e-08
1.541977e+01	1.684236e+01	2.220118e-07	1.294799e-08	1.294799e-08
1.684236e+01	1.839619e+01	2.571864e-07	1.333449e-08	1.333449e-08
1.839619e+01	2.009338e+01	2.715410e-07	1.311012e-08	1.311012e-08
2.009338e+01	2.194715e+01	2.816365e-07	1.277529e-08	1.277529e-08
2.194715e+01	2.397194e+01	3.098428e-07	1.282139e-08	1.282139e-08
2.397194e+01	2.618354e+01	3.113580e-07	1.229790e-08	1.229790e-08
2.618354e+01	2.859917e+01	3.433171e-07	1.235625e-08	1.235625e-08
2.859917e+01	3.123766e+01	3.562551e-07	1.204362e-08	1.204362e-08
3.123766e+01	3.411957e+01	3.876693e-07	1.202112e-08	1.202112e-08
3.411957e+01	3.726736e+01	4.375130e-07	1.221931e-08	1.221931e-08
3.726736e+01	4.070556e+01	4.393014e-07	1.171575e-08	1.171575e-08
4.070556e+01	4.446096e+01	4.874408e-07	1.180829e-08	1.180829e-08
4.446096e+01	4.856282e+01	5.151480e-07	1.161529e-08	1.161529e-08
4.856282e+01	5.304311e+01	5.267838e-07	1.123874e-08	1.123874e-08
5.304311e+01	5.793675e+01	5.470468e-07	1.095848e-08	1.095848e-08
5.793675e+01	6.328185e+01	5.647535e-07	1.065383e-08	1.065383e-08
6.328185e+01	6.912009e+01	5.739075e-07	1.027624e-08	1.027624e-08
6.912009e+01	7.549694e+01	5.746243e-07	9.838824e-09	9.838824e-09
7.549694e+01	8.246211e+01	5.678852e-07	9.358768e-09	9.358768e-09
8.246211e+01	9.006987e+01	5.667990e-07	8.946237e-09	8.946237e-09
9.006987e+01	9.837951e+01	5.583538e-07	8.496067e-09	8.496067e-09
9.837951e+01	1.074558e+02	5.401891e-07	7.996003e-09	7.996003e-09
1.074558e+02	1.173694e+02	5.236054e-07	7.532525e-09	7.532525e-09
1.173694e+02	1.281976e+02	5.058681e-07	7.084264e-09	7.084264e-09
1.281976e+02	1.400248e+02	4.575987e-07	6.446970e-09	6.446970e-09
1.400248e+02	1.529432e+02	4.347458e-07	6.012673e-09	6.012673e-09
1.529432e+02	1.670533e+02	3.878264e-07	5.433853e-09	5.433853e-09
1.670533e+02	1.824653e+02	3.442615e-07	4.898567e-09	4.898567e-09
1.824653e+02	1.992991e+02	3.076547e-07	4.430930e-09	4.430930e-09
1.992991e+02	2.176860e+02	2.608100e-07	3.903571e-09	3.903571e-09
2.176860e+02	2.377692e+02	2.333250e-07	3.532795e-09	3.532795e-09
2.377692e+02	2.597052e+02	1.872703e-07	3.028378e-09	3.028378e-09
2.597052e+02	2.836650e+02	1.564323e-07	2.648353e-09	2.648353e-09
2.836650e+02	3.098352e+02	1.238445e-07	2.254702e-09	2.254702e-09
3.098352e+02	3.384199e+02	9.549476e-08	1.894424e-09	1.894424e-09
3.384199e+02	3.696417e+02	7.284026e-08	1.583110e-09	1.583110e-09
3.696417e+02	4.037440e+02	5.752090e-08	1.346094e-09	1.346094e-09
4.037440e+02	4.409924e+02	4.075144e-08	1.084107e-09	1.084107e-09
4.409924e+02	4.816774e+02	2.981042e-08	8.871994e-10	8.871994e-10
4.816774e+02	5.261158e+02	2.185338e-08	7.268325e-10	7.268325e-10
5.261158e+02	5.746540e+02	1.429741e-08	5.625241e-10	5.625241e-10
5.746540e+02	6.276702e+02	9.138533e-09	4.303167e-10	4.303167e-10
6.276702e+02	6.855776e+02	6.103379e-09	3.364902e-10	3.364902e-10
6.855776e+02	7.488273e+02	4.602771e-09	2.795984e-10	2.795984e-10
7.488273e+02	8.179124e+02	2.674561e-09	2.039334e-10	2.039334e-10
8.179124e+02	8.933710e+02	1.779548e-09	1.591676e-10	1.591676e-10
8.933710e+02	9.757913e+02	1.003610e-09	1.143720e-10	1.143720e-10
9.757913e+02	1.065816e+03	5.489145e-10	8.093302e-11	8.093302e-11
1.065816e+03	1.164145e+03	3.605295e-10	6.276013e-11	6.276013e-11
1.164145e+03	1.271546e+03	1.700392e-10	4.124057e-11	4.124057e-11
1.271546e+03	1.388856e+03	9.157429e-11	2.895833e-11	2.895833e-11
1.388856e+03	1.516989e+03	5.868750e-11	2.218179e-11	2.218179e-11
1.516989e+03	1.656943e+03	3.837896e-11	1.716359e-11	1.716359e-11
1.656943e+03	1.809808e+03	0.000000e+00	0.000000e+00	0.000000e+00
1.809808e+03	1.976777e+03	0.000000e+00	0.000000e+00	0.000000e+00
1.976777e+03	2.159150e+03	0.000000e+00	0.000000e+00	0.000000e+00
2.159150e+03	2.358348e+03	0.000000e+00	0.000000e+00	0.000000e+00
2.358348e+03	2.575923e+03	0.000000e+00	0.000000e+00	0.000000e+00
2.575923e+03	2.813572e+03	0.000000e+00	0.000000e+00	0.000000e+00
2.813572e+03	3.073145e+03	0.000000e+00	0.000000e+00	0.000000e+00
3.073145e+03	3.356667e+03	0.000000e+00	0.000000e+00	0.000000e+00
3.356667e+03	3.666345e+03	0.000000e+00	0.000000e+00	0.000000e+00
3.666345e+03	4.004593e+03	0.000000e+00	0.000000e+00	0.000000e+00
4.004593e+03	4.374047e+03	0.000000e+00	0.000000e+00	0.000000e+00
4.374047e+03	4.777586e+03	0.000000e+00	0.000000e+00	0.000000e+00
4.777586e+03	5.218355e+03	0.000000e+00	0.000000e+00	0.000000e+00
5.218355e+03	5.699788e+03	0.000000e+00	0.000000e+00	0.000000e+00
5.699788e+03	6.225637e+03	0.000000e+00	0.000000e+00	0.000000e+00
6.225637e+03	6.800000e+03	0.000000e+00	0.000000e+00	0.000000e+00
# END HISTO1D


# BEGIN HISTO1D //eos/home-y/youpeng/valid/genValidation/mg35xVBS_merged.yoda.gz/MC_ZZINC:ENERGY=13600/ZZ_pT
ErrorBars=1
LineColor=green
LineStyle=solid
Path=//eos/home-y/youpeng/valid/genValidation/mg35xVBS_merged.yoda.gz/MC_ZZINC:ENERGY=13600/ZZ_pT
ScaledBy=5.51937791219804204e-10
Title=VBSZZ@LO(v35x)
# xlow	 xhigh	 val	 errminus	 errplus
1.000000e+00	1.092258e+00	1.794764e-08	1.036207e-08	1.036207e-08
1.092258e+00	1.193027e+00	1.095452e-08	7.746013e-09	7.746013e-09
1.193027e+00	1.303093e+00	0.000000e+00	0.000000e+00	0.000000e+00
1.303093e+00	1.423313e+00	4.591065e-09	4.591064e-09	4.591064e-09
1.423313e+00	1.554624e+00	4.203287e-09	4.203287e-09	4.203287e-09
1.554624e+00	1.698050e+00	7.696485e-09	5.442235e-09	5.442235e-09
1.698050e+00	1.854708e+00	1.056960e-08	6.102365e-09	6.102365e-09
1.854708e+00	2.025819e+00	1.290245e-08	6.451224e-09	6.451224e-09
2.025819e+00	2.212717e+00	2.067205e-08	7.813299e-09	7.813299e-09
2.212717e+00	2.416857e+00	2.162977e-08	7.647281e-09	7.647281e-09
2.416857e+00	2.639830e+00	2.475357e-09	2.475357e-09	2.475357e-09
2.639830e+00	2.883375e+00	1.586386e-08	5.995976e-09	5.995976e-09
2.883375e+00	3.149388e+00	2.282338e-08	6.881508e-09	6.881508e-09
3.149388e+00	3.439943e+00	1.709638e-08	5.698795e-09	5.698795e-09
3.439943e+00	3.757304e+00	1.565233e-08	5.217444e-09	5.217444e-09
3.757304e+00	4.103944e+00	2.069926e-08	5.740941e-09	5.740941e-09
4.103944e+00	4.482564e+00	2.623971e-08	6.184760e-09	6.184760e-09
4.482564e+00	4.896115e+00	3.336575e-08	6.673153e-09	6.673153e-09
4.896115e+00	5.347819e+00	4.398845e-08	7.331408e-09	7.331408e-09
5.347819e+00	5.841196e+00	2.572996e-08	5.365067e-09	5.365067e-09
5.841196e+00	6.380091e+00	5.223435e-08	7.314271e-09	7.314271e-09
6.380091e+00	6.968703e+00	4.688469e-08	6.630497e-09	6.630497e-09
6.968703e+00	7.611619e+00	4.979249e-08	6.538075e-09	6.538075e-09
7.611619e+00	8.313849e+00	6.130634e-08	6.941576e-09	6.941576e-09
8.313849e+00	9.080865e+00	6.548278e-08	6.864460e-09	6.864460e-09
9.080865e+00	9.918644e+00	7.115156e-08	6.846562e-09	6.846562e-09
9.918644e+00	1.083371e+01	6.815789e-08	6.411755e-09	6.411755e-09
1.083371e+01	1.183321e+01	8.393651e-08	6.808150e-09	6.808150e-09
1.183321e+01	1.292491e+01	8.695915e-08	6.630573e-09	6.630573e-09
1.292491e+01	1.411733e+01	8.470556e-08	6.261616e-09	6.261616e-09
1.411733e+01	1.541977e+01	9.704386e-08	6.412836e-09	6.412836e-09
1.541977e+01	1.684236e+01	1.218260e-07	6.875040e-09	6.875040e-09
1.684236e+01	1.839619e+01	1.307177e-07	6.814132e-09	6.814132e-09
1.839619e+01	2.009338e+01	1.268306e-07	6.422321e-09	6.422321e-09
2.009338e+01	2.194715e+01	1.447007e-07	6.563757e-09	6.563757e-09
2.194715e+01	2.397194e+01	1.515601e-07	6.427580e-09	6.427580e-09
2.397194e+01	2.618354e+01	1.697042e-07	6.507857e-09	6.507857e-09
2.618354e+01	2.859917e+01	1.720500e-07	6.269851e-09	6.269851e-09
2.859917e+01	3.123766e+01	1.865948e-07	6.247656e-09	6.247656e-09
3.123766e+01	3.411957e+01	1.947738e-07	6.107594e-09	6.107594e-09
3.411957e+01	3.726736e+01	2.230342e-07	6.253569e-09	6.253569e-09
3.726736e+01	4.070556e+01	2.308436e-07	6.087493e-09	6.087493e-09
4.070556e+01	4.446096e+01	2.416216e-07	5.959157e-09	5.959157e-09
4.446096e+01	4.856282e+01	2.572747e-07	5.883737e-09	5.883737e-09
4.856282e+01	5.304311e+01	2.601825e-07	5.661493e-09	5.661493e-09
5.304311e+01	5.793675e+01	2.706883e-07	5.525400e-09	5.525400e-09
5.793675e+01	6.328185e+01	2.867544e-07	5.441545e-09	5.441545e-09
6.328185e+01	6.912009e+01	2.837096e-07	5.178944e-09	5.178944e-09
6.912009e+01	7.549694e+01	2.852799e-07	4.969098e-09	4.969098e-09
7.549694e+01	8.246211e+01	2.908202e-07	4.800556e-09	4.800556e-09
8.246211e+01	9.006987e+01	2.887462e-07	4.576937e-09	4.576937e-09
9.006987e+01	9.837951e+01	2.888002e-07	4.379783e-09	4.379783e-09
9.837951e+01	1.074558e+02	2.772371e-07	4.105977e-09	4.105977e-09
1.074558e+02	1.173694e+02	2.659029e-07	3.847608e-09	3.847608e-09
1.173694e+02	1.281976e+02	2.488465e-07	3.561499e-09	3.561499e-09
1.281976e+02	1.400248e+02	2.338941e-07	3.303800e-09	3.303800e-09
1.400248e+02	1.529432e+02	2.161027e-07	3.038581e-09	3.038581e-09
1.529432e+02	1.670533e+02	1.978904e-07	2.782226e-09	2.782226e-09
1.670533e+02	1.824653e+02	1.790611e-07	2.532306e-09	2.532306e-09
1.824653e+02	1.992991e+02	1.510847e-07	2.225688e-09	2.225688e-09
1.992991e+02	2.176860e+02	1.358014e-07	2.019031e-09	2.019031e-09
2.176860e+02	2.377692e+02	1.141351e-07	1.771080e-09	1.771080e-09
2.377692e+02	2.597052e+02	9.236707e-08	1.524491e-09	1.524491e-09
2.597052e+02	2.836650e+02	7.712452e-08	1.332906e-09	1.332906e-09
2.836650e+02	3.098352e+02	6.375603e-08	1.159584e-09	1.159584e-09
3.098352e+02	3.384199e+02	5.035750e-08	9.860757e-10	9.860757e-10
3.384199e+02	3.696417e+02	3.701766e-08	8.089479e-10	8.089479e-10
3.696417e+02	4.037440e+02	2.858230e-08	6.801455e-10	6.801455e-10
4.037440e+02	4.409924e+02	2.124867e-08	5.611218e-10	5.611218e-10
4.409924e+02	4.816774e+02	1.423086e-08	4.393833e-10	4.393833e-10
4.816774e+02	5.261158e+02	1.119068e-08	3.728156e-10	3.728156e-10
5.261158e+02	5.746540e+02	7.607336e-09	2.941166e-10	2.941166e-10
5.746540e+02	6.276702e+02	4.809762e-09	2.237703e-10	2.237703e-10
6.276702e+02	6.855776e+02	3.393174e-09	1.798379e-10	1.798379e-10
6.855776e+02	7.488273e+02	2.007056e-09	1.323414e-10	1.323414e-10
7.488273e+02	8.179124e+02	1.326215e-09	1.029342e-10	1.029342e-10
8.179124e+02	8.933710e+02	9.289345e-10	8.242961e-11	8.242961e-11
8.933710e+02	9.757913e+02	5.089434e-10	5.837981e-11	5.837981e-11
9.757913e+02	1.065816e+03	2.268455e-10	3.729318e-11	3.729318e-11
1.065816e+03	1.164145e+03	1.683952e-10	3.074462e-11	3.074462e-11
1.164145e+03	1.271546e+03	9.250268e-11	2.180309e-11	2.180309e-11
1.271546e+03	1.388856e+03	6.116436e-11	1.696394e-11	1.696394e-11
1.388856e+03	1.516989e+03	2.153769e-11	9.631949e-12	9.631949e-12
1.516989e+03	1.656943e+03	7.887420e-12	5.577246e-12	5.577246e-12
1.656943e+03	1.809808e+03	7.221248e-12	5.106191e-12	5.106191e-12
1.809808e+03	1.976777e+03	0.000000e+00	0.000000e+00	0.000000e+00
1.976777e+03	2.159150e+03	0.000000e+00	0.000000e+00	0.000000e+00
2.159150e+03	2.358348e+03	2.770800e-12	2.770800e-12	2.770800e-12
2.358348e+03	2.575923e+03	0.000000e+00	0.000000e+00	0.000000e+00
2.575923e+03	2.813572e+03	0.000000e+00	0.000000e+00	0.000000e+00
2.813572e+03	3.073145e+03	0.000000e+00	0.000000e+00	0.000000e+00
3.073145e+03	3.356667e+03	0.000000e+00	0.000000e+00	0.000000e+00
3.356667e+03	3.666345e+03	0.000000e+00	0.000000e+00	0.000000e+00
3.666345e+03	4.004593e+03	0.000000e+00	0.000000e+00	0.000000e+00
4.004593e+03	4.374047e+03	0.000000e+00	0.000000e+00	0.000000e+00
4.374047e+03	4.777586e+03	0.000000e+00	0.000000e+00	0.000000e+00
4.777586e+03	5.218355e+03	0.000000e+00	0.000000e+00	0.000000e+00
5.218355e+03	5.699788e+03	0.000000e+00	0.000000e+00	0.000000e+00
5.699788e+03	6.225637e+03	0.000000e+00	0.000000e+00	0.000000e+00
6.225637e+03	6.800000e+03	0.000000e+00	0.000000e+00	0.000000e+00
# END HISTO1D

