# BEGIN PLOT
Legend=1
LogY=0
RatioPlotYMin=0.75
RatioPlotYMax=1.25
Title=CMS, 13 TeV, $Z \to \ell^+ \ell^-$
XMin=0.1
LogX=1
XLabel=$p_{T}^{Z}$ [GeV]
YLabel=$d\sigma/dp_{T}^{Z}$ [pb/GeV]
RemoveOptions=1
DrawOnly=/CMS_2019_I1753680/d27-x01-y03 //eos/home-y/youpeng/valid/genValidation/masterVBS_merged.yoda.gz/CMS_2019_I1753680/d27-x01-y03 //eos/home-y/youpeng/valid/genValidation/mg352VBS_merged.yoda.gz/CMS_2019_I1753680/d27-x01-y03
LegendOnly=/CMS_2019_I1753680/d27-x01-y03 //eos/home-y/youpeng/valid/genValidation/masterVBS_merged.yoda.gz/CMS_2019_I1753680/d27-x01-y03 //eos/home-y/youpeng/valid/genValidation/mg352VBS_merged.yoda.gz/CMS_2019_I1753680/d27-x01-y03
RatioPlot=1
RatioPlotReference=/CMS_2019_I1753680/d27-x01-y03
# END PLOT

# BEGIN HISTO1D /CMS_2019_I1753680/d27-x01-y03
ConnectBins=0
ErrorBars=1
IsRef=1
Path=/CMS_2019_I1753680/d27-x01-y03
PolyMarker=*
Title=Data
# xlow	 xhigh	 val	 errminus	 errplus
0.000000e+00	1.000000e+00	9.282100e+00	2.977800e-01	2.977800e-01
1.000000e+00	2.000000e+00	2.278600e+01	7.076500e-01	7.076500e-01
2.000000e+00	3.000000e+00	3.206200e+01	9.636700e-01	9.636700e-01
3.000000e+00	4.000000e+00	3.622500e+01	1.062100e+00	1.062100e+00
4.000000e+00	5.000000e+00	3.688200e+01	1.068100e+00	1.068100e+00
5.000000e+00	6.000000e+00	3.557900e+01	1.024600e+00	1.024600e+00
6.000000e+00	7.000000e+00	3.354700e+01	9.626400e-01	9.626400e-01
7.000000e+00	8.000000e+00	3.132400e+01	8.955400e-01	8.955400e-01
8.000000e+00	9.000000e+00	2.908900e+01	8.277300e-01	8.277300e-01
9.000000e+00	1.000000e+01	2.693300e+01	7.627800e-01	7.627800e-01
1.000000e+01	1.100000e+01	2.476700e+01	7.000900e-01	7.000900e-01
1.100000e+01	1.200000e+01	2.275400e+01	6.414300e-01	6.414300e-01
1.200000e+01	1.300000e+01	2.114300e+01	5.927800e-01	5.927800e-01
1.300000e+01	1.400000e+01	1.959900e+01	5.482400e-01	5.482400e-01
1.400000e+01	1.600000e+01	1.725500e+01	4.821300e-01	4.821300e-01
1.600000e+01	1.800000e+01	1.485000e+01	4.141800e-01	4.141800e-01
1.800000e+01	2.000000e+01	1.289500e+01	3.595400e-01	3.595400e-01
2.000000e+01	2.200000e+01	1.120600e+01	3.118600e-01	3.118600e-01
2.200000e+01	2.500000e+01	9.509500e+00	2.638600e-01	2.638600e-01
2.500000e+01	2.800000e+01	7.873400e+00	2.184800e-01	2.184800e-01
2.800000e+01	3.200000e+01	6.353100e+00	1.769300e-01	1.769300e-01
3.200000e+01	3.700000e+01	4.973200e+00	1.390000e-01	1.390000e-01
3.700000e+01	4.300000e+01	3.710000e+00	1.037000e-01	1.037000e-01
4.300000e+01	5.200000e+01	2.583600e+00	7.246800e-02	7.246800e-02
5.200000e+01	6.500000e+01	1.539200e+00	4.367400e-02	4.367400e-02
6.500000e+01	8.500000e+01	7.941400e-01	2.296900e-02	2.296900e-02
8.500000e+01	1.200000e+02	3.424800e-01	1.024100e-02	1.024100e-02
1.200000e+02	1.600000e+02	1.284200e-01	4.018900e-03	4.018900e-03
1.600000e+02	1.900000e+02	5.587000e-02	1.821000e-03	1.821000e-03
1.900000e+02	2.200000e+02	3.049900e-02	1.027400e-03	1.027400e-03
2.200000e+02	2.500000e+02	1.726400e-02	6.009800e-04	6.009800e-04
2.500000e+02	3.000000e+02	8.788700e-03	3.149700e-04	3.149700e-04
3.000000e+02	4.000000e+02	2.970400e-03	1.151900e-04	1.151900e-04
4.000000e+02	5.000000e+02	8.051500e-04	3.815700e-05	3.815700e-05
5.000000e+02	8.000000e+02	1.268300e-04	8.329400e-06	8.329400e-06
8.000000e+02	1.500000e+03	5.274400e-06	4.971200e-07	4.971200e-07
# END HISTO1D


# BEGIN HISTO1D //eos/home-y/youpeng/valid/genValidation/masterVBS_merged.yoda.gz/CMS_2019_I1753680/d27-x01-y03
ErrorBars=1
LineColor=red
LineStyle=solid
Path=//eos/home-y/youpeng/valid/genValidation/masterVBS_merged.yoda.gz/CMS_2019_I1753680/d27-x01-y03
ScaledBy=5.02515000000000050e-07
Title=VBSZZ@NLO(v2918)
# xlow	 xhigh	 val	 errminus	 errplus
0.000000e+00	1.000000e+00	0.000000e+00	0.000000e+00	0.000000e+00
1.000000e+00	2.000000e+00	0.000000e+00	0.000000e+00	0.000000e+00
2.000000e+00	3.000000e+00	0.000000e+00	0.000000e+00	0.000000e+00
3.000000e+00	4.000000e+00	1.005030e-06	7.106636e-07	7.106636e-07
4.000000e+00	5.000000e+00	0.000000e+00	0.000000e+00	0.000000e+00
5.000000e+00	6.000000e+00	5.025150e-07	5.025150e-07	5.025150e-07
6.000000e+00	7.000000e+00	5.025150e-07	5.025150e-07	5.025150e-07
7.000000e+00	8.000000e+00	5.025150e-07	5.025150e-07	5.025150e-07
8.000000e+00	9.000000e+00	5.025150e-07	5.025150e-07	5.025150e-07
9.000000e+00	1.000000e+01	0.000000e+00	0.000000e+00	0.000000e+00
1.000000e+01	1.100000e+01	5.025150e-07	5.025150e-07	5.025150e-07
1.100000e+01	1.200000e+01	2.512575e-06	1.123658e-06	1.123658e-06
1.200000e+01	1.300000e+01	5.025150e-07	5.025150e-07	5.025150e-07
1.300000e+01	1.400000e+01	1.507545e-06	8.703815e-07	8.703815e-07
1.400000e+01	1.600000e+01	1.005030e-06	5.025149e-07	5.025149e-07
1.600000e+01	1.800000e+01	7.537725e-07	4.351908e-07	4.351908e-07
1.800000e+01	2.000000e+01	5.025150e-07	3.553318e-07	3.553318e-07
2.000000e+01	2.200000e+01	1.256287e-06	5.618289e-07	5.618289e-07
2.200000e+01	2.500000e+01	1.172535e-06	4.431765e-07	4.431765e-07
2.500000e+01	2.800000e+01	1.340040e-06	4.737757e-07	4.737757e-07
2.800000e+01	3.200000e+01	1.507545e-06	4.351908e-07	4.351908e-07
3.200000e+01	3.700000e+01	1.809054e-06	4.263981e-07	4.263981e-07
3.700000e+01	4.300000e+01	1.591297e-06	3.650687e-07	3.650687e-07
4.300000e+01	5.200000e+01	1.786720e-06	3.158504e-07	3.158504e-07
5.200000e+01	6.500000e+01	1.468890e-06	2.382854e-07	2.382854e-07
6.500000e+01	8.500000e+01	2.135689e-06	2.316480e-07	2.316480e-07
8.500000e+01	1.200000e+02	1.292181e-06	1.362079e-07	1.362079e-07
1.200000e+02	1.600000e+02	8.165870e-07	1.012851e-07	1.012851e-07
1.600000e+02	1.900000e+02	7.035210e-07	1.085557e-07	1.085557e-07
1.900000e+02	2.200000e+02	4.522637e-07	8.703815e-08	8.703815e-08
2.200000e+02	2.500000e+02	4.522637e-07	8.703815e-08	8.703815e-08
2.500000e+02	3.000000e+02	3.517606e-07	5.945838e-08	5.945838e-08
3.000000e+02	4.000000e+02	1.959809e-07	3.138205e-08	3.138205e-08
4.000000e+02	5.000000e+02	4.020120e-08	1.421327e-08	1.421327e-08
5.000000e+02	8.000000e+02	8.375250e-09	3.745526e-09	3.745526e-09
8.000000e+02	1.500000e+03	0.000000e+00	0.000000e+00	0.000000e+00
# END HISTO1D


# BEGIN HISTO1D //eos/home-y/youpeng/valid/genValidation/mg352VBS_merged.yoda.gz/CMS_2019_I1753680/d27-x01-y03
ErrorBars=1
LineColor=blue
LineStyle=solid
Path=//eos/home-y/youpeng/valid/genValidation/mg352VBS_merged.yoda.gz/CMS_2019_I1753680/d27-x01-y03
ScaledBy=4.98359999999999918e-07
Title=VBSZZ@NLO(v352)
# xlow	 xhigh	 val	 errminus	 errplus
0.000000e+00	1.000000e+00	0.000000e+00	0.000000e+00	0.000000e+00
1.000000e+00	2.000000e+00	0.000000e+00	0.000000e+00	0.000000e+00
2.000000e+00	3.000000e+00	0.000000e+00	0.000000e+00	0.000000e+00
3.000000e+00	4.000000e+00	0.000000e+00	0.000000e+00	0.000000e+00
4.000000e+00	5.000000e+00	0.000000e+00	0.000000e+00	0.000000e+00
5.000000e+00	6.000000e+00	0.000000e+00	0.000000e+00	0.000000e+00
6.000000e+00	7.000000e+00	9.967200e-07	7.047875e-07	7.047875e-07
7.000000e+00	8.000000e+00	2.491800e-06	1.114367e-06	1.114367e-06
8.000000e+00	9.000000e+00	0.000000e+00	0.000000e+00	0.000000e+00
9.000000e+00	1.000000e+01	1.993440e-06	9.967200e-07	9.967200e-07
1.000000e+01	1.100000e+01	0.000000e+00	0.000000e+00	0.000000e+00
1.100000e+01	1.200000e+01	4.983600e-07	4.983600e-07	4.983600e-07
1.200000e+01	1.300000e+01	9.967200e-07	7.047875e-07	7.047875e-07
1.300000e+01	1.400000e+01	9.967200e-07	7.047875e-07	7.047875e-07
1.400000e+01	1.600000e+01	4.983600e-07	3.523937e-07	3.523937e-07
1.600000e+01	1.800000e+01	9.967200e-07	4.983600e-07	4.983600e-07
1.800000e+01	2.000000e+01	2.242620e-06	7.475400e-07	7.475400e-07
2.000000e+01	2.200000e+01	1.993440e-06	7.047876e-07	7.047876e-07
2.200000e+01	2.500000e+01	1.328960e-06	4.698584e-07	4.698584e-07
2.500000e+01	2.800000e+01	1.495080e-06	4.983600e-07	4.983600e-07
2.800000e+01	3.200000e+01	1.121310e-06	3.737700e-07	3.737700e-07
3.200000e+01	3.700000e+01	1.993440e-06	4.457467e-07	4.457467e-07
3.700000e+01	4.300000e+01	2.076500e-06	4.153000e-07	4.153000e-07
4.300000e+01	5.200000e+01	1.716573e-06	3.083057e-07	3.083057e-07
5.200000e+01	6.500000e+01	1.725092e-06	2.571616e-07	2.571616e-07
6.500000e+01	8.500000e+01	1.445244e-06	1.897699e-07	1.897699e-07
8.500000e+01	1.200000e+02	1.281497e-06	1.350817e-07	1.350817e-07
1.200000e+02	1.600000e+02	9.219660e-07	1.071764e-07	1.071764e-07
1.600000e+02	1.900000e+02	7.143160e-07	1.089322e-07	1.089322e-07
1.900000e+02	2.200000e+02	4.153000e-07	8.306000e-08	8.306000e-08
2.200000e+02	2.500000e+02	2.990160e-07	7.047874e-08	7.047874e-08
2.500000e+02	3.000000e+02	2.491800e-07	4.983600e-08	4.983600e-08
3.000000e+02	4.000000e+02	1.345572e-07	2.589555e-08	2.589555e-08
4.000000e+02	5.000000e+02	5.481960e-08	1.652873e-08	1.652873e-08
5.000000e+02	8.000000e+02	1.495080e-08	4.983600e-09	4.983600e-09
8.000000e+02	1.500000e+03	0.000000e+00	0.000000e+00	0.000000e+00
# END HISTO1D

