# BEGIN PLOT
Legend=1
LogY=0
RatioPlotYMin=0.75
RatioPlotYMax=1.25
Title=CMS, 13 TeV, $Z \to \mu^+ \mu^-$
XMin=0.001
LogX=1
XLabel=$\phi^{*}_{\eta}$
YLabel=$d\sigma/d\phi^{*}_{\eta}$ [pb]
RemoveOptions=1
DrawOnly=/CMS_2019_I1753680/d28-x01-y01 //eos/home-y/youpeng/valid/genValidation/masterVBS_merged.yoda.gz/CMS_2019_I1753680/d28-x01-y01 //eos/home-y/youpeng/valid/genValidation/mg352VBS_merged.yoda.gz/CMS_2019_I1753680/d28-x01-y01
LegendOnly=/CMS_2019_I1753680/d28-x01-y01 //eos/home-y/youpeng/valid/genValidation/masterVBS_merged.yoda.gz/CMS_2019_I1753680/d28-x01-y01 //eos/home-y/youpeng/valid/genValidation/mg352VBS_merged.yoda.gz/CMS_2019_I1753680/d28-x01-y01
RatioPlot=1
RatioPlotReference=/CMS_2019_I1753680/d28-x01-y01
# END PLOT

# BEGIN HISTO1D /CMS_2019_I1753680/d28-x01-y01
ConnectBins=0
ErrorBars=1
IsRef=1
Path=/CMS_2019_I1753680/d28-x01-y01
PolyMarker=*
Title=Data
# xlow	 xhigh	 val	 errminus	 errplus
1.000000e-03	2.000000e-03	5.938000e+03	1.539000e+02	1.539000e+02
2.000000e-03	3.000000e-03	5.920900e+03	1.534600e+02	1.534600e+02
3.000000e-03	4.000000e-03	5.908600e+03	1.531400e+02	1.531400e+02
4.000000e-03	5.000000e-03	5.895400e+03	1.528000e+02	1.528000e+02
5.000000e-03	6.000000e-03	5.882600e+03	1.524700e+02	1.524700e+02
6.000000e-03	7.000000e-03	5.871300e+03	1.521800e+02	1.521800e+02
7.000000e-03	8.000000e-03	5.850800e+03	1.516500e+02	1.516500e+02
8.000000e-03	9.000000e-03	5.821500e+03	1.508800e+02	1.508800e+02
9.000000e-03	1.000000e-02	5.782500e+03	1.498500e+02	1.498500e+02
1.000000e-02	2.000000e-02	5.591800e+03	1.448700e+02	1.448700e+02
2.000000e-02	3.000000e-02	5.119200e+03	1.326200e+02	1.326200e+02
3.000000e-02	4.000000e-02	4.568300e+03	1.183900e+02	1.183900e+02
4.000000e-02	5.000000e-02	4.048100e+03	1.049900e+02	1.049900e+02
5.000000e-02	6.000000e-02	3.571800e+03	9.278200e+01	9.278200e+01
6.000000e-02	7.000000e-02	3.150100e+03	8.198600e+01	8.198600e+01
7.000000e-02	8.000000e-02	2.781700e+03	7.248200e+01	7.248200e+01
8.000000e-02	9.000000e-02	2.485300e+03	6.480300e+01	6.480300e+01
9.000000e-02	1.000000e-01	2.218400e+03	5.793300e+01	5.793300e+01
1.000000e-01	2.000000e-01	1.334000e+03	3.506600e+01	3.506600e+01
2.000000e-01	3.000000e-01	5.920000e+02	1.577100e+01	1.577100e+01
3.000000e-01	4.000000e-01	3.192600e+02	8.654700e+00	8.654700e+00
4.000000e-01	5.000000e-01	1.928300e+02	5.333200e+00	5.333200e+00
5.000000e-01	6.000000e-01	1.260400e+02	3.560200e+00	3.560200e+00
6.000000e-01	7.000000e-01	8.607900e+01	2.484600e+00	2.484600e+00
7.000000e-01	8.000000e-01	6.204900e+01	1.832300e+00	1.832300e+00
8.000000e-01	9.000000e-01	4.566500e+01	1.379500e+00	1.379500e+00
9.000000e-01	1.000000e+00	3.473000e+01	1.080600e+00	1.080600e+00
1.000000e+00	3.000000e+00	7.866800e+00	2.561900e-01	2.561900e-01
3.000000e+00	5.000000e+00	9.233200e-01	3.149200e-02	3.149200e-02
5.000000e+00	7.000000e+00	3.403500e-01	1.189100e-02	1.189100e-02
7.000000e+00	1.000000e+01	1.647000e-01	5.791700e-03	5.791700e-03
1.000000e+01	2.000000e+01	5.534300e-02	1.961300e-03	1.961300e-03
2.000000e+01	3.000000e+01	1.823400e-02	6.530000e-04	6.530000e-04
3.000000e+01	5.000000e+01	1.777700e-02	6.394300e-04	6.394300e-04
# END HISTO1D


# BEGIN HISTO1D //eos/home-y/youpeng/valid/genValidation/masterVBS_merged.yoda.gz/CMS_2019_I1753680/d28-x01-y01
ErrorBars=1
LineColor=red
LineStyle=solid
Path=//eos/home-y/youpeng/valid/genValidation/masterVBS_merged.yoda.gz/CMS_2019_I1753680/d28-x01-y01
ScaledBy=1.00503000000000010e-06
Title=VBSZZ@NLO(v2918)
# xlow	 xhigh	 val	 errminus	 errplus
1.000000e-03	2.000000e-03	0.000000e+00	0.000000e+00	0.000000e+00
2.000000e-03	3.000000e-03	0.000000e+00	0.000000e+00	0.000000e+00
3.000000e-03	4.000000e-03	0.000000e+00	0.000000e+00	0.000000e+00
4.000000e-03	5.000000e-03	0.000000e+00	0.000000e+00	0.000000e+00
5.000000e-03	6.000000e-03	0.000000e+00	0.000000e+00	0.000000e+00
6.000000e-03	7.000000e-03	0.000000e+00	0.000000e+00	0.000000e+00
7.000000e-03	8.000000e-03	0.000000e+00	0.000000e+00	0.000000e+00
8.000000e-03	9.000000e-03	0.000000e+00	0.000000e+00	0.000000e+00
9.000000e-03	1.000000e-02	0.000000e+00	0.000000e+00	0.000000e+00
1.000000e-02	2.000000e-02	3.015090e-04	1.740763e-04	1.740763e-04
2.000000e-02	3.000000e-02	1.005030e-04	1.005030e-04	1.005030e-04
3.000000e-02	4.000000e-02	0.000000e+00	0.000000e+00	0.000000e+00
4.000000e-02	5.000000e-02	3.015090e-04	1.740763e-04	1.740763e-04
5.000000e-02	6.000000e-02	2.010060e-04	1.421327e-04	1.421327e-04
6.000000e-02	7.000000e-02	3.015090e-04	1.740763e-04	1.740763e-04
7.000000e-02	8.000000e-02	1.005030e-04	1.005030e-04	1.005030e-04
8.000000e-02	9.000000e-02	1.005030e-04	1.005030e-04	1.005030e-04
9.000000e-02	1.000000e-01	3.015090e-04	1.740763e-04	1.740763e-04
1.000000e-01	2.000000e-01	1.909557e-04	4.380824e-05	4.380824e-05
2.000000e-01	3.000000e-01	1.507545e-04	3.892465e-05	3.892465e-05
3.000000e-01	4.000000e-01	1.608048e-04	4.020119e-05	4.020119e-05
4.000000e-01	5.000000e-01	1.809054e-04	4.263982e-05	4.263982e-05
5.000000e-01	6.000000e-01	1.407042e-04	3.760477e-05	3.760477e-05
6.000000e-01	7.000000e-01	1.507545e-04	3.892465e-05	3.892465e-05
7.000000e-01	8.000000e-01	1.005030e-04	3.178183e-05	3.178183e-05
8.000000e-01	9.000000e-01	9.045270e-05	3.015090e-05	3.015090e-05
9.000000e-01	1.000000e+00	1.005030e-04	3.178183e-05	3.178183e-05
1.000000e+00	3.000000e+00	5.226155e-05	5.124668e-06	5.124668e-06
3.000000e+00	5.000000e+00	1.306539e-05	2.562334e-06	2.562334e-06
5.000000e+00	7.000000e+00	5.025150e-06	1.589092e-06	1.589092e-06
7.000000e+00	1.000000e+01	2.680080e-06	9.475513e-07	9.475513e-07
1.000000e+01	2.000000e+01	6.030180e-07	2.461811e-07	2.461811e-07
2.000000e+01	3.000000e+01	0.000000e+00	0.000000e+00	0.000000e+00
3.000000e+01	5.000000e+01	0.000000e+00	0.000000e+00	0.000000e+00
# END HISTO1D


# BEGIN HISTO1D //eos/home-y/youpeng/valid/genValidation/mg352VBS_merged.yoda.gz/CMS_2019_I1753680/d28-x01-y01
ErrorBars=1
LineColor=blue
LineStyle=solid
Path=//eos/home-y/youpeng/valid/genValidation/mg352VBS_merged.yoda.gz/CMS_2019_I1753680/d28-x01-y01
ScaledBy=9.96719999999999835e-07
Title=VBSZZ@NLO(v352)
# xlow	 xhigh	 val	 errminus	 errplus
1.000000e-03	2.000000e-03	9.967200e-04	9.967200e-04	9.967200e-04
2.000000e-03	3.000000e-03	0.000000e+00	0.000000e+00	0.000000e+00
3.000000e-03	4.000000e-03	0.000000e+00	0.000000e+00	0.000000e+00
4.000000e-03	5.000000e-03	0.000000e+00	0.000000e+00	0.000000e+00
5.000000e-03	6.000000e-03	0.000000e+00	0.000000e+00	0.000000e+00
6.000000e-03	7.000000e-03	0.000000e+00	0.000000e+00	0.000000e+00
7.000000e-03	8.000000e-03	9.967200e-04	9.967200e-04	9.967200e-04
8.000000e-03	9.000000e-03	0.000000e+00	0.000000e+00	0.000000e+00
9.000000e-03	1.000000e-02	9.967200e-04	9.967200e-04	9.967200e-04
1.000000e-02	2.000000e-02	9.967200e-05	9.967200e-05	9.967200e-05
2.000000e-02	3.000000e-02	9.967200e-05	9.967200e-05	9.967200e-05
3.000000e-02	4.000000e-02	1.993440e-04	1.409575e-04	1.409575e-04
4.000000e-02	5.000000e-02	1.993440e-04	1.409575e-04	1.409575e-04
5.000000e-02	6.000000e-02	3.986880e-04	1.993440e-04	1.993440e-04
6.000000e-02	7.000000e-02	1.993440e-04	1.409575e-04	1.409575e-04
7.000000e-02	8.000000e-02	2.990160e-04	1.726370e-04	1.726370e-04
8.000000e-02	9.000000e-02	9.967200e-05	9.967200e-05	9.967200e-05
9.000000e-02	1.000000e-01	1.993440e-04	1.409575e-04	1.409575e-04
1.000000e-01	2.000000e-01	1.794096e-04	4.228724e-05	4.228724e-05
2.000000e-01	3.000000e-01	9.967200e-05	3.151905e-05	3.151905e-05
3.000000e-01	4.000000e-01	1.295736e-04	3.593725e-05	3.593725e-05
4.000000e-01	5.000000e-01	1.694424e-04	4.109581e-05	4.109581e-05
5.000000e-01	6.000000e-01	1.594752e-04	3.986880e-05	3.986880e-05
6.000000e-01	7.000000e-01	1.096392e-04	3.305747e-05	3.305747e-05
7.000000e-01	8.000000e-01	1.395408e-04	3.729385e-05	3.729385e-05
8.000000e-01	9.000000e-01	1.495080e-04	3.860280e-05	3.860280e-05
9.000000e-01	1.000000e+00	8.970480e-05	2.990160e-05	2.990160e-05
1.000000e+00	3.000000e+00	4.784256e-05	4.882911e-06	4.882911e-06
3.000000e+00	5.000000e+00	8.472120e-06	2.054791e-06	2.054791e-06
5.000000e+00	7.000000e+00	1.993440e-06	9.967200e-07	9.967200e-07
7.000000e+00	1.000000e+01	1.993440e-06	8.138185e-07	8.138185e-07
1.000000e+01	2.000000e+01	7.973760e-07	2.819150e-07	2.819150e-07
2.000000e+01	3.000000e+01	2.990160e-07	1.726370e-07	1.726370e-07
3.000000e+01	5.000000e+01	0.000000e+00	0.000000e+00	0.000000e+00
# END HISTO1D

