# BEGIN PLOT
Legend=1
LogY=0
RatioPlotYMin=0.75
RatioPlotYMax=1.25
Title=CMS, 13 TeV, $Z \to \ell^+ \ell^-$
XMin=0.001
LogX=1
XLabel=$\phi^{*}_{\eta}$
YLabel=$1/\sigma d\sigma/d\phi^{*}_{\eta}$
RemoveOptions=1
DrawOnly=/CMS_2019_I1753680/d31-x01-y01 //eos/home-y/youpeng/valid/genValidation/masterVBS_merged.yoda.gz/CMS_2019_I1753680/d31-x01-y01 //eos/home-y/youpeng/valid/genValidation/mg352VBS_merged.yoda.gz/CMS_2019_I1753680/d31-x01-y01
LegendOnly=/CMS_2019_I1753680/d31-x01-y01 //eos/home-y/youpeng/valid/genValidation/masterVBS_merged.yoda.gz/CMS_2019_I1753680/d31-x01-y01 //eos/home-y/youpeng/valid/genValidation/mg352VBS_merged.yoda.gz/CMS_2019_I1753680/d31-x01-y01
RatioPlot=1
RatioPlotReference=/CMS_2019_I1753680/d31-x01-y01
# END PLOT

# BEGIN HISTO1D /CMS_2019_I1753680/d31-x01-y01
ConnectBins=0
ErrorBars=1
IsRef=1
Path=/CMS_2019_I1753680/d31-x01-y01
PolyMarker=*
Title=Data
# xlow	 xhigh	 val	 errminus	 errplus
1.000000e-03	2.000000e-03	6.756700e-02	5.914700e-04	5.914700e-04
2.000000e-03	3.000000e-03	6.682400e-02	6.144600e-04	6.144600e-04
3.000000e-03	4.000000e-03	6.627700e-02	6.577000e-04	6.577000e-04
4.000000e-03	5.000000e-03	6.591900e-02	6.809400e-04	6.809400e-04
5.000000e-03	6.000000e-03	6.571300e-02	6.908100e-04	6.908100e-04
6.000000e-03	7.000000e-03	6.557900e-02	6.988300e-04	6.988300e-04
7.000000e-03	8.000000e-03	6.537900e-02	6.982400e-04	6.982400e-04
8.000000e-03	9.000000e-03	6.508500e-02	6.888600e-04	6.888600e-04
9.000000e-03	1.000000e-02	6.474200e-02	6.881500e-04	6.881500e-04
1.000000e-02	2.000000e-02	6.280100e-02	6.591500e-04	6.591500e-04
2.000000e-02	3.000000e-02	5.726800e-02	5.961700e-04	5.961700e-04
3.000000e-02	4.000000e-02	5.119500e-02	5.321000e-04	5.321000e-04
4.000000e-02	5.000000e-02	4.535900e-02	4.672200e-04	4.672200e-04
5.000000e-02	6.000000e-02	3.998400e-02	4.098800e-04	4.098800e-04
6.000000e-02	7.000000e-02	3.525700e-02	3.621300e-04	3.621300e-04
7.000000e-02	8.000000e-02	3.115300e-02	3.202700e-04	3.202700e-04
8.000000e-02	9.000000e-02	2.778500e-02	2.801100e-04	2.801100e-04
9.000000e-02	1.000000e-01	2.480800e-02	2.500100e-04	2.500100e-04
1.000000e-01	2.000000e-01	1.492000e-02	1.454900e-04	1.454900e-04
2.000000e-01	3.000000e-01	6.630800e-03	6.188100e-05	6.188100e-05
3.000000e-01	4.000000e-01	3.548700e-03	3.168000e-05	3.168000e-05
4.000000e-01	5.000000e-01	2.146100e-03	1.900800e-05	1.900800e-05
5.000000e-01	6.000000e-01	1.403800e-03	1.235200e-05	1.235200e-05
6.000000e-01	7.000000e-01	9.578500e-04	8.733100e-06	8.733100e-06
7.000000e-01	8.000000e-01	6.934500e-04	6.471800e-06	6.471800e-06
8.000000e-01	9.000000e-01	5.111100e-04	4.815200e-06	4.815200e-06
9.000000e-01	1.000000e+00	3.885400e-04	3.824200e-06	3.824200e-06
1.000000e+00	3.000000e+00	8.772200e-05	8.760900e-07	8.760900e-07
3.000000e+00	5.000000e+00	1.029700e-05	1.149700e-07	1.149700e-07
5.000000e+00	7.000000e+00	3.810300e-06	4.743900e-08	4.743900e-08
7.000000e+00	1.000000e+01	1.819300e-06	2.395900e-08	2.395900e-08
1.000000e+01	2.000000e+01	6.176000e-07	7.890000e-09	7.890000e-09
2.000000e+01	3.000000e+01	2.036000e-07	3.571800e-09	3.571800e-09
3.000000e+01	5.000000e+01	1.994600e-07	2.845800e-09	2.845800e-09
# END HISTO1D


# BEGIN HISTO1D //eos/home-y/youpeng/valid/genValidation/masterVBS_merged.yoda.gz/CMS_2019_I1753680/d31-x01-y01
ErrorBars=1
LineColor=red
LineStyle=solid
Path=//eos/home-y/youpeng/valid/genValidation/masterVBS_merged.yoda.gz/CMS_2019_I1753680/d31-x01-y01
ScaledBy=1.88073624554892395e-04
Title=VBSZZ@NLO(v2918)
# xlow	 xhigh	 val	 errminus	 errplus
1.000000e-03	2.000000e-03	0.000000e+00	0.000000e+00	0.000000e+00
2.000000e-03	3.000000e-03	0.000000e+00	0.000000e+00	0.000000e+00
3.000000e-03	4.000000e-03	0.000000e+00	0.000000e+00	0.000000e+00
4.000000e-03	5.000000e-03	0.000000e+00	0.000000e+00	0.000000e+00
5.000000e-03	6.000000e-03	0.000000e+00	0.000000e+00	0.000000e+00
6.000000e-03	7.000000e-03	0.000000e+00	0.000000e+00	0.000000e+00
7.000000e-03	8.000000e-03	0.000000e+00	0.000000e+00	0.000000e+00
8.000000e-03	9.000000e-03	0.000000e+00	0.000000e+00	0.000000e+00
9.000000e-03	1.000000e-02	0.000000e+00	0.000000e+00	0.000000e+00
1.000000e-02	2.000000e-02	7.522945e-02	3.761473e-02	3.761473e-02
2.000000e-02	3.000000e-02	3.761472e-02	2.659763e-02	2.659763e-02
3.000000e-02	4.000000e-02	0.000000e+00	0.000000e+00	0.000000e+00
4.000000e-02	5.000000e-02	1.128442e-01	4.606844e-02	4.606844e-02
5.000000e-02	6.000000e-02	7.522945e-02	3.761473e-02	3.761473e-02
6.000000e-02	7.000000e-02	1.128442e-01	4.606844e-02	4.606844e-02
7.000000e-02	8.000000e-02	3.761472e-02	2.659763e-02	2.659763e-02
8.000000e-02	9.000000e-02	1.880736e-02	1.880736e-02	1.880736e-02
9.000000e-02	1.000000e-01	5.642209e-02	3.257531e-02	3.257531e-02
1.000000e-01	2.000000e-01	5.642209e-02	1.030122e-02	1.030122e-02
2.000000e-01	3.000000e-01	5.077988e-02	9.772592e-03	9.772592e-03
3.000000e-01	4.000000e-01	4.325693e-02	9.019694e-03	9.019694e-03
4.000000e-01	5.000000e-01	6.582577e-02	1.112659e-02	1.112659e-02
5.000000e-01	6.000000e-01	4.137620e-02	8.821435e-03	8.821435e-03
6.000000e-01	7.000000e-01	4.889914e-02	9.589911e-03	9.589911e-03
7.000000e-01	8.000000e-01	6.394503e-02	1.096648e-02	1.096648e-02
8.000000e-01	9.000000e-01	3.761472e-02	8.410908e-03	8.410908e-03
9.000000e-01	1.000000e+00	3.761472e-02	8.410908e-03	8.410908e-03
1.000000e+00	3.000000e+00	1.937159e-02	1.349682e-03	1.349682e-03
3.000000e+00	5.000000e+00	5.266060e-03	7.037071e-04	7.037071e-04
5.000000e+00	7.000000e+00	1.692662e-03	3.989644e-04	3.989644e-04
7.000000e+00	1.000000e+01	1.065751e-03	2.584825e-04	2.584825e-04
1.000000e+01	2.000000e+01	2.256883e-04	6.515062e-05	6.515062e-05
2.000000e+01	3.000000e+01	1.880736e-05	1.880736e-05	1.880736e-05
3.000000e+01	5.000000e+01	1.880736e-05	1.329881e-05	1.329881e-05
# END HISTO1D


# BEGIN HISTO1D //eos/home-y/youpeng/valid/genValidation/mg352VBS_merged.yoda.gz/CMS_2019_I1753680/d31-x01-y01
ErrorBars=1
LineColor=blue
LineStyle=solid
Path=//eos/home-y/youpeng/valid/genValidation/mg352VBS_merged.yoda.gz/CMS_2019_I1753680/d31-x01-y01
ScaledBy=1.14132667813065898e-04
Title=VBSZZ@NLO(v352)
# xlow	 xhigh	 val	 errminus	 errplus
1.000000e-03	2.000000e-03	1.141327e-01	1.141327e-01	1.141327e-01
2.000000e-03	3.000000e-03	0.000000e+00	0.000000e+00	0.000000e+00
3.000000e-03	4.000000e-03	0.000000e+00	0.000000e+00	0.000000e+00
4.000000e-03	5.000000e-03	0.000000e+00	0.000000e+00	0.000000e+00
5.000000e-03	6.000000e-03	0.000000e+00	0.000000e+00	0.000000e+00
6.000000e-03	7.000000e-03	0.000000e+00	0.000000e+00	0.000000e+00
7.000000e-03	8.000000e-03	1.141327e-01	1.141327e-01	1.141327e-01
8.000000e-03	9.000000e-03	0.000000e+00	0.000000e+00	0.000000e+00
9.000000e-03	1.000000e-02	1.141327e-01	1.141327e-01	1.141327e-01
1.000000e-02	2.000000e-02	4.565307e-02	2.282653e-02	2.282653e-02
2.000000e-02	3.000000e-02	2.282653e-02	1.614080e-02	1.614080e-02
3.000000e-02	4.000000e-02	2.282653e-02	1.614080e-02	1.614080e-02
4.000000e-02	5.000000e-02	4.565307e-02	2.282653e-02	2.282653e-02
5.000000e-02	6.000000e-02	6.847960e-02	2.795668e-02	2.795668e-02
6.000000e-02	7.000000e-02	2.282653e-02	1.614080e-02	1.614080e-02
7.000000e-02	8.000000e-02	5.706633e-02	2.552084e-02	2.552084e-02
8.000000e-02	9.000000e-02	2.282653e-02	1.614080e-02	1.614080e-02
9.000000e-02	1.000000e-01	5.706633e-02	2.552084e-02	2.552084e-02
1.000000e-01	2.000000e-01	3.994643e-02	6.752180e-03	6.752180e-03
2.000000e-01	3.000000e-01	2.967449e-02	5.819647e-03	5.819647e-03
3.000000e-01	4.000000e-01	3.423980e-02	6.251304e-03	6.251304e-03
4.000000e-01	5.000000e-01	2.625051e-02	5.473610e-03	5.473610e-03
5.000000e-01	6.000000e-01	3.538113e-02	6.354638e-03	6.354638e-03
6.000000e-01	7.000000e-01	2.967449e-02	5.819647e-03	5.819647e-03
7.000000e-01	8.000000e-01	2.739184e-02	5.591336e-03	5.591336e-03
8.000000e-01	9.000000e-01	3.081582e-02	5.930508e-03	5.930508e-03
9.000000e-01	1.000000e+00	2.396786e-02	5.230216e-03	5.230216e-03
1.000000e+00	3.000000e+00	1.078554e-02	7.845323e-04	7.845323e-04
3.000000e+00	5.000000e+00	2.396786e-03	3.698321e-04	3.698321e-04
5.000000e+00	7.000000e+00	1.141326e-03	2.552084e-04	2.552084e-04
7.000000e+00	1.000000e+01	4.945750e-04	1.371704e-04	1.371704e-04
1.000000e+01	2.000000e+01	1.369592e-04	3.953672e-05	3.953672e-05
2.000000e+01	3.000000e+01	5.706633e-05	2.552084e-05	2.552084e-05
3.000000e+01	5.000000e+01	2.282653e-05	1.141327e-05	1.141327e-05
# END HISTO1D

