# BEGIN PLOT
Legend=1
LogY=1
Title=Transverse momentum of leading tau
XLabel=$p_\perp(\tau\mathrm{1})$ [GeV]
YLabel=$\mathrm{d}\sigma/\mathrm{d}p_\perp(\tau\mathrm{1})$ [pb/GeV]
LogX=1
LegendXPos=0.05
LegendYPos=0.5
XMin=20.0
RemoveOptions=1
DrawOnly=//eos/home-y/youpeng/valid/genValidation/masterVBS_merged.yoda.gz/MC_TAUS:ENERGY=13000/tau_pt_1 //eos/home-y/youpeng/valid/genValidation/mg352VBS_merged.yoda.gz/MC_TAUS:ENERGY=13000/tau_pt_1
LegendOnly=//eos/home-y/youpeng/valid/genValidation/masterVBS_merged.yoda.gz/MC_TAUS:ENERGY=13000/tau_pt_1 //eos/home-y/youpeng/valid/genValidation/mg352VBS_merged.yoda.gz/MC_TAUS:ENERGY=13000/tau_pt_1
RatioPlot=1
RatioPlotReference=//eos/home-y/youpeng/valid/genValidation/masterVBS_merged.yoda.gz/MC_TAUS:ENERGY=13000/tau_pt_1
RatioPlotYLabel=Ratio
# END PLOT

# BEGIN HISTO1D //eos/home-y/youpeng/valid/genValidation/masterVBS_merged.yoda.gz/MC_TAUS:ENERGY=13000/tau_pt_1
ErrorBars=1
LineColor=red
LineStyle=solid
Path=//eos/home-y/youpeng/valid/genValidation/masterVBS_merged.yoda.gz/MC_TAUS:ENERGY=13000/tau_pt_1
ScaledBy=1.00503000000000010e-06
Title=VBSZZ@NLO(v2918)
# xlow	 xhigh	 val	 errminus	 errplus
1.000000e+00	1.084224e+00	1.193282e-05	1.193282e-05	1.193282e-05
1.084224e+00	1.175541e+00	0.000000e+00	0.000000e+00	0.000000e+00
1.175541e+00	1.274549e+00	0.000000e+00	0.000000e+00	0.000000e+00
1.274549e+00	1.381896e+00	9.362441e-06	9.362440e-06	9.362440e-06
1.381896e+00	1.498284e+00	0.000000e+00	0.000000e+00	0.000000e+00
1.498284e+00	1.624475e+00	0.000000e+00	0.000000e+00	0.000000e+00
1.624475e+00	1.761294e+00	0.000000e+00	0.000000e+00	0.000000e+00
1.761294e+00	1.909636e+00	0.000000e+00	0.000000e+00	0.000000e+00
1.909636e+00	2.070473e+00	0.000000e+00	0.000000e+00	0.000000e+00
2.070473e+00	2.244855e+00	0.000000e+00	0.000000e+00	0.000000e+00
2.244855e+00	2.433925e+00	5.315650e-06	5.315649e-06	5.315649e-06
2.433925e+00	2.638919e+00	4.902729e-06	4.902728e-06	4.902728e-06
2.638919e+00	2.861178e+00	0.000000e+00	0.000000e+00	0.000000e+00
2.861178e+00	3.102156e+00	8.341259e-06	5.898162e-06	5.898162e-06
3.102156e+00	3.363431e+00	0.000000e+00	0.000000e+00	0.000000e+00
3.363431e+00	3.646711e+00	0.000000e+00	0.000000e+00	0.000000e+00
3.646711e+00	3.953850e+00	0.000000e+00	0.000000e+00	0.000000e+00
3.953850e+00	4.286857e+00	0.000000e+00	0.000000e+00	0.000000e+00
4.286857e+00	4.647911e+00	0.000000e+00	0.000000e+00	0.000000e+00
4.647911e+00	5.039375e+00	0.000000e+00	0.000000e+00	0.000000e+00
5.039375e+00	5.463809e+00	0.000000e+00	0.000000e+00	0.000000e+00
5.463809e+00	5.923990e+00	2.183988e-06	2.183988e-06	2.183988e-06
5.923990e+00	6.422930e+00	0.000000e+00	0.000000e+00	0.000000e+00
6.422930e+00	6.963892e+00	0.000000e+00	0.000000e+00	0.000000e+00
6.963892e+00	7.550415e+00	0.000000e+00	0.000000e+00	0.000000e+00
7.550415e+00	8.186338e+00	0.000000e+00	0.000000e+00	0.000000e+00
8.186338e+00	8.875820e+00	0.000000e+00	0.000000e+00	0.000000e+00
8.875820e+00	9.623373e+00	0.000000e+00	0.000000e+00	0.000000e+00
9.623373e+00	1.043389e+01	0.000000e+00	0.000000e+00	0.000000e+00
1.043389e+01	1.131267e+01	0.000000e+00	0.000000e+00	0.000000e+00
1.131267e+01	1.226546e+01	0.000000e+00	0.000000e+00	0.000000e+00
1.226546e+01	1.329850e+01	0.000000e+00	0.000000e+00	0.000000e+00
1.329850e+01	1.441855e+01	0.000000e+00	0.000000e+00	0.000000e+00
1.441855e+01	1.563293e+01	0.000000e+00	0.000000e+00	0.000000e+00
1.563293e+01	1.694959e+01	0.000000e+00	0.000000e+00	0.000000e+00
1.694959e+01	1.837714e+01	0.000000e+00	0.000000e+00	0.000000e+00
1.837714e+01	1.992493e+01	0.000000e+00	0.000000e+00	0.000000e+00
1.992493e+01	2.160308e+01	0.000000e+00	0.000000e+00	0.000000e+00
2.160308e+01	2.342257e+01	0.000000e+00	0.000000e+00	0.000000e+00
2.342257e+01	2.539530e+01	0.000000e+00	0.000000e+00	0.000000e+00
2.539530e+01	2.753418e+01	4.698861e-07	4.698860e-07	4.698860e-07
2.753418e+01	2.985321e+01	8.667676e-07	6.128973e-07	6.128973e-07
2.985321e+01	3.236755e+01	3.997192e-07	3.997192e-07	3.997192e-07
3.236755e+01	3.509366e+01	3.686682e-07	3.686681e-07	3.686681e-07
3.509366e+01	3.804937e+01	1.020090e-06	5.889492e-07	5.889492e-07
3.804937e+01	4.125403e+01	2.195306e-06	8.297477e-07	8.297477e-07
4.125403e+01	4.472859e+01	2.314031e-06	8.181335e-07	8.181335e-07
4.472859e+01	4.849579e+01	5.068903e-06	1.162886e-06	1.162886e-06
4.849579e+01	5.258027e+01	3.198789e-06	8.871845e-07	8.871845e-07
5.258027e+01	5.700877e+01	5.900594e-06	1.157202e-06	1.157202e-06
5.700877e+01	6.181025e+01	5.442234e-06	1.067310e-06	1.067310e-06
6.181025e+01	6.701613e+01	5.791701e-06	1.057415e-06	1.057415e-06
6.701613e+01	7.266047e+01	4.629555e-06	9.079304e-07	9.079304e-07
7.266047e+01	7.878019e+01	7.061808e-06	1.076916e-06	1.076916e-06
7.878019e+01	8.541534e+01	3.635294e-06	7.420513e-07	7.420513e-07
8.541534e+01	9.260932e+01	4.330834e-06	7.778406e-07	7.778406e-07
9.260932e+01	1.004092e+02	4.380967e-06	7.513297e-07	7.513297e-07
1.004092e+02	1.088660e+02	4.040656e-06	6.929668e-07	6.929668e-07
1.088660e+02	1.180351e+02	2.849874e-06	5.589063e-07	5.589063e-07
1.180351e+02	1.279764e+02	2.628507e-06	5.154927e-07	5.154927e-07
1.279764e+02	1.387551e+02	1.398633e-06	3.611256e-07	3.611256e-07
1.387551e+02	1.504415e+02	1.719999e-06	3.846036e-07	3.846036e-07
1.504415e+02	1.631122e+02	1.110469e-06	2.967853e-07	2.967853e-07
1.631122e+02	1.768501e+02	7.315747e-07	2.313442e-07	2.313442e-07
1.768501e+02	1.917451e+02	8.096918e-07	2.337379e-07	2.337379e-07
1.917451e+02	2.078945e+02	9.957323e-07	2.489331e-07	2.489331e-07
2.078945e+02	2.254041e+02	5.739880e-07	1.815109e-07	1.815109e-07
2.254041e+02	2.443885e+02	4.764580e-07	1.588193e-07	1.588193e-07
2.443885e+02	2.649717e+02	2.441384e-07	1.091820e-07	1.091820e-07
2.649717e+02	2.872886e+02	5.404138e-07	1.560040e-07	1.560040e-07
2.872886e+02	3.114850e+02	2.492181e-07	1.017429e-07	1.017429e-07
3.114850e+02	3.377194e+02	2.298577e-07	9.383903e-08	9.383903e-08
3.377194e+02	3.661633e+02	1.060013e-07	6.119987e-08	6.119987e-08
3.661633e+02	3.970029e+02	6.517789e-08	4.608773e-08	4.608773e-08
3.970029e+02	4.304399e+02	2.404594e-07	8.501522e-08	8.501522e-08
4.304399e+02	4.666931e+02	0.000000e+00	0.000000e+00	0.000000e+00
4.666931e+02	5.059996e+02	2.556905e-08	2.556905e-08	2.556905e-08
5.059996e+02	5.486167e+02	4.716557e-08	3.335110e-08	3.335110e-08
5.486167e+02	5.948231e+02	0.000000e+00	0.000000e+00	0.000000e+00
5.948231e+02	6.449213e+02	0.000000e+00	0.000000e+00	0.000000e+00
6.449213e+02	6.992388e+02	0.000000e+00	0.000000e+00	0.000000e+00
6.992388e+02	7.581312e+02	0.000000e+00	0.000000e+00	0.000000e+00
7.581312e+02	8.219837e+02	0.000000e+00	0.000000e+00	0.000000e+00
8.219837e+02	8.912140e+02	0.000000e+00	0.000000e+00	0.000000e+00
8.912140e+02	9.662753e+02	0.000000e+00	0.000000e+00	0.000000e+00
9.662753e+02	1.047658e+03	0.000000e+00	0.000000e+00	0.000000e+00
1.047658e+03	1.135896e+03	0.000000e+00	0.000000e+00	0.000000e+00
1.135896e+03	1.231565e+03	0.000000e+00	0.000000e+00	0.000000e+00
1.231565e+03	1.335292e+03	0.000000e+00	0.000000e+00	0.000000e+00
1.335292e+03	1.447755e+03	0.000000e+00	0.000000e+00	0.000000e+00
1.447755e+03	1.569690e+03	0.000000e+00	0.000000e+00	0.000000e+00
1.569690e+03	1.701895e+03	0.000000e+00	0.000000e+00	0.000000e+00
1.701895e+03	1.845234e+03	0.000000e+00	0.000000e+00	0.000000e+00
1.845234e+03	2.000647e+03	0.000000e+00	0.000000e+00	0.000000e+00
2.000647e+03	2.169148e+03	0.000000e+00	0.000000e+00	0.000000e+00
2.169148e+03	2.351841e+03	0.000000e+00	0.000000e+00	0.000000e+00
2.351841e+03	2.549922e+03	0.000000e+00	0.000000e+00	0.000000e+00
2.549922e+03	2.764685e+03	0.000000e+00	0.000000e+00	0.000000e+00
2.764685e+03	2.997537e+03	0.000000e+00	0.000000e+00	0.000000e+00
2.997537e+03	3.250000e+03	0.000000e+00	0.000000e+00	0.000000e+00
# END HISTO1D


# BEGIN HISTO1D //eos/home-y/youpeng/valid/genValidation/mg352VBS_merged.yoda.gz/MC_TAUS:ENERGY=13000/tau_pt_1
ErrorBars=1
LineColor=blue
LineStyle=solid
Path=//eos/home-y/youpeng/valid/genValidation/mg352VBS_merged.yoda.gz/MC_TAUS:ENERGY=13000/tau_pt_1
ScaledBy=9.96719999999999835e-07
Title=VBSZZ@NLO(v352)
# xlow	 xhigh	 val	 errminus	 errplus
1.000000e+00	1.084224e+00	0.000000e+00	0.000000e+00	0.000000e+00
1.084224e+00	1.175541e+00	0.000000e+00	0.000000e+00	0.000000e+00
1.175541e+00	1.274549e+00	0.000000e+00	0.000000e+00	0.000000e+00
1.274549e+00	1.381896e+00	0.000000e+00	0.000000e+00	0.000000e+00
1.381896e+00	1.498284e+00	0.000000e+00	0.000000e+00	0.000000e+00
1.498284e+00	1.624475e+00	0.000000e+00	0.000000e+00	0.000000e+00
1.624475e+00	1.761294e+00	0.000000e+00	0.000000e+00	0.000000e+00
1.761294e+00	1.909636e+00	6.719068e-06	6.719068e-06	6.719068e-06
1.909636e+00	2.070473e+00	6.197082e-06	6.197082e-06	6.197082e-06
2.070473e+00	2.244855e+00	0.000000e+00	0.000000e+00	0.000000e+00
2.244855e+00	2.433925e+00	0.000000e+00	0.000000e+00	0.000000e+00
2.433925e+00	2.638919e+00	0.000000e+00	0.000000e+00	0.000000e+00
2.638919e+00	2.861178e+00	0.000000e+00	0.000000e+00	0.000000e+00
2.861178e+00	3.102156e+00	0.000000e+00	0.000000e+00	0.000000e+00
3.102156e+00	3.363431e+00	0.000000e+00	0.000000e+00	0.000000e+00
3.363431e+00	3.646711e+00	0.000000e+00	0.000000e+00	0.000000e+00
3.646711e+00	3.953850e+00	0.000000e+00	0.000000e+00	0.000000e+00
3.953850e+00	4.286857e+00	0.000000e+00	0.000000e+00	0.000000e+00
4.286857e+00	4.647911e+00	2.760584e-06	2.760584e-06	2.760584e-06
4.647911e+00	5.039375e+00	0.000000e+00	0.000000e+00	0.000000e+00
5.039375e+00	5.463809e+00	0.000000e+00	0.000000e+00	0.000000e+00
5.463809e+00	5.923990e+00	0.000000e+00	0.000000e+00	0.000000e+00
5.923990e+00	6.422930e+00	0.000000e+00	0.000000e+00	0.000000e+00
6.422930e+00	6.963892e+00	0.000000e+00	0.000000e+00	0.000000e+00
6.963892e+00	7.550415e+00	0.000000e+00	0.000000e+00	0.000000e+00
7.550415e+00	8.186338e+00	0.000000e+00	0.000000e+00	0.000000e+00
8.186338e+00	8.875820e+00	0.000000e+00	0.000000e+00	0.000000e+00
8.875820e+00	9.623373e+00	0.000000e+00	0.000000e+00	0.000000e+00
9.623373e+00	1.043389e+01	0.000000e+00	0.000000e+00	0.000000e+00
1.043389e+01	1.131267e+01	0.000000e+00	0.000000e+00	0.000000e+00
1.131267e+01	1.226546e+01	0.000000e+00	0.000000e+00	0.000000e+00
1.226546e+01	1.329850e+01	0.000000e+00	0.000000e+00	0.000000e+00
1.329850e+01	1.441855e+01	0.000000e+00	0.000000e+00	0.000000e+00
1.441855e+01	1.563293e+01	0.000000e+00	0.000000e+00	0.000000e+00
1.563293e+01	1.694959e+01	0.000000e+00	0.000000e+00	0.000000e+00
1.694959e+01	1.837714e+01	0.000000e+00	0.000000e+00	0.000000e+00
1.837714e+01	1.992493e+01	0.000000e+00	0.000000e+00	0.000000e+00
1.992493e+01	2.160308e+01	0.000000e+00	0.000000e+00	0.000000e+00
2.160308e+01	2.342257e+01	0.000000e+00	0.000000e+00	0.000000e+00
2.342257e+01	2.539530e+01	5.052491e-07	5.052491e-07	5.052491e-07
2.539530e+01	2.753418e+01	0.000000e+00	0.000000e+00	0.000000e+00
2.753418e+01	2.985321e+01	0.000000e+00	0.000000e+00	0.000000e+00
2.985321e+01	3.236755e+01	0.000000e+00	0.000000e+00	0.000000e+00
3.236755e+01	3.509366e+01	1.096860e-06	6.332722e-07	6.332722e-07
3.509366e+01	3.804937e+01	6.744369e-07	4.768990e-07	4.768990e-07
3.804937e+01	4.125403e+01	1.244088e-06	6.220441e-07	6.220441e-07
4.125403e+01	4.472859e+01	3.155484e-06	9.514144e-07	9.514144e-07
4.472859e+01	4.849579e+01	5.291569e-06	1.183231e-06	1.183231e-06
4.849579e+01	5.258027e+01	5.856628e-06	1.195479e-06	1.195479e-06
5.258027e+01	5.700877e+01	4.276319e-06	9.810548e-07	9.810548e-07
5.700877e+01	6.181025e+01	6.227580e-06	1.136995e-06	1.136995e-06
6.181025e+01	6.701613e+01	4.595050e-06	9.379607e-07	9.379607e-07
6.701613e+01	7.266047e+01	6.003976e-06	1.029673e-06	1.029673e-06
7.266047e+01	7.878019e+01	3.420274e-06	7.463651e-07	7.463651e-07
7.878019e+01	8.541534e+01	4.506545e-06	8.227787e-07	8.227787e-07
8.541534e+01	9.260932e+01	5.264869e-06	8.540745e-07	8.540745e-07
9.260932e+01	1.004092e+02	3.066878e-06	6.260239e-07	6.260239e-07
1.004092e+02	1.088660e+02	2.946505e-06	5.893009e-07	5.893009e-07
1.088660e+02	1.180351e+02	2.826310e-06	5.542850e-07	5.542850e-07
1.180351e+02	1.279764e+02	3.709640e-06	6.098610e-07	6.098610e-07
1.279764e+02	1.387551e+02	2.034368e-06	4.337287e-07	4.337287e-07
1.387551e+02	1.504415e+02	1.620489e-06	3.717656e-07	3.717656e-07
1.504415e+02	1.631122e+02	1.573267e-06	3.517933e-07	3.517933e-07
1.631122e+02	1.768501e+02	1.305946e-06	3.078145e-07	3.078145e-07
1.768501e+02	1.917451e+02	1.137579e-06	2.759034e-07	2.759034e-07
1.917451e+02	2.078945e+02	4.320309e-07	1.632923e-07	1.632923e-07
2.078945e+02	2.254041e+02	3.984694e-07	1.506073e-07	1.506073e-07
2.254041e+02	2.443885e+02	4.725185e-07	1.575062e-07	1.575062e-07
2.443885e+02	2.649717e+02	1.452719e-07	8.387275e-08	8.387275e-08
2.649717e+02	2.872886e+02	4.466212e-07	1.412340e-07	1.412340e-07
2.872886e+02	3.114850e+02	3.707361e-07	1.235787e-07	1.235787e-07
3.114850e+02	3.377194e+02	1.899643e-07	8.495463e-08	8.495463e-08
3.377194e+02	3.661633e+02	1.401664e-07	7.008322e-08	7.008322e-08
3.661633e+02	3.970029e+02	9.695846e-08	5.597899e-08	5.597899e-08
3.970029e+02	4.304399e+02	5.961779e-08	4.215615e-08	4.215615e-08
4.304399e+02	4.666931e+02	2.749330e-08	2.749330e-08	2.749330e-08
4.666931e+02	5.059996e+02	0.000000e+00	0.000000e+00	0.000000e+00
5.059996e+02	5.486167e+02	2.338780e-08	2.338780e-08	2.338780e-08
5.486167e+02	5.948231e+02	0.000000e+00	0.000000e+00	0.000000e+00
5.948231e+02	6.449213e+02	1.989533e-08	1.989533e-08	1.989533e-08
6.449213e+02	6.992388e+02	1.834989e-08	1.834989e-08	1.834989e-08
6.992388e+02	7.581312e+02	0.000000e+00	0.000000e+00	0.000000e+00
7.581312e+02	8.219837e+02	0.000000e+00	0.000000e+00	0.000000e+00
8.219837e+02	8.912140e+02	0.000000e+00	0.000000e+00	0.000000e+00
8.912140e+02	9.662753e+02	0.000000e+00	0.000000e+00	0.000000e+00
9.662753e+02	1.047658e+03	0.000000e+00	0.000000e+00	0.000000e+00
1.047658e+03	1.135896e+03	0.000000e+00	0.000000e+00	0.000000e+00
1.135896e+03	1.231565e+03	0.000000e+00	0.000000e+00	0.000000e+00
1.231565e+03	1.335292e+03	0.000000e+00	0.000000e+00	0.000000e+00
1.335292e+03	1.447755e+03	0.000000e+00	0.000000e+00	0.000000e+00
1.447755e+03	1.569690e+03	0.000000e+00	0.000000e+00	0.000000e+00
1.569690e+03	1.701895e+03	0.000000e+00	0.000000e+00	0.000000e+00
1.701895e+03	1.845234e+03	0.000000e+00	0.000000e+00	0.000000e+00
1.845234e+03	2.000647e+03	0.000000e+00	0.000000e+00	0.000000e+00
2.000647e+03	2.169148e+03	0.000000e+00	0.000000e+00	0.000000e+00
2.169148e+03	2.351841e+03	0.000000e+00	0.000000e+00	0.000000e+00
2.351841e+03	2.549922e+03	0.000000e+00	0.000000e+00	0.000000e+00
2.549922e+03	2.764685e+03	0.000000e+00	0.000000e+00	0.000000e+00
2.764685e+03	2.997537e+03	0.000000e+00	0.000000e+00	0.000000e+00
2.997537e+03	3.250000e+03	0.000000e+00	0.000000e+00	0.000000e+00
# END HISTO1D

