# BEGIN PLOT
Legend=1
LogY=1
Title=Azimuthal angle difference between oppositely charged leptons
XLabel=$\Delta\phi_{e^+,\mu^-}$
YLabel=$\mathrm{d}\sigma/\mathrm{d}\Delta\phi$ [pb]
RemoveOptions=1
DrawOnly=//eos/home-y/youpeng/valid/genValidation/masterVBS_merged.yoda.gz/MC_ZZINC:ENERGY=13000/ZeZm_dphi //eos/home-y/youpeng/valid/genValidation/mg352VBS_merged.yoda.gz/MC_ZZINC:ENERGY=13000/ZeZm_dphi
LegendOnly=//eos/home-y/youpeng/valid/genValidation/masterVBS_merged.yoda.gz/MC_ZZINC:ENERGY=13000/ZeZm_dphi //eos/home-y/youpeng/valid/genValidation/mg352VBS_merged.yoda.gz/MC_ZZINC:ENERGY=13000/ZeZm_dphi
RatioPlot=1
RatioPlotReference=//eos/home-y/youpeng/valid/genValidation/masterVBS_merged.yoda.gz/MC_ZZINC:ENERGY=13000/ZeZm_dphi
RatioPlotYLabel=Ratio
# END PLOT

# BEGIN HISTO1D //eos/home-y/youpeng/valid/genValidation/masterVBS_merged.yoda.gz/MC_ZZINC:ENERGY=13000/ZeZm_dphi
ErrorBars=1
LineColor=red
LineStyle=solid
Path=//eos/home-y/youpeng/valid/genValidation/masterVBS_merged.yoda.gz/MC_ZZINC:ENERGY=13000/ZeZm_dphi
ScaledBy=1.00503000000000010e-06
Title=VBSZZ@NLO(v2918)
# xlow	 xhigh	 val	 errminus	 errplus
0.000000e+00	1.256637e-01	1.599555e-05	1.131056e-05	1.131056e-05
1.256637e-01	2.513274e-01	1.599555e-05	1.131056e-05	1.131056e-05
2.513274e-01	3.769911e-01	1.599555e-05	1.131056e-05	1.131056e-05
3.769911e-01	5.026548e-01	3.998888e-05	1.788357e-05	1.788357e-05
5.026548e-01	6.283185e-01	3.199110e-05	1.599555e-05	1.599555e-05
6.283185e-01	7.539822e-01	2.399333e-05	1.385255e-05	1.385255e-05
7.539822e-01	8.796459e-01	4.798665e-05	1.959047e-05	1.959047e-05
8.796459e-01	1.005310e+00	2.399325e-05	1.385251e-05	1.385251e-05
1.005310e+00	1.130973e+00	3.199128e-05	1.599564e-05	1.599564e-05
1.130973e+00	1.256637e+00	4.798654e-05	1.959042e-05	1.959042e-05
1.256637e+00	1.382301e+00	3.199102e-05	1.599551e-05	1.599551e-05
1.382301e+00	1.507964e+00	5.598474e-05	2.116024e-05	2.116024e-05
1.507964e+00	1.633628e+00	3.199102e-05	1.599551e-05	1.599551e-05
1.633628e+00	1.759292e+00	3.199102e-05	1.599551e-05	1.599551e-05
1.759292e+00	1.884956e+00	3.199102e-05	1.599551e-05	1.599551e-05
1.884956e+00	2.010619e+00	3.998910e-05	1.788367e-05	1.788367e-05
2.010619e+00	2.136283e+00	3.199102e-05	1.599551e-05	1.599551e-05
2.136283e+00	2.261947e+00	3.998878e-05	1.788353e-05	1.788353e-05
2.261947e+00	2.387610e+00	1.599564e-05	1.131063e-05	1.131063e-05
2.387610e+00	2.513274e+00	3.998878e-05	1.788353e-05	1.788353e-05
2.513274e+00	2.638938e+00	4.798654e-05	1.959042e-05	1.959042e-05
2.638938e+00	2.764602e+00	4.798654e-05	1.959042e-05	1.959042e-05
2.764602e+00	2.890265e+00	3.998910e-05	1.788367e-05	1.788367e-05
2.890265e+00	3.015929e+00	6.398205e-05	2.262107e-05	2.262107e-05
3.015929e+00	3.141593e+00	5.598429e-05	2.116007e-05	2.116007e-05
# END HISTO1D


# BEGIN HISTO1D //eos/home-y/youpeng/valid/genValidation/mg352VBS_merged.yoda.gz/MC_ZZINC:ENERGY=13000/ZeZm_dphi
ErrorBars=1
LineColor=blue
LineStyle=solid
Path=//eos/home-y/youpeng/valid/genValidation/mg352VBS_merged.yoda.gz/MC_ZZINC:ENERGY=13000/ZeZm_dphi
ScaledBy=9.96719999999999835e-07
Title=VBSZZ@NLO(v352)
# xlow	 xhigh	 val	 errminus	 errplus
0.000000e+00	1.256637e-01	6.345317e-05	2.243408e-05	2.243408e-05
1.256637e-01	2.513274e-01	3.172658e-05	1.586329e-05	1.586329e-05
2.513274e-01	3.769911e-01	7.931646e-06	7.931646e-06	7.931646e-06
3.769911e-01	5.026548e-01	7.931646e-06	7.931646e-06	7.931646e-06
5.026548e-01	6.283185e-01	3.172658e-05	1.586329e-05	1.586329e-05
6.283185e-01	7.539822e-01	3.965823e-05	1.773570e-05	1.773570e-05
7.539822e-01	8.796459e-01	0.000000e+00	0.000000e+00	0.000000e+00
8.796459e-01	1.005310e+00	0.000000e+00	0.000000e+00	0.000000e+00
1.005310e+00	1.130973e+00	2.379507e-05	1.373809e-05	1.373809e-05
1.130973e+00	1.256637e+00	3.172651e-05	1.586325e-05	1.586325e-05
1.256637e+00	1.382301e+00	2.379488e-05	1.373798e-05	1.373798e-05
1.382301e+00	1.507964e+00	3.172676e-05	1.586338e-05	1.586338e-05
1.507964e+00	1.633628e+00	2.379488e-05	1.373798e-05	1.373798e-05
1.633628e+00	1.759292e+00	3.172651e-05	1.586325e-05	1.586325e-05
1.759292e+00	1.884956e+00	5.552139e-05	2.098511e-05	2.098511e-05
1.884956e+00	2.010619e+00	4.759014e-05	1.942859e-05	1.942859e-05
2.010619e+00	2.136283e+00	7.931627e-06	7.931627e-06	7.931627e-06
2.136283e+00	2.261947e+00	2.379488e-05	1.373798e-05	1.373798e-05
2.261947e+00	2.387610e+00	4.759014e-05	1.942859e-05	1.942859e-05
2.387610e+00	2.513274e+00	3.172651e-05	1.586325e-05	1.586325e-05
2.513274e+00	2.638938e+00	5.552139e-05	2.098511e-05	2.098511e-05
2.638938e+00	2.764602e+00	4.758976e-05	1.942844e-05	1.942844e-05
2.764602e+00	2.890265e+00	5.552183e-05	2.098528e-05	2.098528e-05
2.890265e+00	3.015929e+00	3.965814e-05	1.773566e-05	1.773566e-05
3.015929e+00	3.141593e+00	6.345302e-05	2.243403e-05	2.243403e-05
# END HISTO1D

