# BEGIN PLOT
Legend=1
LogY=1
Title=Lepton $p_\perp$
XLabel=$p_\perp^{\mathrm{l}}$ [GeV]
YLabel=$\mathrm{d}\sigma/\mathrm{d}p_\perp^{\mathrm{l}}$ [pb/GeV]
LogX=1
RemoveOptions=1
DrawOnly=//eos/home-y/youpeng/valid/genValidation/masterVBS_merged.yoda.gz/MC_ZZINC:ENERGY=13000/Zl_pT //eos/home-y/youpeng/valid/genValidation/mg352VBS_merged.yoda.gz/MC_ZZINC:ENERGY=13000/Zl_pT
LegendOnly=//eos/home-y/youpeng/valid/genValidation/masterVBS_merged.yoda.gz/MC_ZZINC:ENERGY=13000/Zl_pT //eos/home-y/youpeng/valid/genValidation/mg352VBS_merged.yoda.gz/MC_ZZINC:ENERGY=13000/Zl_pT
RatioPlot=1
RatioPlotReference=//eos/home-y/youpeng/valid/genValidation/masterVBS_merged.yoda.gz/MC_ZZINC:ENERGY=13000/Zl_pT
RatioPlotYLabel=Ratio
# END PLOT

# BEGIN HISTO1D //eos/home-y/youpeng/valid/genValidation/masterVBS_merged.yoda.gz/MC_ZZINC:ENERGY=13000/Zl_pT
ErrorBars=1
LineColor=red
LineStyle=solid
Path=//eos/home-y/youpeng/valid/genValidation/masterVBS_merged.yoda.gz/MC_ZZINC:ENERGY=13000/Zl_pT
ScaledBy=1.00503000000000010e-06
Title=VBSZZ@NLO(v2918)
# xlow	 xhigh	 val	 errminus	 errplus
3.000000e+01	3.115225e+01	8.722326e-06	2.758241e-06	2.758241e-06
3.115225e+01	3.234876e+01	1.175955e-05	3.142872e-06	3.142872e-06
3.234876e+01	3.359123e+01	4.853381e-06	1.981384e-06	1.981384e-06
3.359123e+01	3.488142e+01	1.012672e-05	2.808646e-06	2.808646e-06
3.488142e+01	3.622116e+01	9.002015e-06	2.598658e-06	2.598658e-06
3.622116e+01	3.761236e+01	7.224195e-06	2.284491e-06	2.284491e-06
3.761236e+01	3.905699e+01	5.565605e-06	1.967738e-06	1.967738e-06
3.905699e+01	4.055711e+01	7.369630e-06	2.222027e-06	2.222027e-06
4.055711e+01	4.211485e+01	6.451847e-06	2.040253e-06	2.040253e-06
4.211485e+01	4.373242e+01	6.834530e-06	2.060688e-06	2.060688e-06
4.373242e+01	4.541211e+01	8.376796e-06	2.238792e-06	2.238792e-06
4.541211e+01	4.715632e+01	4.033465e-06	1.524506e-06	1.524506e-06
4.715632e+01	4.896752e+01	2.219589e-06	1.109795e-06	1.109795e-06
4.896752e+01	5.084829e+01	1.068743e-05	2.389783e-06	2.389783e-06
5.084829e+01	5.280129e+01	5.660691e-06	1.706763e-06	1.706763e-06
5.280129e+01	5.482931e+01	4.460148e-06	1.486716e-06	1.486716e-06
5.482931e+01	5.693522e+01	6.204154e-06	1.720723e-06	1.720723e-06
5.693522e+01	5.912202e+01	6.893840e-06	1.779982e-06	1.779982e-06
5.912202e+01	6.139280e+01	4.868517e-06	1.467913e-06	1.467913e-06
6.139280e+01	6.375081e+01	4.688415e-06	1.413610e-06	1.413610e-06
6.375081e+01	6.619938e+01	3.694103e-06	1.231368e-06	1.231368e-06
6.619938e+01	6.874199e+01	4.348024e-06	1.310979e-06	1.310979e-06
6.874199e+01	7.138227e+01	1.903264e-06	8.511656e-07	8.511656e-07
7.138227e+01	7.412395e+01	2.932596e-06	1.036829e-06	1.036829e-06
7.412395e+01	7.697094e+01	4.236179e-06	1.222879e-06	1.222879e-06
7.697094e+01	7.992727e+01	3.739545e-06	1.127515e-06	1.127515e-06
7.992727e+01	8.299716e+01	3.601214e-06	1.085807e-06	1.085807e-06
8.299716e+01	8.618495e+01	1.891649e-06	7.722625e-07	7.722625e-07
8.618495e+01	8.949518e+01	2.125293e-06	8.032854e-07	8.032854e-07
8.949518e+01	9.293256e+01	8.771477e-07	5.064215e-07	5.064215e-07
9.293256e+01	9.650195e+01	1.126276e-06	5.631382e-07	5.631382e-07
9.650195e+01	1.002084e+02	5.423141e-07	3.834740e-07	3.834740e-07
1.002084e+02	1.040573e+02	2.350092e-06	7.833641e-07	7.833641e-07
1.040573e+02	1.080540e+02	1.760255e-06	6.653137e-07	6.653137e-07
1.080540e+02	1.122042e+02	1.210821e-06	5.414957e-07	5.414957e-07
1.122042e+02	1.165138e+02	9.328290e-07	4.664145e-07	4.664145e-07
1.165138e+02	1.209889e+02	2.021244e-06	6.737481e-07	6.737481e-07
1.209889e+02	1.256359e+02	1.513925e-06	5.722099e-07	5.722099e-07
1.256359e+02	1.304614e+02	8.330992e-07	4.165496e-07	4.165496e-07
1.304614e+02	1.354722e+02	8.022911e-07	4.011455e-07	4.011455e-07
1.354722e+02	1.406755e+02	5.794573e-07	3.345498e-07	3.345498e-07
1.406755e+02	1.460786e+02	9.300494e-07	4.159308e-07	4.159308e-07
1.460786e+02	1.516892e+02	7.165223e-07	3.582611e-07	3.582611e-07
1.516892e+02	1.575154e+02	8.625090e-07	3.857258e-07	3.857258e-07
1.575154e+02	1.635653e+02	1.661234e-07	1.661234e-07	1.661234e-07
1.635653e+02	1.698476e+02	6.399121e-07	3.199561e-07	3.199561e-07
1.698476e+02	1.763712e+02	3.081213e-07	2.178747e-07	2.178747e-07
1.763712e+02	1.831453e+02	8.901817e-07	3.634152e-07	3.634152e-07
1.831453e+02	1.901797e+02	4.286208e-07	2.474643e-07	2.474643e-07
1.901797e+02	1.974842e+02	1.375905e-07	1.375905e-07	1.375905e-07
1.974842e+02	2.050692e+02	2.650046e-07	1.873866e-07	1.873866e-07
2.050692e+02	2.129456e+02	3.828005e-07	2.210100e-07	2.210100e-07
2.129456e+02	2.211246e+02	3.686380e-07	2.128332e-07	2.128332e-07
2.211246e+02	2.296176e+02	2.366726e-07	1.673528e-07	1.673528e-07
2.296176e+02	2.384369e+02	1.139580e-07	1.139580e-07	1.139580e-07
2.384369e+02	2.475949e+02	0.000000e+00	0.000000e+00	0.000000e+00
2.475949e+02	2.571046e+02	3.170542e-07	1.830513e-07	1.830513e-07
2.571046e+02	2.669796e+02	0.000000e+00	0.000000e+00	0.000000e+00
2.669796e+02	2.772339e+02	9.801059e-08	9.801058e-08	9.801058e-08
2.772339e+02	2.878820e+02	0.000000e+00	0.000000e+00	0.000000e+00
2.878820e+02	2.989391e+02	9.089454e-08	9.089452e-08	9.089452e-08
2.989391e+02	3.104209e+02	0.000000e+00	0.000000e+00	0.000000e+00
3.104209e+02	3.223437e+02	1.685896e-07	1.192109e-07	1.192109e-07
3.223437e+02	3.347244e+02	1.623543e-07	1.148018e-07	1.148018e-07
3.347244e+02	3.475807e+02	0.000000e+00	0.000000e+00	0.000000e+00
3.475807e+02	3.609307e+02	0.000000e+00	0.000000e+00	0.000000e+00
3.609307e+02	3.747935e+02	0.000000e+00	0.000000e+00	0.000000e+00
3.747935e+02	3.891888e+02	0.000000e+00	0.000000e+00	0.000000e+00
3.891888e+02	4.041369e+02	0.000000e+00	0.000000e+00	0.000000e+00
4.041369e+02	4.196592e+02	6.474749e-08	6.474748e-08	6.474748e-08
4.196592e+02	4.357776e+02	0.000000e+00	0.000000e+00	0.000000e+00
4.357776e+02	4.525152e+02	0.000000e+00	0.000000e+00	0.000000e+00
4.525152e+02	4.698956e+02	5.782548e-08	5.782547e-08	5.782547e-08
4.698956e+02	4.879436e+02	0.000000e+00	0.000000e+00	0.000000e+00
4.879436e+02	5.066847e+02	0.000000e+00	0.000000e+00	0.000000e+00
5.066847e+02	5.261457e+02	0.000000e+00	0.000000e+00	0.000000e+00
5.261457e+02	5.463542e+02	0.000000e+00	0.000000e+00	0.000000e+00
5.463542e+02	5.673388e+02	0.000000e+00	0.000000e+00	0.000000e+00
5.673388e+02	5.891294e+02	0.000000e+00	0.000000e+00	0.000000e+00
5.891294e+02	6.117570e+02	0.000000e+00	0.000000e+00	0.000000e+00
6.117570e+02	6.352536e+02	0.000000e+00	0.000000e+00	0.000000e+00
6.352536e+02	6.596527e+02	0.000000e+00	0.000000e+00	0.000000e+00
6.596527e+02	6.849890e+02	0.000000e+00	0.000000e+00	0.000000e+00
6.849890e+02	7.112984e+02	3.820042e-08	3.820041e-08	3.820041e-08
7.112984e+02	7.386183e+02	0.000000e+00	0.000000e+00	0.000000e+00
7.386183e+02	7.669875e+02	0.000000e+00	0.000000e+00	0.000000e+00
7.669875e+02	7.964463e+02	0.000000e+00	0.000000e+00	0.000000e+00
7.964463e+02	8.270365e+02	0.000000e+00	0.000000e+00	0.000000e+00
8.270365e+02	8.588018e+02	0.000000e+00	0.000000e+00	0.000000e+00
8.588018e+02	8.917870e+02	0.000000e+00	0.000000e+00	0.000000e+00
8.917870e+02	9.260392e+02	0.000000e+00	0.000000e+00	0.000000e+00
9.260392e+02	9.616069e+02	0.000000e+00	0.000000e+00	0.000000e+00
9.616069e+02	9.985408e+02	0.000000e+00	0.000000e+00	0.000000e+00
9.985408e+02	1.036893e+03	0.000000e+00	0.000000e+00	0.000000e+00
1.036893e+03	1.076719e+03	0.000000e+00	0.000000e+00	0.000000e+00
1.076719e+03	1.118074e+03	0.000000e+00	0.000000e+00	0.000000e+00
1.118074e+03	1.161017e+03	0.000000e+00	0.000000e+00	0.000000e+00
1.161017e+03	1.205610e+03	0.000000e+00	0.000000e+00	0.000000e+00
1.205610e+03	1.251916e+03	0.000000e+00	0.000000e+00	0.000000e+00
1.251916e+03	1.300000e+03	0.000000e+00	0.000000e+00	0.000000e+00
# END HISTO1D


# BEGIN HISTO1D //eos/home-y/youpeng/valid/genValidation/mg352VBS_merged.yoda.gz/MC_ZZINC:ENERGY=13000/Zl_pT
ErrorBars=1
LineColor=blue
LineStyle=solid
Path=//eos/home-y/youpeng/valid/genValidation/mg352VBS_merged.yoda.gz/MC_ZZINC:ENERGY=13000/Zl_pT
ScaledBy=9.96719999999999835e-07
Title=VBSZZ@NLO(v352)
# xlow	 xhigh	 val	 errminus	 errplus
3.000000e+01	3.115225e+01	6.920165e-06	2.446648e-06	2.446648e-06
3.115225e+01	3.234876e+01	7.497204e-06	2.499068e-06	2.499068e-06
3.234876e+01	3.359123e+01	7.219877e-06	2.406626e-06	2.406626e-06
3.359123e+01	3.488142e+01	6.180299e-06	2.185066e-06	2.185066e-06
3.488142e+01	3.622116e+01	8.183618e-06	2.467454e-06	2.467454e-06
3.622116e+01	3.761236e+01	3.582231e-06	1.602023e-06	1.602023e-06
3.761236e+01	3.905699e+01	6.209535e-06	2.069845e-06	2.069845e-06
3.905699e+01	4.055711e+01	4.650988e-06	1.757908e-06	1.757908e-06
4.055711e+01	4.211485e+01	4.478950e-06	1.692884e-06	1.692884e-06
4.211485e+01	4.373242e+01	5.545652e-06	1.848551e-06	1.848551e-06
4.373242e+01	4.541211e+01	5.933952e-06	1.876480e-06	1.876480e-06
4.541211e+01	4.715632e+01	4.571560e-06	1.616290e-06	1.616290e-06
4.715632e+01	4.896752e+01	4.952783e-06	1.650928e-06	1.650928e-06
4.896752e+01	5.084829e+01	3.709672e-06	1.402124e-06	1.402124e-06
5.084829e+01	5.280129e+01	3.572473e-06	1.350268e-06	1.350268e-06
5.280129e+01	5.482931e+01	2.948847e-06	1.203862e-06	1.203862e-06
5.482931e+01	5.693522e+01	7.099449e-06	1.833070e-06	1.833070e-06
5.693522e+01	5.912202e+01	2.734736e-06	1.116451e-06	1.116451e-06
5.912202e+01	6.139280e+01	3.950396e-06	1.316799e-06	1.316799e-06
6.139280e+01	6.375081e+01	2.958868e-06	1.118347e-06	1.118347e-06
6.375081e+01	6.619938e+01	5.291807e-06	1.467683e-06	1.467683e-06
6.619938e+01	6.874199e+01	3.136053e-06	1.108762e-06	1.108762e-06
6.874199e+01	7.138227e+01	5.662581e-06	1.462072e-06	1.462072e-06
7.138227e+01	7.412395e+01	4.362522e-06	1.259352e-06	1.259352e-06
7.412395e+01	7.697094e+01	4.551249e-06	1.262289e-06	1.262289e-06
7.697094e+01	7.992727e+01	1.685739e-06	7.538853e-07	7.538853e-07
7.992727e+01	8.299716e+01	2.922085e-06	9.740284e-07	9.740284e-07
8.299716e+01	8.618495e+01	3.439348e-06	1.037003e-06	1.037003e-06
8.618495e+01	8.949518e+01	2.107721e-06	7.966435e-07	7.966435e-07
8.949518e+01	9.293256e+01	2.609685e-06	8.698951e-07	8.698951e-07
9.293256e+01	9.650195e+01	8.377230e-07	4.836596e-07	4.836596e-07
9.650195e+01	1.002084e+02	2.151320e-06	7.606065e-07	7.606065e-07
1.002084e+02	1.040573e+02	1.035849e-06	5.179246e-07	5.179246e-07
1.040573e+02	1.080540e+02	1.995086e-06	7.053694e-07	7.053694e-07
1.080540e+02	1.122042e+02	1.681133e-06	6.354087e-07	6.354087e-07
1.122042e+02	1.165138e+02	1.156395e-06	5.171556e-07	5.171556e-07
1.165138e+02	1.209889e+02	1.113629e-06	4.980299e-07	4.980299e-07
1.209889e+02	1.256359e+02	1.501407e-06	5.674786e-07	5.674786e-07
1.256359e+02	1.304614e+02	1.445869e-06	5.464870e-07	5.464870e-07
1.304614e+02	1.354722e+02	5.967430e-07	3.445297e-07	3.445297e-07
1.354722e+02	1.406755e+02	3.831107e-07	2.709002e-07	2.709002e-07
1.406755e+02	1.460786e+02	3.689438e-07	2.608827e-07	2.608827e-07
1.460786e+02	1.516892e+02	7.105978e-07	3.552989e-07	3.552989e-07
1.516892e+02	1.575154e+02	8.553774e-07	3.825364e-07	3.825364e-07
1.575154e+02	1.635653e+02	8.237492e-07	3.683918e-07	3.683918e-07
1.635653e+02	1.698476e+02	3.173105e-07	2.243725e-07	2.243725e-07
1.698476e+02	1.763712e+02	1.527868e-07	1.527868e-07	1.527868e-07
1.763712e+02	1.831453e+02	7.356844e-07	3.290081e-07	3.290081e-07
1.831453e+02	1.901797e+02	8.501535e-07	3.470737e-07	3.470737e-07
1.901797e+02	1.974842e+02	1.364529e-07	1.364529e-07	1.364529e-07
1.974842e+02	2.050692e+02	2.628134e-07	1.858372e-07	1.858372e-07
2.050692e+02	2.129456e+02	1.265451e-07	1.265451e-07	1.265451e-07
2.129456e+02	2.211246e+02	1.218633e-07	1.218633e-07	1.218633e-07
2.211246e+02	2.296176e+02	2.347156e-07	1.659690e-07	1.659690e-07
2.296176e+02	2.384369e+02	2.260315e-07	1.598285e-07	1.598285e-07
2.384369e+02	2.475949e+02	1.088360e-07	1.088360e-07	1.088360e-07
2.475949e+02	2.571046e+02	3.144326e-07	1.815378e-07	1.815378e-07
2.571046e+02	2.669796e+02	2.018673e-07	1.427418e-07	1.427418e-07
2.669796e+02	2.772339e+02	1.944004e-07	1.374619e-07	1.374619e-07
2.772339e+02	2.878820e+02	9.360543e-08	9.360543e-08	9.360543e-08
2.878820e+02	2.989391e+02	9.014299e-08	9.014299e-08	9.014299e-08
2.989391e+02	3.104209e+02	1.736174e-07	1.227660e-07	1.227660e-07
3.104209e+02	3.223437e+02	8.359781e-08	8.359781e-08	8.359781e-08
3.223437e+02	3.347244e+02	0.000000e+00	0.000000e+00	0.000000e+00
3.347244e+02	3.475807e+02	7.752775e-08	7.752775e-08	7.752775e-08
3.475807e+02	3.609307e+02	0.000000e+00	0.000000e+00	0.000000e+00
3.609307e+02	3.747935e+02	0.000000e+00	0.000000e+00	0.000000e+00
3.747935e+02	3.891888e+02	6.923927e-08	6.923927e-08	6.923927e-08
3.891888e+02	4.041369e+02	0.000000e+00	0.000000e+00	0.000000e+00
4.041369e+02	4.196592e+02	0.000000e+00	0.000000e+00	0.000000e+00
4.196592e+02	4.357776e+02	0.000000e+00	0.000000e+00	0.000000e+00
4.357776e+02	4.525152e+02	0.000000e+00	0.000000e+00	0.000000e+00
4.525152e+02	4.698956e+02	0.000000e+00	0.000000e+00	0.000000e+00
4.698956e+02	4.879436e+02	0.000000e+00	0.000000e+00	0.000000e+00
4.879436e+02	5.066847e+02	0.000000e+00	0.000000e+00	0.000000e+00
5.066847e+02	5.261457e+02	0.000000e+00	0.000000e+00	0.000000e+00
5.261457e+02	5.463542e+02	0.000000e+00	0.000000e+00	0.000000e+00
5.463542e+02	5.673388e+02	0.000000e+00	0.000000e+00	0.000000e+00
5.673388e+02	5.891294e+02	0.000000e+00	0.000000e+00	0.000000e+00
5.891294e+02	6.117570e+02	0.000000e+00	0.000000e+00	0.000000e+00
6.117570e+02	6.352536e+02	0.000000e+00	0.000000e+00	0.000000e+00
6.352536e+02	6.596527e+02	0.000000e+00	0.000000e+00	0.000000e+00
6.596527e+02	6.849890e+02	0.000000e+00	0.000000e+00	0.000000e+00
6.849890e+02	7.112984e+02	0.000000e+00	0.000000e+00	0.000000e+00
7.112984e+02	7.386183e+02	0.000000e+00	0.000000e+00	0.000000e+00
7.386183e+02	7.669875e+02	0.000000e+00	0.000000e+00	0.000000e+00
7.669875e+02	7.964463e+02	0.000000e+00	0.000000e+00	0.000000e+00
7.964463e+02	8.270365e+02	0.000000e+00	0.000000e+00	0.000000e+00
8.270365e+02	8.588018e+02	0.000000e+00	0.000000e+00	0.000000e+00
8.588018e+02	8.917870e+02	0.000000e+00	0.000000e+00	0.000000e+00
8.917870e+02	9.260392e+02	0.000000e+00	0.000000e+00	0.000000e+00
9.260392e+02	9.616069e+02	0.000000e+00	0.000000e+00	0.000000e+00
9.616069e+02	9.985408e+02	0.000000e+00	0.000000e+00	0.000000e+00
9.985408e+02	1.036893e+03	0.000000e+00	0.000000e+00	0.000000e+00
1.036893e+03	1.076719e+03	0.000000e+00	0.000000e+00	0.000000e+00
1.076719e+03	1.118074e+03	0.000000e+00	0.000000e+00	0.000000e+00
1.118074e+03	1.161017e+03	0.000000e+00	0.000000e+00	0.000000e+00
1.161017e+03	1.205610e+03	0.000000e+00	0.000000e+00	0.000000e+00
1.205610e+03	1.251916e+03	0.000000e+00	0.000000e+00	0.000000e+00
1.251916e+03	1.300000e+03	0.000000e+00	0.000000e+00	0.000000e+00
# END HISTO1D

