# BEGIN PLOT
Legend=1
LogY=1
Title=Transverse momentum difference of boson pair
XLabel=$\Delta p_\perp^{\mathrm{ZZ}}$ [GeV]
YLabel=$\mathrm{d}\sigma/\mathrm{d}\Delta p_\perp^{\mathrm{ZZ}}$ [pb/GeV]
LogX=1
LegendXPos=0.05
LegendYPos=0.5
RemoveOptions=1
DrawOnly=//eos/home-y/youpeng/valid/genValidation/masterVBS_merged.yoda.gz/MC_ZZINC:ENERGY=13000/ZZ_dpT //eos/home-y/youpeng/valid/genValidation/mg352VBS_merged.yoda.gz/MC_ZZINC:ENERGY=13000/ZZ_dpT
LegendOnly=//eos/home-y/youpeng/valid/genValidation/masterVBS_merged.yoda.gz/MC_ZZINC:ENERGY=13000/ZZ_dpT //eos/home-y/youpeng/valid/genValidation/mg352VBS_merged.yoda.gz/MC_ZZINC:ENERGY=13000/ZZ_dpT
RatioPlot=1
RatioPlotReference=//eos/home-y/youpeng/valid/genValidation/masterVBS_merged.yoda.gz/MC_ZZINC:ENERGY=13000/ZZ_dpT
RatioPlotYLabel=Ratio
# END PLOT

# BEGIN HISTO1D //eos/home-y/youpeng/valid/genValidation/masterVBS_merged.yoda.gz/MC_ZZINC:ENERGY=13000/ZZ_dpT
ErrorBars=1
LineColor=red
LineStyle=solid
Path=//eos/home-y/youpeng/valid/genValidation/masterVBS_merged.yoda.gz/MC_ZZINC:ENERGY=13000/ZZ_dpT
ScaledBy=1.00503000000000010e-06
Title=VBSZZ@NLO(v2918)
# xlow	 xhigh	 val	 errminus	 errplus
1.000000e+00	1.091765e+00	0.000000e+00	0.000000e+00	0.000000e+00
1.091765e+00	1.191951e+00	0.000000e+00	0.000000e+00	0.000000e+00
1.191951e+00	1.301330e+00	0.000000e+00	0.000000e+00	0.000000e+00
1.301330e+00	1.420746e+00	0.000000e+00	0.000000e+00	0.000000e+00
1.420746e+00	1.551121e+00	7.708763e-06	7.708762e-06	7.708762e-06
1.551121e+00	1.693459e+00	0.000000e+00	0.000000e+00	0.000000e+00
1.693459e+00	1.848860e+00	0.000000e+00	0.000000e+00	0.000000e+00
1.848860e+00	2.018520e+00	0.000000e+00	0.000000e+00	0.000000e+00
2.018520e+00	2.203749e+00	0.000000e+00	0.000000e+00	0.000000e+00
2.203749e+00	2.405976e+00	0.000000e+00	0.000000e+00	0.000000e+00
2.405976e+00	2.626760e+00	0.000000e+00	0.000000e+00	0.000000e+00
2.626760e+00	2.867805e+00	0.000000e+00	0.000000e+00	0.000000e+00
2.867805e+00	3.130969e+00	0.000000e+00	0.000000e+00	0.000000e+00
3.130969e+00	3.418282e+00	0.000000e+00	0.000000e+00	0.000000e+00
3.418282e+00	3.731960e+00	0.000000e+00	0.000000e+00	0.000000e+00
3.731960e+00	4.074423e+00	0.000000e+00	0.000000e+00	0.000000e+00
4.074423e+00	4.448312e+00	2.688044e-06	2.688043e-06	2.688043e-06
4.448312e+00	4.856511e+00	0.000000e+00	0.000000e+00	0.000000e+00
4.856511e+00	5.302169e+00	0.000000e+00	0.000000e+00	0.000000e+00
5.302169e+00	5.788722e+00	4.131225e-06	2.921218e-06	2.921218e-06
5.788722e+00	6.319923e+00	0.000000e+00	0.000000e+00	0.000000e+00
6.319923e+00	6.899870e+00	1.732969e-06	1.732968e-06	1.732968e-06
6.899870e+00	7.533037e+00	0.000000e+00	0.000000e+00	0.000000e+00
7.533037e+00	8.224305e+00	2.907787e-06	2.056116e-06	2.056116e-06
8.224305e+00	8.979008e+00	0.000000e+00	0.000000e+00	0.000000e+00
8.979008e+00	9.802965e+00	0.000000e+00	0.000000e+00	0.000000e+00
9.802965e+00	1.070253e+01	0.000000e+00	0.000000e+00	0.000000e+00
1.070253e+01	1.168465e+01	0.000000e+00	0.000000e+00	0.000000e+00
1.168465e+01	1.275689e+01	1.874636e-06	1.325568e-06	1.325568e-06
1.275689e+01	1.392753e+01	2.575591e-06	1.487018e-06	1.487018e-06
1.392753e+01	1.520559e+01	0.000000e+00	0.000000e+00	0.000000e+00
1.520559e+01	1.660092e+01	2.881125e-06	1.440562e-06	1.440562e-06
1.660092e+01	1.812431e+01	0.000000e+00	0.000000e+00	0.000000e+00
1.812431e+01	1.978748e+01	1.208572e-06	8.545892e-07	8.545892e-07
1.978748e+01	2.160328e+01	1.660475e-06	9.586755e-07	9.586755e-07
2.160328e+01	2.358570e+01	5.069713e-07	5.069712e-07	5.069712e-07
2.358570e+01	2.575004e+01	4.643586e-07	4.643586e-07	4.643586e-07
2.575004e+01	2.811299e+01	2.126643e-06	9.510635e-07	9.510635e-07
2.811299e+01	3.069278e+01	7.791564e-07	5.509469e-07	5.509469e-07
3.069278e+01	3.350930e+01	1.070502e-06	6.180546e-07	6.180546e-07
3.350930e+01	3.658428e+01	6.536823e-07	4.622232e-07	4.622232e-07
3.658428e+01	3.994143e+01	1.796220e-06	7.333038e-07	7.333038e-07
3.994143e+01	4.360665e+01	0.000000e+00	0.000000e+00	0.000000e+00
4.360665e+01	4.760821e+01	7.534786e-07	4.350211e-07	4.350211e-07
4.760821e+01	5.197698e+01	1.150244e-06	5.144046e-07	5.144046e-07
5.197698e+01	5.674664e+01	4.214263e-07	2.979934e-07	2.979934e-07
5.674664e+01	6.195399e+01	3.860044e-07	2.729464e-07	2.729464e-07
6.195399e+01	6.763919e+01	1.767801e-07	1.767800e-07	1.767800e-07
6.763919e+01	7.384610e+01	3.238423e-07	2.289911e-07	2.289911e-07
7.384610e+01	8.062258e+01	7.415576e-07	3.316346e-07	3.316346e-07
8.062258e+01	8.802090e+01	4.075371e-07	2.352917e-07	2.352917e-07
8.802090e+01	9.609813e+01	3.732827e-07	2.155149e-07	2.155149e-07
9.609813e+01	1.049166e+02	4.558750e-07	2.279375e-07	2.279375e-07
1.049166e+02	1.145442e+02	4.175620e-07	2.087810e-07	2.087810e-07
1.145442e+02	1.250554e+02	6.693061e-07	2.529739e-07	2.529739e-07
1.250554e+02	1.365311e+02	2.627369e-07	1.516912e-07	1.516912e-07
1.365311e+02	1.490598e+02	4.813093e-07	1.964937e-07	1.964937e-07
1.490598e+02	1.627383e+02	0.000000e+00	0.000000e+00	0.000000e+00
1.627383e+02	1.776720e+02	2.018984e-07	1.165661e-07	1.165661e-07
1.776720e+02	1.939760e+02	4.315021e-07	1.630925e-07	1.630925e-07
1.939760e+02	2.117762e+02	1.129235e-07	7.984895e-08	7.984895e-08
2.117762e+02	2.312098e+02	5.171610e-08	5.171609e-08	5.171609e-08
2.312098e+02	2.524268e+02	9.473818e-08	6.699002e-08	6.699002e-08
2.524268e+02	2.755907e+02	4.338777e-08	4.338777e-08	4.338777e-08
2.755907e+02	3.008803e+02	7.948168e-08	5.620204e-08	5.620204e-08
3.008803e+02	3.284905e+02	0.000000e+00	0.000000e+00	0.000000e+00
3.284905e+02	3.586344e+02	3.334107e-08	3.334107e-08	3.334107e-08
3.586344e+02	3.915445e+02	6.107730e-08	4.318818e-08	4.318818e-08
3.915445e+02	4.274745e+02	0.000000e+00	0.000000e+00	0.000000e+00
4.274745e+02	4.667017e+02	0.000000e+00	0.000000e+00	0.000000e+00
4.667017e+02	5.095285e+02	0.000000e+00	0.000000e+00	0.000000e+00
5.095285e+02	5.562853e+02	0.000000e+00	0.000000e+00	0.000000e+00
5.562853e+02	6.073328e+02	0.000000e+00	0.000000e+00	0.000000e+00
6.073328e+02	6.630647e+02	0.000000e+00	0.000000e+00	0.000000e+00
6.630647e+02	7.239107e+02	0.000000e+00	0.000000e+00	0.000000e+00
7.239107e+02	7.903403e+02	0.000000e+00	0.000000e+00	0.000000e+00
7.903403e+02	8.628659e+02	0.000000e+00	0.000000e+00	0.000000e+00
8.628659e+02	9.420467e+02	1.269285e-08	1.269285e-08	1.269285e-08
9.420467e+02	1.028494e+03	0.000000e+00	0.000000e+00	0.000000e+00
1.028494e+03	1.122873e+03	0.000000e+00	0.000000e+00	0.000000e+00
1.122873e+03	1.225913e+03	0.000000e+00	0.000000e+00	0.000000e+00
1.225913e+03	1.338409e+03	0.000000e+00	0.000000e+00	0.000000e+00
1.338409e+03	1.461228e+03	0.000000e+00	0.000000e+00	0.000000e+00
1.461228e+03	1.595318e+03	0.000000e+00	0.000000e+00	0.000000e+00
1.595318e+03	1.741712e+03	0.000000e+00	0.000000e+00	0.000000e+00
1.741712e+03	1.901540e+03	0.000000e+00	0.000000e+00	0.000000e+00
1.901540e+03	2.076035e+03	0.000000e+00	0.000000e+00	0.000000e+00
2.076035e+03	2.266542e+03	0.000000e+00	0.000000e+00	0.000000e+00
2.266542e+03	2.474531e+03	0.000000e+00	0.000000e+00	0.000000e+00
2.474531e+03	2.701606e+03	0.000000e+00	0.000000e+00	0.000000e+00
2.701606e+03	2.949519e+03	0.000000e+00	0.000000e+00	0.000000e+00
2.949519e+03	3.220181e+03	0.000000e+00	0.000000e+00	0.000000e+00
3.220181e+03	3.515681e+03	0.000000e+00	0.000000e+00	0.000000e+00
3.515681e+03	3.838297e+03	0.000000e+00	0.000000e+00	0.000000e+00
3.838297e+03	4.190518e+03	0.000000e+00	0.000000e+00	0.000000e+00
4.190518e+03	4.575060e+03	0.000000e+00	0.000000e+00	0.000000e+00
4.575060e+03	4.994890e+03	0.000000e+00	0.000000e+00	0.000000e+00
4.994890e+03	5.453246e+03	0.000000e+00	0.000000e+00	0.000000e+00
5.453246e+03	5.953663e+03	0.000000e+00	0.000000e+00	0.000000e+00
5.953663e+03	6.500000e+03	0.000000e+00	0.000000e+00	0.000000e+00
# END HISTO1D


# BEGIN HISTO1D //eos/home-y/youpeng/valid/genValidation/mg352VBS_merged.yoda.gz/MC_ZZINC:ENERGY=13000/ZZ_dpT
ErrorBars=1
LineColor=blue
LineStyle=solid
Path=//eos/home-y/youpeng/valid/genValidation/mg352VBS_merged.yoda.gz/MC_ZZINC:ENERGY=13000/ZZ_dpT
ScaledBy=9.96719999999999835e-07
Title=VBSZZ@NLO(v352)
# xlow	 xhigh	 val	 errminus	 errplus
1.000000e+00	1.091765e+00	0.000000e+00	0.000000e+00	0.000000e+00
1.091765e+00	1.191951e+00	0.000000e+00	0.000000e+00	0.000000e+00
1.191951e+00	1.301330e+00	0.000000e+00	0.000000e+00	0.000000e+00
1.301330e+00	1.420746e+00	0.000000e+00	0.000000e+00	0.000000e+00
1.420746e+00	1.551121e+00	0.000000e+00	0.000000e+00	0.000000e+00
1.551121e+00	1.693459e+00	0.000000e+00	0.000000e+00	0.000000e+00
1.693459e+00	1.848860e+00	0.000000e+00	0.000000e+00	0.000000e+00
1.848860e+00	2.018520e+00	0.000000e+00	0.000000e+00	0.000000e+00
2.018520e+00	2.203749e+00	0.000000e+00	0.000000e+00	0.000000e+00
2.203749e+00	2.405976e+00	0.000000e+00	0.000000e+00	0.000000e+00
2.405976e+00	2.626760e+00	0.000000e+00	0.000000e+00	0.000000e+00
2.626760e+00	2.867805e+00	4.134996e-06	4.134996e-06	4.134996e-06
2.867805e+00	3.130969e+00	0.000000e+00	0.000000e+00	0.000000e+00
3.130969e+00	3.418282e+00	0.000000e+00	0.000000e+00	0.000000e+00
3.418282e+00	3.731960e+00	0.000000e+00	0.000000e+00	0.000000e+00
3.731960e+00	4.074423e+00	0.000000e+00	0.000000e+00	0.000000e+00
4.074423e+00	4.448312e+00	0.000000e+00	0.000000e+00	0.000000e+00
4.448312e+00	4.856511e+00	0.000000e+00	0.000000e+00	0.000000e+00
4.856511e+00	5.302169e+00	0.000000e+00	0.000000e+00	0.000000e+00
5.302169e+00	5.788722e+00	0.000000e+00	0.000000e+00	0.000000e+00
5.788722e+00	6.319923e+00	0.000000e+00	0.000000e+00	0.000000e+00
6.319923e+00	6.899870e+00	0.000000e+00	0.000000e+00	0.000000e+00
6.899870e+00	7.533037e+00	1.574182e-06	1.574182e-06	1.574182e-06
7.533037e+00	8.224305e+00	4.325616e-06	2.497396e-06	2.497396e-06
8.224305e+00	8.979008e+00	2.641357e-06	1.867722e-06	1.867722e-06
8.979008e+00	9.802965e+00	2.419350e-06	1.710739e-06	1.710739e-06
9.802965e+00	1.070253e+01	0.000000e+00	0.000000e+00	0.000000e+00
1.070253e+01	1.168465e+01	1.014866e-06	1.014866e-06	1.014866e-06
1.168465e+01	1.275689e+01	9.295680e-07	9.295680e-07	9.295680e-07
1.275689e+01	1.392753e+01	1.702863e-06	1.204106e-06	1.204106e-06
1.392753e+01	1.520559e+01	0.000000e+00	0.000000e+00	0.000000e+00
1.520559e+01	1.660092e+01	0.000000e+00	0.000000e+00	0.000000e+00
1.660092e+01	1.812431e+01	1.308555e-06	9.252884e-07	9.252884e-07
1.812431e+01	1.978748e+01	1.198579e-06	8.475232e-07	8.475232e-07
1.978748e+01	2.160328e+01	1.646745e-06	9.507488e-07	9.507488e-07
2.160328e+01	2.358570e+01	2.513897e-06	1.124249e-06	1.124249e-06
2.358570e+01	2.575004e+01	9.210383e-07	6.512725e-07	6.512725e-07
2.575004e+01	2.811299e+01	4.218117e-07	4.218117e-07	4.218117e-07
2.811299e+01	3.069278e+01	1.545428e-06	7.727141e-07	7.727141e-07
3.069278e+01	3.350930e+01	1.415534e-06	7.077670e-07	7.077670e-07
3.350930e+01	3.658428e+01	6.482774e-07	4.584014e-07	4.584014e-07
3.658428e+01	3.994143e+01	5.937894e-07	4.198725e-07	4.198725e-07
3.994143e+01	4.360665e+01	2.719400e-07	2.719400e-07	2.719400e-07
4.360665e+01	4.760821e+01	1.245414e-06	5.569662e-07	5.569662e-07
4.760821e+01	5.197698e+01	9.125864e-07	4.562932e-07	4.562932e-07
5.197698e+01	5.674664e+01	8.358835e-07	4.179417e-07	4.179417e-07
5.674664e+01	6.195399e+01	7.656255e-07	3.828128e-07	3.828128e-07
6.195399e+01	6.763919e+01	3.506367e-07	2.479376e-07	2.479376e-07
6.763919e+01	7.384610e+01	6.423293e-07	3.211646e-07	3.211646e-07
7.384610e+01	8.062258e+01	4.412556e-07	2.547590e-07	2.547590e-07
8.062258e+01	8.802090e+01	2.694450e-07	1.905264e-07	1.905264e-07
8.802090e+01	9.609813e+01	2.467975e-07	1.745122e-07	1.745122e-07
9.609813e+01	1.049166e+02	3.390792e-07	1.957675e-07	1.957675e-07
1.049166e+02	1.145442e+02	0.000000e+00	0.000000e+00	0.000000e+00
1.145442e+02	1.250554e+02	4.741228e-07	2.120342e-07	2.120342e-07
1.250554e+02	1.365311e+02	4.342742e-07	1.942133e-07	1.942133e-07
1.365311e+02	1.490598e+02	7.955494e-08	7.955494e-08	7.955494e-08
1.490598e+02	1.627383e+02	2.186029e-07	1.262104e-07	1.262104e-07
1.627383e+02	1.776720e+02	1.334860e-07	9.438887e-08	9.438887e-08
1.776720e+02	1.939760e+02	6.113346e-08	6.113347e-08	6.113347e-08
1.939760e+02	2.117762e+02	1.679846e-07	9.698597e-08	9.698597e-08
2.117762e+02	2.312098e+02	1.538655e-07	8.883427e-08	8.883427e-08
2.312098e+02	2.524268e+02	4.697742e-08	4.697742e-08	4.697742e-08
2.524268e+02	2.755907e+02	0.000000e+00	0.000000e+00	0.000000e+00
2.755907e+02	3.008803e+02	1.182367e-07	6.826401e-08	6.826401e-08
3.008803e+02	3.284905e+02	3.609970e-08	3.609970e-08	3.609970e-08
3.284905e+02	3.586344e+02	0.000000e+00	0.000000e+00	0.000000e+00
3.586344e+02	3.915445e+02	3.028614e-08	3.028614e-08	3.028614e-08
3.915445e+02	4.274745e+02	2.774061e-08	2.774061e-08	2.774061e-08
4.274745e+02	4.667017e+02	0.000000e+00	0.000000e+00	0.000000e+00
4.667017e+02	5.095285e+02	0.000000e+00	0.000000e+00	0.000000e+00
5.095285e+02	5.562853e+02	0.000000e+00	0.000000e+00	0.000000e+00
5.562853e+02	6.073328e+02	0.000000e+00	0.000000e+00	0.000000e+00
6.073328e+02	6.630647e+02	0.000000e+00	0.000000e+00	0.000000e+00
6.630647e+02	7.239107e+02	0.000000e+00	0.000000e+00	0.000000e+00
7.239107e+02	7.903403e+02	0.000000e+00	0.000000e+00	0.000000e+00
7.903403e+02	8.628659e+02	0.000000e+00	0.000000e+00	0.000000e+00
8.628659e+02	9.420467e+02	0.000000e+00	0.000000e+00	0.000000e+00
9.420467e+02	1.028494e+03	0.000000e+00	0.000000e+00	0.000000e+00
1.028494e+03	1.122873e+03	0.000000e+00	0.000000e+00	0.000000e+00
1.122873e+03	1.225913e+03	0.000000e+00	0.000000e+00	0.000000e+00
1.225913e+03	1.338409e+03	0.000000e+00	0.000000e+00	0.000000e+00
1.338409e+03	1.461228e+03	0.000000e+00	0.000000e+00	0.000000e+00
1.461228e+03	1.595318e+03	0.000000e+00	0.000000e+00	0.000000e+00
1.595318e+03	1.741712e+03	0.000000e+00	0.000000e+00	0.000000e+00
1.741712e+03	1.901540e+03	0.000000e+00	0.000000e+00	0.000000e+00
1.901540e+03	2.076035e+03	0.000000e+00	0.000000e+00	0.000000e+00
2.076035e+03	2.266542e+03	0.000000e+00	0.000000e+00	0.000000e+00
2.266542e+03	2.474531e+03	0.000000e+00	0.000000e+00	0.000000e+00
2.474531e+03	2.701606e+03	0.000000e+00	0.000000e+00	0.000000e+00
2.701606e+03	2.949519e+03	0.000000e+00	0.000000e+00	0.000000e+00
2.949519e+03	3.220181e+03	0.000000e+00	0.000000e+00	0.000000e+00
3.220181e+03	3.515681e+03	0.000000e+00	0.000000e+00	0.000000e+00
3.515681e+03	3.838297e+03	0.000000e+00	0.000000e+00	0.000000e+00
3.838297e+03	4.190518e+03	0.000000e+00	0.000000e+00	0.000000e+00
4.190518e+03	4.575060e+03	0.000000e+00	0.000000e+00	0.000000e+00
4.575060e+03	4.994890e+03	0.000000e+00	0.000000e+00	0.000000e+00
4.994890e+03	5.453246e+03	0.000000e+00	0.000000e+00	0.000000e+00
5.453246e+03	5.953663e+03	0.000000e+00	0.000000e+00	0.000000e+00
5.953663e+03	6.500000e+03	0.000000e+00	0.000000e+00	0.000000e+00
# END HISTO1D

