# BEGIN PLOT
Legend=1
LogY=1
Title=Transverse momentum of leading electron
XLabel=$p_\perp(\mathrm{e1})$ [GeV]
YLabel=$\mathrm{d}\sigma/\mathrm{d}p_\perp(\mathrm{e1})$ [pb/GeV]
LogX=1
LegendXPos=0.05
LegendYPos=0.5
XMin=20.0
RemoveOptions=1
DrawOnly=//ospool/cms-user/youpeng/genvalid/genValidation/masterVBS_merged.yoda.gz/MC_ELECTRONS:ENERGY=13600/electron_pt_1 //ospool/cms-user/youpeng/genvalid/genValidation/mg352VBS_merged.yoda.gz/MC_ELECTRONS:ENERGY=13600/electron_pt_1 //ospool/cms-user/youpeng/genvalid/genValidation/mg35xVBS_merged.yoda.gz/MC_ELECTRONS:ENERGY=13600/electron_pt_1
LegendOnly=//ospool/cms-user/youpeng/genvalid/genValidation/masterVBS_merged.yoda.gz/MC_ELECTRONS:ENERGY=13600/electron_pt_1 //ospool/cms-user/youpeng/genvalid/genValidation/mg352VBS_merged.yoda.gz/MC_ELECTRONS:ENERGY=13600/electron_pt_1 //ospool/cms-user/youpeng/genvalid/genValidation/mg35xVBS_merged.yoda.gz/MC_ELECTRONS:ENERGY=13600/electron_pt_1
RatioPlot=1
RatioPlotReference=//ospool/cms-user/youpeng/genvalid/genValidation/masterVBS_merged.yoda.gz/MC_ELECTRONS:ENERGY=13600/electron_pt_1
RatioPlotYLabel=Ratio
# END PLOT

# BEGIN HISTO1D //ospool/cms-user/youpeng/genvalid/genValidation/masterVBS_merged.yoda.gz/MC_ELECTRONS:ENERGY=13600/electron_pt_1
ErrorBars=1
LineColor=red
LineStyle=solid
Path=//ospool/cms-user/youpeng/genvalid/genValidation/masterVBS_merged.yoda.gz/MC_ELECTRONS:ENERGY=13600/electron_pt_1
ScaledBy=1.07182617187499956e-09
Title=VBSZZ@LO(v2918)
# xlow	 xhigh	 val	 errminus	 errplus
1.000000e+00	1.084713e+00	4.334725e-05	7.405732e-07	7.405732e-07
1.084713e+00	1.176602e+00	3.906394e-05	6.750227e-07	6.750227e-07
1.176602e+00	1.276275e+00	3.346466e-05	5.998831e-07	5.998831e-07
1.276275e+00	1.384392e+00	2.965151e-05	5.421739e-07	5.421739e-07
1.384392e+00	1.501668e+00	2.536169e-05	4.814450e-07	4.814450e-07
1.501668e+00	1.628879e+00	2.299340e-05	4.401508e-07	4.401508e-07
1.628879e+00	1.766866e+00	1.988503e-05	3.930123e-07	3.930123e-07
1.766866e+00	1.916542e+00	1.803850e-05	3.594068e-07	3.594068e-07
1.916542e+00	2.078898e+00	1.571205e-05	3.220657e-07	3.220657e-07
2.078898e+00	2.255007e+00	1.474066e-05	2.995228e-07	2.995228e-07
2.255007e+00	2.446035e+00	1.348844e-05	2.751025e-07	2.751025e-07
2.446035e+00	2.653246e+00	1.196430e-05	2.487708e-07	2.487708e-07
2.653246e+00	2.878010e+00	1.061507e-05	2.249884e-07	2.249884e-07
2.878010e+00	3.121814e+00	1.014657e-05	2.112037e-07	2.112037e-07
3.121814e+00	3.386272e+00	8.973156e-06	1.907025e-07	1.907025e-07
3.386272e+00	3.673133e+00	8.702065e-06	1.803174e-07	1.803174e-07
3.673133e+00	3.984294e+00	8.125819e-06	1.673028e-07	1.673028e-07
3.984294e+00	4.321815e+00	7.662685e-06	1.559920e-07	1.559920e-07
4.321815e+00	4.687929e+00	7.304299e-06	1.462323e-07	1.462323e-07
4.687929e+00	5.085057e+00	7.189987e-06	1.393031e-07	1.393031e-07
5.085057e+00	5.515826e+00	6.536420e-06	1.275293e-07	1.275293e-07
5.515826e+00	5.983088e+00	6.149796e-06	1.187715e-07	1.187715e-07
5.983088e+00	6.489932e+00	5.919062e-06	1.118798e-07	1.118798e-07
6.489932e+00	7.039713e+00	5.645901e-06	1.049141e-07	1.049141e-07
7.039713e+00	7.636067e+00	5.354152e-06	9.809694e-08	9.809694e-08
7.636067e+00	8.282940e+00	5.080161e-06	9.174691e-08	9.174691e-08
8.282940e+00	8.984612e+00	5.083625e-06	8.812150e-08	8.812150e-08
8.984612e+00	9.745724e+00	4.730268e-06	8.161703e-08	8.161703e-08
9.745724e+00	1.057131e+01	4.580265e-06	7.711277e-08	7.711277e-08
1.057131e+01	1.146684e+01	4.341020e-06	7.208054e-08	7.208054e-08
1.146684e+01	1.243823e+01	4.007528e-06	6.649725e-08	6.649725e-08
1.243823e+01	1.349190e+01	4.050615e-06	6.419044e-08	6.419044e-08
1.349190e+01	1.463484e+01	3.768000e-06	5.944371e-08	5.944371e-08
1.463484e+01	1.587460e+01	3.535982e-06	5.529023e-08	5.529023e-08
1.587460e+01	1.721938e+01	3.349108e-06	5.166556e-08	5.166556e-08
1.721938e+01	1.867809e+01	3.204361e-06	4.852309e-08	4.852309e-08
1.867809e+01	2.026036e+01	3.071322e-06	4.561257e-08	4.561257e-08
2.026036e+01	2.197668e+01	2.897013e-06	4.253420e-08	4.253420e-08
2.197668e+01	2.383838e+01	2.741600e-06	3.972916e-08	3.972916e-08
2.383838e+01	2.585780e+01	2.616644e-06	3.726672e-08	3.726672e-08
2.585780e+01	2.804829e+01	2.530705e-06	3.518944e-08	3.518944e-08
2.804829e+01	3.042434e+01	2.540572e-06	3.385323e-08	3.385323e-08
3.042434e+01	3.300167e+01	2.515163e-06	3.234150e-08	3.234150e-08
3.300167e+01	3.579734e+01	2.691000e-06	3.212004e-08	3.212004e-08
3.579734e+01	3.882983e+01	2.886606e-06	3.194157e-08	3.194157e-08
3.882983e+01	4.211922e+01	3.391051e-06	3.324082e-08	3.324082e-08
4.211922e+01	4.568726e+01	4.199541e-06	3.551797e-08	3.551797e-08
4.568726e+01	4.955756e+01	5.559771e-06	3.923904e-08	3.923904e-08
4.955756e+01	5.375572e+01	6.266038e-06	3.999717e-08	3.999717e-08
5.375572e+01	5.830952e+01	6.595527e-06	3.940034e-08	3.940034e-08
5.830952e+01	6.324909e+01	6.534368e-06	3.765472e-08	3.765472e-08
6.324909e+01	6.860710e+01	6.404540e-06	3.579352e-08	3.579352e-08
6.860710e+01	7.441900e+01	6.143743e-06	3.366043e-08	3.366043e-08
7.441900e+01	8.072325e+01	5.749617e-06	3.126546e-08	3.126546e-08
8.072325e+01	8.756154e+01	5.286333e-06	2.878496e-08	2.878496e-08
8.756154e+01	9.497913e+01	4.779412e-06	2.627955e-08	2.627955e-08
9.497913e+01	1.030251e+02	4.298777e-06	2.393015e-08	2.393015e-08
1.030251e+02	1.117526e+02	3.722132e-06	2.138027e-08	2.138027e-08
1.117526e+02	1.212195e+02	3.270536e-06	1.924278e-08	1.924278e-08
1.212195e+02	1.314884e+02	2.851759e-06	1.725268e-08	1.725268e-08
1.314884e+02	1.426271e+02	2.380328e-06	1.513434e-08	1.513434e-08
1.426271e+02	1.547095e+02	2.020896e-06	1.338929e-08	1.338929e-08
1.547095e+02	1.678154e+02	1.668842e-06	1.168252e-08	1.168252e-08
1.678154e+02	1.820315e+02	1.370912e-06	1.016662e-08	1.016662e-08
1.820315e+02	1.974519e+02	1.124067e-06	8.839152e-09	8.839152e-09
1.974519e+02	2.141786e+02	8.868498e-07	7.538452e-09	7.538452e-09
2.141786e+02	2.323223e+02	7.134995e-07	6.492261e-09	6.492261e-09
2.323223e+02	2.520030e+02	5.578963e-07	5.512118e-09	5.512118e-09
2.520030e+02	2.733509e+02	4.332411e-07	4.663902e-09	4.663902e-09
2.733509e+02	2.965072e+02	3.339115e-07	3.931364e-09	3.931364e-09
2.965072e+02	3.216252e+02	2.633267e-07	3.352101e-09	3.352101e-09
3.216252e+02	3.488710e+02	1.863101e-07	2.707264e-09	2.707264e-09
3.488710e+02	3.784248e+02	1.429643e-07	2.277033e-09	2.277033e-09
3.784248e+02	4.104823e+02	9.973507e-08	1.826086e-09	1.826086e-09
4.104823e+02	4.452554e+02	7.098637e-08	1.479204e-09	1.479204e-09
4.452554e+02	4.829743e+02	4.930202e-08	1.183628e-09	1.183628e-09
4.829743e+02	5.238884e+02	3.450143e-08	9.507018e-10	9.507018e-10
5.238884e+02	5.682685e+02	2.221897e-08	7.325376e-10	7.325376e-10
5.682685e+02	6.164081e+02	1.451675e-08	5.685199e-10	5.685199e-10
6.164081e+02	6.686258e+02	9.277800e-09	4.363910e-10	4.363910e-10
6.686258e+02	7.252670e+02	6.244617e-09	3.437549e-10	3.437549e-10
7.252670e+02	7.867065e+02	3.698388e-09	2.540064e-10	2.540064e-10
7.867065e+02	8.533506e+02	2.476756e-09	1.995827e-10	1.995827e-10
8.533506e+02	9.256404e+02	1.126837e-09	1.292570e-10	1.292570e-10
9.256404e+02	1.004054e+03	7.927951e-10	1.040991e-10	1.040991e-10
1.004054e+03	1.089110e+03	3.528397e-10	6.668044e-11	6.668044e-11
1.089110e+03	1.181372e+03	2.555785e-10	5.448950e-11	5.448950e-11
1.181372e+03	1.281449e+03	1.927803e-10	4.543874e-11	4.543874e-11
1.281449e+03	1.390005e+03	9.873485e-12	9.873485e-12	9.873485e-12
1.390005e+03	1.507756e+03	1.820496e-11	1.287285e-11	1.287285e-11
1.507756e+03	1.635482e+03	1.678321e-11	1.186752e-11	1.186752e-11
1.635482e+03	1.774029e+03	0.000000e+00	0.000000e+00	0.000000e+00
1.774029e+03	1.924312e+03	1.426410e-11	1.008625e-11	1.008625e-11
1.924312e+03	2.087326e+03	0.000000e+00	0.000000e+00	0.000000e+00
2.087326e+03	2.264149e+03	0.000000e+00	0.000000e+00	0.000000e+00
2.264149e+03	2.455951e+03	0.000000e+00	0.000000e+00	0.000000e+00
2.455951e+03	2.664002e+03	0.000000e+00	0.000000e+00	0.000000e+00
2.664002e+03	2.889677e+03	0.000000e+00	0.000000e+00	0.000000e+00
2.889677e+03	3.134470e+03	0.000000e+00	0.000000e+00	0.000000e+00
3.134470e+03	3.400000e+03	0.000000e+00	0.000000e+00	0.000000e+00
# END HISTO1D


# BEGIN HISTO1D //ospool/cms-user/youpeng/genvalid/genValidation/mg352VBS_merged.yoda.gz/MC_ELECTRONS:ENERGY=13600/electron_pt_1
ErrorBars=1
LineColor=blue
LineStyle=solid
Path=//ospool/cms-user/youpeng/genvalid/genValidation/mg352VBS_merged.yoda.gz/MC_ELECTRONS:ENERGY=13600/electron_pt_1
ScaledBy=1.07425781250000051e-09
Title=VBSZZ@LO(v352)
# xlow	 xhigh	 val	 errminus	 errplus
1.000000e+00	1.084713e+00	4.331879e-05	7.411692e-07	7.411692e-07
1.084713e+00	1.176602e+00	3.864985e-05	6.721968e-07	6.721968e-07
1.176602e+00	1.276275e+00	3.364836e-05	6.022093e-07	6.022093e-07
1.276275e+00	1.384392e+00	2.940083e-05	5.404892e-07	5.404892e-07
1.384392e+00	1.501668e+00	2.590471e-05	4.871235e-07	4.871235e-07
1.501668e+00	1.628879e+00	2.292734e-05	4.400163e-07	4.400163e-07
1.628879e+00	1.766866e+00	1.992236e-05	3.938270e-07	3.938270e-07
1.766866e+00	1.916542e+00	1.838086e-05	3.632128e-07	3.632128e-07
1.916542e+00	2.078898e+00	1.634320e-05	3.288431e-07	3.288431e-07
2.078898e+00	2.255007e+00	1.432270e-05	2.955807e-07	2.955807e-07
2.255007e+00	2.446035e+00	1.313102e-05	2.717409e-07	2.717409e-07
2.446035e+00	2.653246e+00	1.223510e-05	2.518556e-07	2.518556e-07
2.653246e+00	2.878010e+00	1.081599e-05	2.273652e-07	2.273652e-07
2.878010e+00	3.121814e+00	1.023128e-05	2.123238e-07	2.123238e-07
3.121814e+00	3.386272e+00	9.220992e-06	1.935373e-07	1.935373e-07
3.386272e+00	3.673133e+00	8.755512e-06	1.810753e-07	1.810753e-07
3.673133e+00	3.984294e+00	8.334136e-06	1.696258e-07	1.696258e-07
3.984294e+00	4.321815e+00	7.724628e-06	1.567987e-07	1.567987e-07
4.321815e+00	4.687929e+00	7.156555e-06	1.449099e-07	1.449099e-07
4.687929e+00	5.085057e+00	6.805949e-06	1.356855e-07	1.356855e-07
5.085057e+00	5.515826e+00	6.488905e-06	1.272090e-07	1.272090e-07
5.515826e+00	5.983088e+00	6.216626e-06	1.195505e-07	1.195505e-07
5.983088e+00	6.489932e+00	6.203789e-06	1.146689e-07	1.146689e-07
6.489932e+00	7.039713e+00	5.854106e-06	1.069522e-07	1.069522e-07
7.039713e+00	7.636067e+00	5.485190e-06	9.940267e-08	9.940267e-08
7.636067e+00	8.282940e+00	5.046847e-06	9.154927e-08	9.154927e-08
8.282940e+00	8.984612e+00	5.050760e-06	8.793576e-08	8.793576e-08
8.984612e+00	9.745724e+00	4.697246e-06	8.142384e-08	8.142384e-08
9.745724e+00	1.057131e+01	4.344728e-06	7.518902e-08	7.518902e-08
1.057131e+01	1.146684e+01	4.295687e-06	7.178448e-08	7.178448e-08
1.146684e+01	1.243823e+01	4.026573e-06	6.673063e-08	6.673063e-08
1.243823e+01	1.349190e+01	4.026160e-06	6.406893e-08	6.406893e-08
1.349190e+01	1.463484e+01	3.799106e-06	5.975624e-08	5.975624e-08
1.463484e+01	1.587460e+01	3.651450e-06	5.624944e-08	5.624944e-08
1.587460e+01	1.721938e+01	3.403038e-06	5.213892e-08	5.213892e-08
1.721938e+01	1.867809e+01	3.244771e-06	4.888345e-08	4.888345e-08
1.867809e+01	2.026036e+01	2.985276e-06	4.502007e-08	4.502007e-08
2.026036e+01	2.197668e+01	2.834110e-06	4.211758e-08	4.211758e-08
2.197668e+01	2.383838e+01	2.775517e-06	4.001947e-08	4.001947e-08
2.383838e+01	2.585780e+01	2.616197e-06	3.730578e-08	3.730578e-08
2.585780e+01	2.804829e+01	2.521734e-06	3.516683e-08	3.516683e-08
2.804829e+01	3.042434e+01	2.611892e-06	3.436403e-08	3.436403e-08
3.042434e+01	3.300167e+01	2.615068e-06	3.301496e-08	3.301496e-08
3.300167e+01	3.579734e+01	2.706327e-06	3.224790e-08	3.224790e-08
3.579734e+01	3.882983e+01	2.874380e-06	3.190999e-08	3.190999e-08
3.882983e+01	4.211922e+01	3.409523e-06	3.336901e-08	3.336901e-08
4.211922e+01	4.568726e+01	4.239176e-06	3.572565e-08	3.572565e-08
4.568726e+01	4.955756e+01	5.633171e-06	3.954198e-08	3.954198e-08
4.955756e+01	5.375572e+01	6.256712e-06	4.001270e-08	4.001270e-08
5.375572e+01	5.830952e+01	6.590674e-06	3.943050e-08	3.943050e-08
5.830952e+01	6.324909e+01	6.612480e-06	3.792206e-08	3.792206e-08
6.324909e+01	6.860710e+01	6.408644e-06	3.584558e-08	3.584558e-08
6.860710e+01	7.441900e+01	6.179676e-06	3.379699e-08	3.379699e-08
7.441900e+01	8.072325e+01	5.701827e-06	3.117056e-08	3.117056e-08
8.072325e+01	8.756154e+01	5.246642e-06	2.870921e-08	2.870921e-08
8.756154e+01	9.497913e+01	4.818062e-06	2.641551e-08	2.641551e-08
9.497913e+01	1.030251e+02	4.284631e-06	2.391783e-08	2.391783e-08
1.030251e+02	1.117526e+02	3.765288e-06	2.152823e-08	2.152823e-08
1.117526e+02	1.212195e+02	3.257644e-06	1.922659e-08	1.922659e-08
1.212195e+02	1.314884e+02	2.827996e-06	1.720013e-08	1.720013e-08
1.314884e+02	1.426271e+02	2.397591e-06	1.520634e-08	1.520634e-08
1.426271e+02	1.547095e+02	2.014189e-06	1.338221e-08	1.338221e-08
1.547095e+02	1.678154e+02	1.696154e-06	1.179108e-08	1.179108e-08
1.678154e+02	1.820315e+02	1.367447e-06	1.016528e-08	1.016528e-08
1.820315e+02	1.974519e+02	1.127663e-06	8.863312e-09	8.863312e-09
1.974519e+02	2.141786e+02	9.024775e-07	7.613202e-09	7.613202e-09
2.141786e+02	2.323223e+02	7.160061e-07	6.511029e-09	6.511029e-09
2.323223e+02	2.520030e+02	5.619455e-07	5.538360e-09	5.538360e-09
2.520030e+02	2.733509e+02	4.331672e-07	4.668792e-09	4.668792e-09
2.733509e+02	2.965072e+02	3.325814e-07	3.927974e-09	3.927974e-09
2.965072e+02	3.216252e+02	2.514357e-07	3.279255e-09	3.279255e-09
3.216252e+02	3.488710e+02	1.883494e-07	2.725126e-09	2.725126e-09
3.488710e+02	3.784248e+02	1.413985e-07	2.267096e-09	2.267096e-09
3.784248e+02	4.104823e+02	1.006986e-07	1.836966e-09	1.836966e-09
4.104823e+02	4.452554e+02	7.037506e-08	1.474490e-09	1.474490e-09
4.452554e+02	4.829743e+02	5.018285e-08	1.195508e-09	1.195508e-09
4.829743e+02	5.238884e+02	3.591879e-08	9.711327e-10	9.711327e-10
5.238884e+02	5.682685e+02	2.207573e-08	7.310004e-10	7.310004e-10
5.682685e+02	6.164081e+02	1.439348e-08	5.667427e-10	5.667427e-10
6.164081e+02	6.686258e+02	9.874885e-09	4.507247e-10	4.507247e-10
6.686258e+02	7.252670e+02	5.784634e-09	3.312272e-10	3.312272e-10
7.252670e+02	7.867065e+02	3.846657e-09	2.593416e-10	2.593416e-10
7.867065e+02	8.533506e+02	2.337302e-09	1.941023e-10	1.941023e-10
8.533506e+02	9.256404e+02	1.396880e-09	1.440773e-10	1.440773e-10
9.256404e+02	1.004054e+03	9.726922e-10	1.154373e-10	1.154373e-10
1.004054e+03	1.089110e+03	5.557202e-10	8.377798e-11	8.377798e-11
1.089110e+03	1.181372e+03	1.862970e-10	4.657423e-11	4.657423e-11
1.181372e+03	1.281449e+03	1.180775e-10	3.560169e-11	3.560169e-11
1.281449e+03	1.390005e+03	5.937532e-11	2.423987e-11	2.423987e-11
1.390005e+03	1.507756e+03	2.736939e-11	1.580173e-11	1.580173e-11
1.507756e+03	1.635482e+03	0.000000e+00	0.000000e+00	0.000000e+00
1.635482e+03	1.774029e+03	7.753744e-12	7.753743e-12	7.753743e-12
1.774029e+03	1.924312e+03	0.000000e+00	0.000000e+00	0.000000e+00
1.924312e+03	2.087326e+03	6.589974e-12	6.589973e-12	6.589973e-12
2.087326e+03	2.264149e+03	0.000000e+00	0.000000e+00	0.000000e+00
2.264149e+03	2.455951e+03	0.000000e+00	0.000000e+00	0.000000e+00
2.455951e+03	2.664002e+03	0.000000e+00	0.000000e+00	0.000000e+00
2.664002e+03	2.889677e+03	0.000000e+00	0.000000e+00	0.000000e+00
2.889677e+03	3.134470e+03	0.000000e+00	0.000000e+00	0.000000e+00
3.134470e+03	3.400000e+03	0.000000e+00	0.000000e+00	0.000000e+00
# END HISTO1D


# BEGIN HISTO1D //ospool/cms-user/youpeng/genvalid/genValidation/mg35xVBS_merged.yoda.gz/MC_ELECTRONS:ENERGY=13600/electron_pt_1
ErrorBars=1
LineColor=green
LineStyle=solid
Path=//ospool/cms-user/youpeng/genvalid/genValidation/mg35xVBS_merged.yoda.gz/MC_ELECTRONS:ENERGY=13600/electron_pt_1
ScaledBy=5.51937791219804204e-10
Title=VBSZZ@LO(v35x)
# xlow	 xhigh	 val	 errminus	 errplus
1.000000e+00	1.084713e+00	2.249762e-05	3.828586e-07	3.828586e-07
1.084713e+00	1.176602e+00	1.961746e-05	3.432691e-07	3.432691e-07
1.176602e+00	1.276275e+00	1.695025e-05	3.063686e-07	3.063686e-07
1.276275e+00	1.384392e+00	1.549369e-05	2.812390e-07	2.812390e-07
1.384392e+00	1.501668e+00	1.312591e-05	2.485451e-07	2.485451e-07
1.501668e+00	1.628879e+00	1.179275e-05	2.261987e-07	2.261987e-07
1.628879e+00	1.766866e+00	1.049981e-05	2.049352e-07	2.049352e-07
1.766866e+00	1.916542e+00	9.038189e-06	1.825617e-07	1.825617e-07
1.916542e+00	2.078898e+00	8.121529e-06	1.661613e-07	1.661613e-07
2.078898e+00	2.255007e+00	7.393268e-06	1.522203e-07	1.522203e-07
2.255007e+00	2.446035e+00	6.844761e-06	1.406292e-07	1.406292e-07
2.446035e+00	2.653246e+00	5.985223e-06	1.262638e-07	1.262638e-07
2.653246e+00	2.878010e+00	5.596386e-06	1.172291e-07	1.172291e-07
2.878010e+00	3.121814e+00	4.998601e-06	1.063773e-07	1.063773e-07
3.121814e+00	3.386272e+00	4.789785e-06	9.998268e-08	9.998268e-08
3.386272e+00	3.673133e+00	4.317589e-06	9.114441e-08	9.114441e-08
3.673133e+00	3.984294e+00	4.049588e-06	8.475355e-08	8.475355e-08
3.984294e+00	4.321815e+00	3.908293e-06	7.994444e-08	7.994444e-08
4.321815e+00	4.687929e+00	3.714622e-06	7.483317e-08	7.483317e-08
4.687929e+00	5.085057e+00	3.494017e-06	6.968547e-08	6.968547e-08
5.085057e+00	5.515826e+00	3.226274e-06	6.429446e-08	6.429446e-08
5.515826e+00	5.983088e+00	3.103058e-06	6.054241e-08	6.054241e-08
5.983088e+00	6.489932e+00	3.011001e-06	5.726159e-08	5.726159e-08
6.489932e+00	7.039713e+00	2.868208e-06	5.366060e-08	5.366060e-08
7.039713e+00	7.636067e+00	2.677530e-06	4.978061e-08	4.978061e-08
7.636067e+00	8.282940e+00	2.592143e-06	4.702892e-08	4.702892e-08
8.282940e+00	8.984612e+00	2.488814e-06	4.424602e-08	4.424602e-08
8.984612e+00	9.745724e+00	2.437306e-06	4.204126e-08	4.204126e-08
9.745724e+00	1.057131e+01	2.273038e-06	3.898228e-08	3.898228e-08
1.057131e+01	1.146684e+01	2.145428e-06	3.636320e-08	3.636320e-08
1.146684e+01	1.243823e+01	2.113681e-06	3.465516e-08	3.465516e-08
1.243823e+01	1.349190e+01	1.997342e-06	3.234587e-08	3.234587e-08
1.349190e+01	1.463484e+01	1.890594e-06	3.021569e-08	3.021569e-08
1.463484e+01	1.587460e+01	1.811063e-06	2.839508e-08	2.839508e-08
1.587460e+01	1.721938e+01	1.676195e-06	2.622900e-08	2.622900e-08
1.721938e+01	1.867809e+01	1.629656e-06	2.483182e-08	2.483182e-08
1.867809e+01	2.026036e+01	1.568673e-06	2.339219e-08	2.339219e-08
2.026036e+01	2.197668e+01	1.432970e-06	2.146666e-08	2.146666e-08
2.197668e+01	2.383838e+01	1.387479e-06	2.028165e-08	2.028165e-08
2.383838e+01	2.585780e+01	1.339517e-06	1.913400e-08	1.913400e-08
2.585780e+01	2.804829e+01	1.305709e-06	1.813834e-08	1.813834e-08
2.804829e+01	3.042434e+01	1.237421e-06	1.695414e-08	1.695414e-08
3.042434e+01	3.300167e+01	1.270558e-06	1.649519e-08	1.649519e-08
3.300167e+01	3.579734e+01	1.348024e-06	1.631364e-08	1.631364e-08
3.579734e+01	3.882983e+01	1.456065e-06	1.627930e-08	1.627930e-08
3.882983e+01	4.211922e+01	1.725419e-06	1.701511e-08	1.701511e-08
4.211922e+01	4.568726e+01	2.125741e-06	1.813366e-08	1.813366e-08
4.568726e+01	4.955756e+01	2.801545e-06	1.998810e-08	1.998810e-08
4.955756e+01	5.375572e+01	3.181739e-06	2.045257e-08	2.045257e-08
5.375572e+01	5.830952e+01	3.327408e-06	2.008219e-08	2.008219e-08
5.830952e+01	6.324909e+01	3.344431e-06	1.933132e-08	1.933132e-08
6.324909e+01	6.860710e+01	3.260526e-06	1.832682e-08	1.832682e-08
6.860710e+01	7.441900e+01	3.075881e-06	1.709113e-08	1.709113e-08
7.441900e+01	8.072325e+01	2.889067e-06	1.590403e-08	1.590403e-08
8.072325e+01	8.756154e+01	2.655614e-06	1.464043e-08	1.464043e-08
8.756154e+01	9.497913e+01	2.396277e-06	1.335310e-08	1.335310e-08
9.497913e+01	1.030251e+02	2.140807e-06	1.211838e-08	1.211838e-08
1.030251e+02	1.117526e+02	1.888510e-06	1.092848e-08	1.092848e-08
1.117526e+02	1.212195e+02	1.655481e-06	9.824338e-09	9.824338e-09
1.212195e+02	1.314884e+02	1.418369e-06	8.731275e-09	8.731275e-09
1.314884e+02	1.426271e+02	1.201076e-06	7.714592e-09	7.714592e-09
1.426271e+02	1.547095e+02	1.010832e-06	6.795290e-09	6.795290e-09
1.547095e+02	1.678154e+02	8.389885e-07	5.944150e-09	5.944150e-09
1.678154e+02	1.820315e+02	6.903056e-07	5.176969e-09	5.176969e-09
1.820315e+02	1.974519e+02	5.654889e-07	4.498931e-09	4.498931e-09
1.974519e+02	2.141786e+02	4.523285e-07	3.863375e-09	3.863375e-09
2.141786e+02	2.323223e+02	3.567699e-07	3.294399e-09	3.294399e-09
2.323223e+02	2.520030e+02	2.838116e-07	2.821239e-09	2.821239e-09
2.520030e+02	2.733509e+02	2.197368e-07	2.383521e-09	2.383521e-09
2.733509e+02	2.965072e+02	1.696598e-07	2.010944e-09	2.010944e-09
2.965072e+02	3.216252e+02	1.253825e-07	1.659858e-09	1.659858e-09
3.216252e+02	3.488710e+02	9.579877e-08	1.393077e-09	1.393077e-09
3.488710e+02	3.784248e+02	6.982841e-08	1.141969e-09	1.141969e-09
3.784248e+02	4.104823e+02	4.856951e-08	9.144544e-10	9.144544e-10
4.104823e+02	4.452554e+02	3.598307e-08	7.557401e-10	7.557401e-10
4.452554e+02	4.829743e+02	2.509546e-08	6.059868e-10	6.059868e-10
4.829743e+02	5.238884e+02	1.734835e-08	4.837685e-10	4.837685e-10
5.238884e+02	5.682685e+02	1.174016e-08	3.821095e-10	3.821095e-10
5.682685e+02	6.164081e+02	8.186267e-09	3.063633e-10	3.063633e-10
6.164081e+02	6.686258e+02	4.523933e-09	2.186725e-10	2.186725e-10
6.686258e+02	7.252670e+02	2.991549e-09	1.707367e-10	1.707367e-10
7.252670e+02	7.867065e+02	1.985340e-09	1.335484e-10	1.335484e-10
7.867065e+02	8.533506e+02	1.109771e-09	9.586958e-11	9.586958e-11
8.533506e+02	9.256404e+02	6.566161e-10	7.080474e-11	7.080474e-11
9.256404e+02	1.004054e+03	4.012117e-10	5.314178e-11	5.314178e-11
1.004054e+03	1.089110e+03	1.881843e-10	3.494493e-11	3.494493e-11
1.089110e+03	1.181372e+03	1.435749e-10	2.930710e-11	2.930710e-11
1.181372e+03	1.281449e+03	8.824210e-11	2.206052e-11	2.206052e-11
1.281449e+03	1.390005e+03	6.101232e-11	1.761274e-11	1.761274e-11
1.390005e+03	1.507756e+03	2.343665e-11	1.048119e-11	1.048119e-11
1.507756e+03	1.635482e+03	1.296379e-11	7.484649e-12	7.484649e-12
1.635482e+03	1.774029e+03	7.967520e-12	5.633886e-12	5.633886e-12
1.774029e+03	1.924312e+03	0.000000e+00	0.000000e+00	0.000000e+00
1.924312e+03	2.087326e+03	0.000000e+00	0.000000e+00	0.000000e+00
2.087326e+03	2.264149e+03	0.000000e+00	0.000000e+00	0.000000e+00
2.264149e+03	2.455951e+03	0.000000e+00	0.000000e+00	0.000000e+00
2.455951e+03	2.664002e+03	0.000000e+00	0.000000e+00	0.000000e+00
2.664002e+03	2.889677e+03	0.000000e+00	0.000000e+00	0.000000e+00
2.889677e+03	3.134470e+03	0.000000e+00	0.000000e+00	0.000000e+00
3.134470e+03	3.400000e+03	0.000000e+00	0.000000e+00	0.000000e+00
# END HISTO1D

