# BEGIN PLOT
Legend=1
LogY=1
Title=Rapidity of second electron
XLabel=$y(\mathrm{e2})$
YLabel=$\mathrm{d}\sigma/\mathrm{d}y(\mathrm{e2})$ [pb]
RemoveOptions=1
DrawOnly=//eos/home-y/youpeng/valid/genValidation/masterVBS_merged.yoda.gz/MC_ELECTRONS:ENERGY=13600/electron_y_2 //eos/home-y/youpeng/valid/genValidation/mg352VBS_merged.yoda.gz/MC_ELECTRONS:ENERGY=13600/electron_y_2 //eos/home-y/youpeng/valid/genValidation/mg35xVBS_merged.yoda.gz/MC_ELECTRONS:ENERGY=13600/electron_y_2
LegendOnly=//eos/home-y/youpeng/valid/genValidation/masterVBS_merged.yoda.gz/MC_ELECTRONS:ENERGY=13600/electron_y_2 //eos/home-y/youpeng/valid/genValidation/mg352VBS_merged.yoda.gz/MC_ELECTRONS:ENERGY=13600/electron_y_2 //eos/home-y/youpeng/valid/genValidation/mg35xVBS_merged.yoda.gz/MC_ELECTRONS:ENERGY=13600/electron_y_2
RatioPlot=1
RatioPlotReference=//eos/home-y/youpeng/valid/genValidation/masterVBS_merged.yoda.gz/MC_ELECTRONS:ENERGY=13600/electron_y_2
RatioPlotYLabel=Ratio
# END PLOT

# BEGIN HISTO1D //eos/home-y/youpeng/valid/genValidation/masterVBS_merged.yoda.gz/MC_ELECTRONS:ENERGY=13600/electron_y_2
ErrorBars=1
LineColor=red
LineStyle=solid
Path=//eos/home-y/youpeng/valid/genValidation/masterVBS_merged.yoda.gz/MC_ELECTRONS:ENERGY=13600/electron_y_2
ScaledBy=1.07182617187499956e-09
Title=VBSZZ@LO(v2918)
# xlow	 xhigh	 val	 errminus	 errplus
-5.000000e+00	-4.800000e+00	1.666689e-06	9.450930e-08	9.450930e-08
-4.800000e+00	-4.600000e+00	1.832823e-06	9.910771e-08	9.910771e-08
-4.600000e+00	-4.400000e+00	2.315145e-06	1.113874e-07	1.113874e-07
-4.400000e+00	-4.200000e+00	2.684924e-06	1.199536e-07	1.199536e-07
-4.200000e+00	-4.000000e+00	3.070782e-06	1.282838e-07	1.282838e-07
-4.000000e+00	-3.800000e+00	3.488794e-06	1.367366e-07	1.367366e-07
-3.800000e+00	-3.600000e+00	3.960398e-06	1.456856e-07	1.456856e-07
-3.600000e+00	-3.400000e+00	4.180122e-06	1.496724e-07	1.496724e-07
-3.400000e+00	-3.200000e+00	5.080455e-06	1.650055e-07	1.650055e-07
-3.200000e+00	-3.000000e+00	7.143720e-06	1.956634e-07	1.956634e-07
-3.000000e+00	-2.800000e+00	3.280860e-05	4.193156e-07	4.193156e-07
-2.800000e+00	-2.600000e+00	4.167260e-05	4.725769e-07	4.725769e-07
-2.600000e+00	-2.400000e+00	5.201570e-05	5.279763e-07	5.279763e-07
-2.400000e+00	-2.200000e+00	6.413810e-05	5.862800e-07	5.862800e-07
-2.200000e+00	-2.000000e+00	7.686600e-05	6.418216e-07	6.418216e-07
-2.000000e+00	-1.800000e+00	9.094980e-05	6.981490e-07	6.981490e-07
-1.800000e+00	-1.600000e+00	1.049104e-04	7.498188e-07	7.498188e-07
-1.600000e+00	-1.400000e+00	1.201892e-04	8.025645e-07	8.025645e-07
-1.400000e+00	-1.200000e+00	1.325367e-04	8.427819e-07	8.427819e-07
-1.200000e+00	-1.000000e+00	1.457737e-04	8.838668e-07	8.838668e-07
-1.000000e+00	-8.000000e-01	1.552005e-04	9.119975e-07	9.119975e-07
-8.000000e-01	-6.000000e-01	1.642841e-04	9.383071e-07	9.383071e-07
-6.000000e-01	-4.000000e-01	1.727784e-04	9.622588e-07	9.622588e-07
-4.000000e-01	-2.000000e-01	1.750667e-04	9.686101e-07	9.686101e-07
-2.000000e-01	0.000000e+00	1.776927e-04	9.758476e-07	9.758476e-07
0.000000e+00	2.000000e-01	1.771514e-04	9.743602e-07	9.743602e-07
2.000000e-01	4.000000e-01	1.752329e-04	9.690695e-07	9.690695e-07
4.000000e-01	6.000000e-01	1.718191e-04	9.595838e-07	9.595838e-07
6.000000e-01	8.000000e-01	1.650130e-04	9.403862e-07	9.403862e-07
8.000000e-01	1.000000e+00	1.555059e-04	9.128946e-07	9.128946e-07
1.000000e+00	1.200000e+00	1.442732e-04	8.793058e-07	8.793058e-07
1.200000e+00	1.400000e+00	1.332816e-04	8.451470e-07	8.451470e-07
1.400000e+00	1.600000e+00	1.190852e-04	7.988701e-07	7.988701e-07
1.600000e+00	1.800000e+00	1.049693e-04	7.500295e-07	7.500295e-07
1.800000e+00	2.000000e+00	9.158755e-05	7.005924e-07	7.005924e-07
2.000000e+00	2.200000e+00	7.671595e-05	6.411948e-07	6.411948e-07
2.200000e+00	2.400000e+00	6.467935e-05	5.887487e-07	5.887487e-07
2.400000e+00	2.600000e+00	5.256235e-05	5.307433e-07	5.307433e-07
2.600000e+00	2.800000e+00	4.212813e-05	4.751528e-07	4.751528e-07
2.800000e+00	3.000000e+00	3.216550e-05	4.151857e-07	4.151857e-07
3.000000e+00	3.200000e+00	6.296980e-06	1.837017e-07	1.837017e-07
3.200000e+00	3.400000e+00	5.439520e-06	1.707369e-07	1.707369e-07
3.400000e+00	3.600000e+00	4.292664e-06	1.516738e-07	1.516738e-07
3.600000e+00	3.800000e+00	3.874652e-06	1.440998e-07	1.440998e-07
3.800000e+00	4.000000e+00	3.279788e-06	1.325776e-07	1.325776e-07
4.000000e+00	4.200000e+00	2.786748e-06	1.222070e-07	1.222070e-07
4.200000e+00	4.400000e+00	2.674206e-06	1.197139e-07	1.197139e-07
4.400000e+00	4.600000e+00	2.358018e-06	1.124141e-07	1.124141e-07
4.600000e+00	4.800000e+00	1.848900e-06	9.954144e-08	9.954144e-08
4.800000e+00	5.000000e+00	1.779231e-06	9.764802e-08	9.764802e-08
# END HISTO1D


# BEGIN HISTO1D //eos/home-y/youpeng/valid/genValidation/mg352VBS_merged.yoda.gz/MC_ELECTRONS:ENERGY=13600/electron_y_2
ErrorBars=1
LineColor=blue
LineStyle=solid
Path=//eos/home-y/youpeng/valid/genValidation/mg352VBS_merged.yoda.gz/MC_ELECTRONS:ENERGY=13600/electron_y_2
ScaledBy=1.07425781250000051e-09
Title=VBSZZ@LO(v352)
# xlow	 xhigh	 val	 errminus	 errplus
-5.000000e+00	-4.800000e+00	1.697327e-06	9.548212e-08	9.548212e-08
-4.800000e+00	-4.600000e+00	1.874580e-06	1.003440e-07	1.003440e-07
-4.600000e+00	-4.400000e+00	2.051833e-06	1.049809e-07	1.049809e-07
-4.400000e+00	-4.200000e+00	2.578219e-06	1.176790e-07	1.176790e-07
-4.200000e+00	-4.000000e+00	2.911238e-06	1.250484e-07	1.250484e-07
-4.000000e+00	-3.800000e+00	3.496709e-06	1.370468e-07	1.370468e-07
-3.800000e+00	-3.600000e+00	4.082180e-06	1.480762e-07	1.480762e-07
-3.600000e+00	-3.400000e+00	4.764333e-06	1.599706e-07	1.599706e-07
-3.400000e+00	-3.200000e+00	5.564655e-06	1.728854e-07	1.728854e-07
-3.200000e+00	-3.000000e+00	6.585200e-06	1.880719e-07	1.880719e-07
-3.000000e+00	-2.800000e+00	3.258224e-05	4.183403e-07	4.183403e-07
-2.800000e+00	-2.600000e+00	4.177789e-05	4.737099e-07	4.737099e-07
-2.600000e+00	-2.400000e+00	5.279440e-05	5.325167e-07	5.325167e-07
-2.400000e+00	-2.200000e+00	6.475625e-05	5.897665e-07	5.897665e-07
-2.200000e+00	-2.000000e+00	7.713710e-05	6.436812e-07	6.436812e-07
-2.000000e+00	-1.800000e+00	9.059755e-05	6.975855e-07	6.975855e-07
-1.800000e+00	-1.600000e+00	1.051376e-04	7.514815e-07	7.514815e-07
-1.600000e+00	-1.400000e+00	1.200375e-04	8.029673e-07	8.029673e-07
-1.400000e+00	-1.200000e+00	1.311562e-04	8.393316e-07	8.393316e-07
-1.200000e+00	-1.000000e+00	1.443803e-04	8.806293e-07	8.806293e-07
-1.000000e+00	-8.000000e-01	1.554075e-04	9.136404e-07	9.136404e-07
-8.000000e-01	-6.000000e-01	1.646676e-04	9.404665e-07	9.404665e-07
-6.000000e-01	-4.000000e-01	1.717470e-04	9.604699e-07	9.604699e-07
-4.000000e-01	-2.000000e-01	1.776124e-04	9.767331e-07	9.767331e-07
-2.000000e-01	0.000000e+00	1.796105e-04	9.822118e-07	9.822118e-07
0.000000e+00	2.000000e-01	1.790197e-04	9.805950e-07	9.805950e-07
2.000000e-01	4.000000e-01	1.771451e-04	9.754473e-07	9.754473e-07
4.000000e-01	6.000000e-01	1.719350e-04	9.609956e-07	9.609956e-07
6.000000e-01	8.000000e-01	1.658332e-04	9.437892e-07	9.437892e-07
8.000000e-01	1.000000e+00	1.561058e-04	9.156906e-07	9.156906e-07
1.000000e+00	1.200000e+00	1.436337e-04	8.783494e-07	8.783494e-07
1.200000e+00	1.400000e+00	1.346099e-04	8.503108e-07	8.503108e-07
1.400000e+00	1.600000e+00	1.184799e-04	7.977404e-07	7.977404e-07
1.600000e+00	1.800000e+00	1.052236e-04	7.517885e-07	7.517885e-07
1.800000e+00	2.000000e+00	9.142470e-05	7.007628e-07	7.007628e-07
2.000000e+00	2.200000e+00	7.720155e-05	6.439501e-07	6.439501e-07
2.200000e+00	2.400000e+00	6.446085e-05	5.884197e-07	5.884197e-07
2.400000e+00	2.600000e+00	5.286960e-05	5.328959e-07	5.328959e-07
2.600000e+00	2.800000e+00	4.198200e-05	4.748657e-07	4.748657e-07
2.800000e+00	3.000000e+00	3.274338e-05	4.193735e-07	4.193735e-07
3.000000e+00	3.200000e+00	6.434805e-06	1.859118e-07	1.859118e-07
3.200000e+00	3.400000e+00	5.419630e-06	1.706177e-07	1.706177e-07
3.400000e+00	3.600000e+00	4.485026e-06	1.552107e-07	1.552107e-07
3.600000e+00	3.800000e+00	4.006982e-06	1.467060e-07	1.467060e-07
3.800000e+00	4.000000e+00	3.394654e-06	1.350321e-07	1.350321e-07
4.000000e+00	4.200000e+00	2.814555e-06	1.229544e-07	1.229544e-07
4.200000e+00	4.400000e+00	2.411709e-06	1.138156e-07	1.138156e-07
4.400000e+00	4.600000e+00	2.143145e-06	1.072914e-07	1.072914e-07
4.600000e+00	4.800000e+00	2.014233e-06	1.040146e-07	1.040146e-07
4.800000e+00	5.000000e+00	1.546931e-06	9.115380e-08	9.115380e-08
# END HISTO1D


# BEGIN HISTO1D //eos/home-y/youpeng/valid/genValidation/mg35xVBS_merged.yoda.gz/MC_ELECTRONS:ENERGY=13600/electron_y_2
ErrorBars=1
LineColor=green
LineStyle=solid
Path=//eos/home-y/youpeng/valid/genValidation/mg35xVBS_merged.yoda.gz/MC_ELECTRONS:ENERGY=13600/electron_y_2
ScaledBy=5.51937791219804204e-10
Title=VBSZZ@LO(v35x)
# xlow	 xhigh	 val	 errminus	 errplus
-5.000000e+00	-4.800000e+00	8.003100e-07	4.699581e-08	4.699581e-08
-4.800000e+00	-4.600000e+00	9.189765e-07	5.035961e-08	5.035961e-08
-4.600000e+00	-4.400000e+00	1.239101e-06	5.847677e-08	5.847677e-08
-4.400000e+00	-4.200000e+00	1.247379e-06	5.867180e-08	5.867180e-08
-4.200000e+00	-4.000000e+00	1.327410e-06	6.052471e-08	6.052471e-08
-4.000000e+00	-3.800000e+00	1.661333e-06	6.771087e-08	6.771087e-08
-3.800000e+00	-3.600000e+00	2.152558e-06	7.707393e-08	7.707393e-08
-3.600000e+00	-3.400000e+00	2.340216e-06	8.036336e-08	8.036336e-08
-3.400000e+00	-3.200000e+00	2.687937e-06	8.612706e-08	8.612706e-08
-3.200000e+00	-3.000000e+00	3.397177e-06	9.682537e-08	9.682537e-08
-3.000000e+00	-2.800000e+00	1.613866e-05	2.110395e-07	2.110395e-07
-2.800000e+00	-2.600000e+00	2.086325e-05	2.399502e-07	2.399502e-07
-2.600000e+00	-2.400000e+00	2.648749e-05	2.703650e-07	2.703650e-07
-2.400000e+00	-2.200000e+00	3.192132e-05	2.968045e-07	2.968045e-07
-2.200000e+00	-2.000000e+00	3.882054e-05	3.273112e-07	3.273112e-07
-2.000000e+00	-1.800000e+00	4.553763e-05	3.544992e-07	3.544992e-07
-1.800000e+00	-1.600000e+00	5.276525e-05	3.815962e-07	3.815962e-07
-1.600000e+00	-1.400000e+00	5.941335e-05	4.049226e-07	4.049226e-07
-1.400000e+00	-1.200000e+00	6.619115e-05	4.273955e-07	4.273955e-07
-1.200000e+00	-1.000000e+00	7.300480e-05	4.488547e-07	4.488547e-07
-1.000000e+00	-8.000000e-01	7.862080e-05	4.657992e-07	4.657992e-07
-8.000000e-01	-6.000000e-01	8.351645e-05	4.800828e-07	4.800828e-07
-6.000000e-01	-4.000000e-01	8.740765e-05	4.911394e-07	4.911394e-07
-4.000000e-01	-2.000000e-01	8.847565e-05	4.941308e-07	4.941308e-07
-2.000000e-01	0.000000e+00	8.999620e-05	4.983589e-07	4.983589e-07
0.000000e+00	2.000000e-01	9.010110e-05	4.986492e-07	4.986492e-07
2.000000e-01	4.000000e-01	8.905790e-05	4.957541e-07	4.957541e-07
4.000000e-01	6.000000e-01	8.569110e-05	4.862929e-07	4.862929e-07
6.000000e-01	8.000000e-01	8.338675e-05	4.797098e-07	4.797098e-07
8.000000e-01	1.000000e+00	7.853800e-05	4.655539e-07	4.655539e-07
1.000000e+00	1.200000e+00	7.339395e-05	4.500493e-07	4.500493e-07
1.200000e+00	1.400000e+00	6.719015e-05	4.306088e-07	4.306088e-07
1.400000e+00	1.600000e+00	6.039580e-05	4.082568e-07	4.082568e-07
1.600000e+00	1.800000e+00	5.348275e-05	3.841820e-07	3.841820e-07
1.800000e+00	2.000000e+00	4.525890e-05	3.534126e-07	3.534126e-07
2.000000e+00	2.200000e+00	3.834312e-05	3.252923e-07	3.252923e-07
2.200000e+00	2.400000e+00	3.184405e-05	2.964451e-07	2.964451e-07
2.400000e+00	2.600000e+00	2.660616e-05	2.709700e-07	2.709700e-07
2.600000e+00	2.800000e+00	2.112266e-05	2.414373e-07	2.414373e-07
2.800000e+00	3.000000e+00	1.612210e-05	2.109313e-07	2.109313e-07
3.000000e+00	3.200000e+00	3.590355e-06	9.954027e-08	9.954027e-08
3.200000e+00	3.400000e+00	2.616185e-06	8.496974e-08	8.496974e-08
3.400000e+00	3.600000e+00	2.158077e-06	7.717266e-08	7.717266e-08
3.600000e+00	3.800000e+00	1.970418e-06	7.374103e-08	7.374103e-08
3.800000e+00	4.000000e+00	1.642015e-06	6.731605e-08	6.731605e-08
4.000000e+00	4.200000e+00	1.426759e-06	6.274880e-08	6.274880e-08
4.200000e+00	4.400000e+00	1.247379e-06	5.867180e-08	5.867180e-08
4.400000e+00	4.600000e+00	1.065240e-06	5.421928e-08	5.421928e-08
4.600000e+00	4.800000e+00	9.520925e-07	5.125895e-08	5.125895e-08
4.800000e+00	5.000000e+00	8.113485e-07	4.731881e-08	4.731881e-08
# END HISTO1D

