# BEGIN PLOT
Legend=1
LogY=1
Title=Lepton $p_\perp$
XLabel=$p_\perp^{\mathrm{l}}$ [GeV]
YLabel=$\mathrm{d}\sigma/\mathrm{d}p_\perp^{\mathrm{l}}$ [pb/GeV]
LogX=1
RemoveOptions=1
DrawOnly=//eos/home-y/youpeng/valid/genValidation/masterVBS_merged.yoda.gz/MC_ZINC:ENERGY=13600/lepton_pT //eos/home-y/youpeng/valid/genValidation/mg352VBS_merged.yoda.gz/MC_ZINC:ENERGY=13600/lepton_pT //eos/home-y/youpeng/valid/genValidation/mg35xVBS_merged.yoda.gz/MC_ZINC:ENERGY=13600/lepton_pT
LegendOnly=//eos/home-y/youpeng/valid/genValidation/masterVBS_merged.yoda.gz/MC_ZINC:ENERGY=13600/lepton_pT //eos/home-y/youpeng/valid/genValidation/mg352VBS_merged.yoda.gz/MC_ZINC:ENERGY=13600/lepton_pT //eos/home-y/youpeng/valid/genValidation/mg35xVBS_merged.yoda.gz/MC_ZINC:ENERGY=13600/lepton_pT
RatioPlot=1
RatioPlotReference=//eos/home-y/youpeng/valid/genValidation/masterVBS_merged.yoda.gz/MC_ZINC:ENERGY=13600/lepton_pT
RatioPlotYLabel=Ratio
# END PLOT

# BEGIN HISTO1D //eos/home-y/youpeng/valid/genValidation/masterVBS_merged.yoda.gz/MC_ZINC:ENERGY=13600/lepton_pT
ErrorBars=1
LineColor=red
LineStyle=solid
Path=//eos/home-y/youpeng/valid/genValidation/masterVBS_merged.yoda.gz/MC_ZINC:ENERGY=13600/lepton_pT
ScaledBy=1.07182617187499956e-09
Title=VBSZZ@LO(v2918)
# xlow	 xhigh	 val	 errminus	 errplus
1.000000e+01	1.060022e+01	0.000000e+00	0.000000e+00	0.000000e+00
1.060022e+01	1.123646e+01	0.000000e+00	0.000000e+00	0.000000e+00
1.123646e+01	1.191089e+01	0.000000e+00	0.000000e+00	0.000000e+00
1.191089e+01	1.262581e+01	0.000000e+00	0.000000e+00	0.000000e+00
1.262581e+01	1.338363e+01	0.000000e+00	0.000000e+00	0.000000e+00
1.338363e+01	1.418694e+01	0.000000e+00	0.000000e+00	0.000000e+00
1.418694e+01	1.503847e+01	0.000000e+00	0.000000e+00	0.000000e+00
1.503847e+01	1.594110e+01	0.000000e+00	0.000000e+00	0.000000e+00
1.594110e+01	1.689791e+01	0.000000e+00	0.000000e+00	0.000000e+00
1.689791e+01	1.791216e+01	0.000000e+00	0.000000e+00	0.000000e+00
1.791216e+01	1.898728e+01	0.000000e+00	0.000000e+00	0.000000e+00
1.898728e+01	2.012693e+01	0.000000e+00	0.000000e+00	0.000000e+00
2.012693e+01	2.133498e+01	0.000000e+00	0.000000e+00	0.000000e+00
2.133498e+01	2.261554e+01	0.000000e+00	0.000000e+00	0.000000e+00
2.261554e+01	2.397297e+01	0.000000e+00	0.000000e+00	0.000000e+00
2.397297e+01	2.541187e+01	3.813851e-06	5.330019e-08	5.330019e-08
2.541187e+01	2.693714e+01	1.343586e-05	9.716762e-08	9.716762e-08
2.693714e+01	2.855395e+01	1.402885e-05	9.643702e-08	9.643702e-08
2.855395e+01	3.026781e+01	1.389673e-05	9.322467e-08	9.322467e-08
3.026781e+01	3.208454e+01	1.425204e-05	9.169708e-08	9.169708e-08
3.208454e+01	3.401031e+01	1.414635e-05	8.873237e-08	8.873237e-08
3.401031e+01	3.605167e+01	1.421429e-05	8.639029e-08	8.639029e-08
3.605167e+01	3.821555e+01	1.379483e-05	8.266160e-08	8.266160e-08
3.821555e+01	4.050932e+01	1.375243e-05	8.016356e-08	8.016356e-08
4.050932e+01	4.294076e+01	1.333126e-05	7.665951e-08	7.665951e-08
4.294076e+01	4.551814e+01	1.285503e-05	7.311550e-08	7.311550e-08
4.551814e+01	4.825022e+01	1.232407e-05	6.953326e-08	6.953326e-08
4.825022e+01	5.114629e+01	1.182385e-05	6.615111e-08	6.615111e-08
5.114629e+01	5.421618e+01	1.116171e-05	6.242608e-08	6.242608e-08
5.421618e+01	5.747033e+01	1.067330e-05	5.929155e-08	5.929155e-08
5.747033e+01	6.091980e+01	9.927879e-06	5.554107e-08	5.554107e-08
6.091980e+01	6.457631e+01	9.066161e-06	5.155141e-08	5.155141e-08
6.457631e+01	6.845230e+01	8.361704e-06	4.808596e-08	4.808596e-08
6.845230e+01	7.256093e+01	7.592677e-06	4.450524e-08	4.450524e-08
7.256093e+01	7.691616e+01	6.806660e-06	4.092829e-08	4.092829e-08
7.691616e+01	8.153281e+01	6.024923e-06	3.740024e-08	3.740024e-08
8.153281e+01	8.642655e+01	5.228004e-06	3.383839e-08	3.383839e-08
8.642655e+01	9.161403e+01	4.550965e-06	3.066449e-08	3.066449e-08
9.161403e+01	9.711287e+01	3.929949e-06	2.767707e-08	2.767707e-08
9.711287e+01	1.029418e+02	3.495383e-06	2.535217e-08	2.535217e-08
1.029418e+02	1.091205e+02	3.038521e-06	2.295856e-08	2.295856e-08
1.091205e+02	1.156701e+02	2.674656e-06	2.092130e-08	2.092130e-08
1.156701e+02	1.226128e+02	2.355712e-06	1.907036e-08	1.907036e-08
1.226128e+02	1.299723e+02	2.052046e-06	1.728747e-08	1.728747e-08
1.299723e+02	1.377734e+02	1.801375e-06	1.573209e-08	1.573209e-08
1.377734e+02	1.460429e+02	1.572193e-06	1.427498e-08	1.427498e-08
1.460429e+02	1.548086e+02	1.390512e-06	1.303936e-08	1.303936e-08
1.548086e+02	1.641005e+02	1.195955e-06	1.174539e-08	1.174539e-08
1.641005e+02	1.739501e+02	1.018004e-06	1.052513e-08	1.052513e-08
1.739501e+02	1.843909e+02	8.701248e-07	9.451180e-09	9.451180e-09
1.843909e+02	1.954584e+02	7.549995e-07	8.550879e-09	8.550879e-09
1.954584e+02	2.071901e+02	6.462002e-07	7.683609e-09	7.683609e-09
2.071901e+02	2.196260e+02	5.510865e-07	6.891813e-09	6.891813e-09
2.196260e+02	2.328084e+02	4.607688e-07	6.120776e-09	6.120776e-09
2.328084e+02	2.467820e+02	3.825978e-07	5.417255e-09	5.417255e-09
2.467820e+02	2.615942e+02	3.365512e-07	4.934896e-09	4.934896e-09
2.615942e+02	2.772956e+02	2.684787e-07	4.281027e-09	4.281027e-09
2.772956e+02	2.939394e+02	2.228812e-07	3.788547e-09	3.788547e-09
2.939394e+02	3.115821e+02	1.914290e-07	3.410229e-09	3.410229e-09
3.115821e+02	3.302839e+02	1.579502e-07	3.008712e-09	3.008712e-09
3.302839e+02	3.501081e+02	1.194330e-07	2.541128e-09	2.541128e-09
3.501081e+02	3.711222e+02	1.027753e-07	2.289555e-09	2.289555e-09
3.711222e+02	3.933976e+02	8.035546e-08	1.966333e-09	1.966333e-09
3.933976e+02	4.170100e+02	6.413960e-08	1.706299e-09	1.706299e-09
4.170100e+02	4.420397e+02	4.980219e-08	1.460356e-09	1.460356e-09
4.420397e+02	4.685717e+02	3.623655e-08	1.209903e-09	1.209903e-09
4.685717e+02	4.966962e+02	2.984017e-08	1.066401e-09	1.066401e-09
4.966962e+02	5.265088e+02	2.336888e-08	9.166028e-10	9.166028e-10
5.265088e+02	5.581108e+02	1.600854e-08	7.368529e-10	7.368529e-10
5.581108e+02	5.916096e+02	1.331032e-08	6.525920e-10	6.525920e-10
5.916096e+02	6.271191e+02	8.874158e-09	5.175513e-10	5.175513e-10
6.271191e+02	6.647599e+02	6.406902e-09	4.271268e-10	4.271268e-10
6.647599e+02	7.046600e+02	5.238235e-09	3.751178e-10	3.751178e-10
7.046600e+02	7.469549e+02	3.573185e-09	3.009164e-10	3.009164e-10
7.469549e+02	7.917885e+02	2.151609e-09	2.267994e-10	2.267994e-10
7.917885e+02	8.393131e+02	1.578716e-09	1.886926e-10	1.886926e-10
8.393131e+02	8.896901e+02	1.212738e-09	1.606310e-10	1.606310e-10
8.896901e+02	9.430909e+02	6.422833e-10	1.135407e-10	1.135407e-10
9.430909e+02	9.996969e+02	5.680456e-10	1.037104e-10	1.037104e-10
9.996969e+02	1.059700e+03	2.500799e-10	6.683665e-11	6.683665e-11
1.059700e+03	1.123306e+03	2.359144e-10	6.305076e-11	6.305076e-11
1.123306e+03	1.190728e+03	1.907673e-10	5.506979e-11	5.506979e-11
1.190728e+03	1.262198e+03	1.799624e-10	5.195068e-11	5.195068e-11
1.262198e+03	1.337957e+03	1.414784e-11	1.414784e-11	1.414784e-11
1.337957e+03	1.418264e+03	1.334661e-11	1.334661e-11	1.334661e-11
1.418264e+03	1.503391e+03	3.777273e-11	2.180809e-11	2.180809e-11
1.503391e+03	1.593627e+03	1.187803e-11	1.187803e-11	1.187803e-11
1.593627e+03	1.689279e+03	0.000000e+00	0.000000e+00	0.000000e+00
1.689279e+03	1.790673e+03	0.000000e+00	0.000000e+00	0.000000e+00
1.790673e+03	1.898152e+03	1.994485e-11	1.410314e-11	1.410314e-11
1.898152e+03	2.012083e+03	0.000000e+00	0.000000e+00	0.000000e+00
2.012083e+03	2.132851e+03	0.000000e+00	0.000000e+00	0.000000e+00
2.132851e+03	2.260869e+03	0.000000e+00	0.000000e+00	0.000000e+00
2.260869e+03	2.396570e+03	0.000000e+00	0.000000e+00	0.000000e+00
2.396570e+03	2.540417e+03	0.000000e+00	0.000000e+00	0.000000e+00
2.540417e+03	2.692897e+03	0.000000e+00	0.000000e+00	0.000000e+00
2.692897e+03	2.854530e+03	0.000000e+00	0.000000e+00	0.000000e+00
2.854530e+03	3.025864e+03	0.000000e+00	0.000000e+00	0.000000e+00
3.025864e+03	3.207481e+03	0.000000e+00	0.000000e+00	0.000000e+00
3.207481e+03	3.400000e+03	0.000000e+00	0.000000e+00	0.000000e+00
# END HISTO1D


# BEGIN HISTO1D //eos/home-y/youpeng/valid/genValidation/mg352VBS_merged.yoda.gz/MC_ZINC:ENERGY=13600/lepton_pT
ErrorBars=1
LineColor=blue
LineStyle=solid
Path=//eos/home-y/youpeng/valid/genValidation/mg352VBS_merged.yoda.gz/MC_ZINC:ENERGY=13600/lepton_pT
ScaledBy=1.07425781250000051e-09
Title=VBSZZ@LO(v352)
# xlow	 xhigh	 val	 errminus	 errplus
1.000000e+01	1.060022e+01	0.000000e+00	0.000000e+00	0.000000e+00
1.060022e+01	1.123646e+01	0.000000e+00	0.000000e+00	0.000000e+00
1.123646e+01	1.191089e+01	0.000000e+00	0.000000e+00	0.000000e+00
1.191089e+01	1.262581e+01	0.000000e+00	0.000000e+00	0.000000e+00
1.262581e+01	1.338363e+01	0.000000e+00	0.000000e+00	0.000000e+00
1.338363e+01	1.418694e+01	0.000000e+00	0.000000e+00	0.000000e+00
1.418694e+01	1.503847e+01	0.000000e+00	0.000000e+00	0.000000e+00
1.503847e+01	1.594110e+01	0.000000e+00	0.000000e+00	0.000000e+00
1.594110e+01	1.689791e+01	0.000000e+00	0.000000e+00	0.000000e+00
1.689791e+01	1.791216e+01	0.000000e+00	0.000000e+00	0.000000e+00
1.791216e+01	1.898728e+01	0.000000e+00	0.000000e+00	0.000000e+00
1.898728e+01	2.012693e+01	0.000000e+00	0.000000e+00	0.000000e+00
2.012693e+01	2.133498e+01	0.000000e+00	0.000000e+00	0.000000e+00
2.133498e+01	2.261554e+01	0.000000e+00	0.000000e+00	0.000000e+00
2.261554e+01	2.397297e+01	0.000000e+00	0.000000e+00	0.000000e+00
2.397297e+01	2.541187e+01	3.850127e-06	5.361379e-08	5.361379e-08
2.541187e+01	2.693714e+01	1.390160e-05	9.894944e-08	9.894944e-08
2.693714e+01	2.855395e+01	1.364209e-05	9.520618e-08	9.520618e-08
2.855395e+01	3.026781e+01	1.404923e-05	9.384106e-08	9.384106e-08
3.026781e+01	3.208454e+01	1.415428e-05	9.148565e-08	9.148565e-08
3.208454e+01	3.401031e+01	1.430172e-05	8.931948e-08	8.931948e-08
3.401031e+01	3.605167e+01	1.411497e-05	8.618556e-08	8.618556e-08
3.605167e+01	3.821555e+01	1.401825e-05	8.342277e-08	8.342277e-08
3.821555e+01	4.050932e+01	1.357054e-05	7.972194e-08	7.972194e-08
4.050932e+01	4.294076e+01	1.342513e-05	7.701614e-08	7.701614e-08
4.294076e+01	4.551814e+01	1.301632e-05	7.365617e-08	7.365617e-08
4.551814e+01	4.825022e+01	1.252111e-05	7.016636e-08	7.016636e-08
4.825022e+01	5.114629e+01	1.190372e-05	6.644940e-08	6.644940e-08
5.114629e+01	5.421618e+01	1.115623e-05	6.248154e-08	6.248154e-08
5.421618e+01	5.747033e+01	1.071600e-05	5.947739e-08	5.947739e-08
5.747033e+01	6.091980e+01	9.962235e-06	5.570016e-08	5.570016e-08
6.091980e+01	6.457631e+01	9.169872e-06	5.190421e-08	5.190421e-08
6.457631e+01	6.845230e+01	8.378456e-06	4.818867e-08	4.818867e-08
6.845230e+01	7.256093e+01	7.540092e-06	4.440113e-08	4.440113e-08
7.256093e+01	7.691616e+01	6.792502e-06	4.093206e-08	4.093206e-08
7.691616e+01	8.153281e+01	5.989495e-06	3.733240e-08	3.733240e-08
8.153281e+01	8.642655e+01	5.238766e-06	3.391160e-08	3.391160e-08
8.642655e+01	9.161403e+01	4.536025e-06	3.064882e-08	3.064882e-08
9.161403e+01	9.711287e+01	4.013101e-06	2.800005e-08	2.800005e-08
9.711287e+01	1.029418e+02	3.428489e-06	2.513687e-08	2.513687e-08
1.029418e+02	1.091205e+02	3.053586e-06	2.304150e-08	2.304150e-08
1.091205e+02	1.156701e+02	2.668914e-06	2.092253e-08	2.092253e-08
1.156701e+02	1.226128e+02	2.326860e-06	1.897471e-08	1.897471e-08
1.226128e+02	1.299723e+02	2.053490e-06	1.731316e-08	1.731316e-08
1.299723e+02	1.377734e+02	1.814552e-06	1.580742e-08	1.580742e-08
1.377734e+02	1.460429e+02	1.575760e-06	1.430736e-08	1.430736e-08
1.460429e+02	1.548086e+02	1.381288e-06	1.301077e-08	1.301077e-08
1.548086e+02	1.641005e+02	1.207339e-06	1.181453e-08	1.181453e-08
1.641005e+02	1.739501e+02	1.018568e-06	1.053999e-08	1.053999e-08
1.739501e+02	1.843909e+02	8.817705e-07	9.525004e-09	9.525004e-09
1.843909e+02	1.954584e+02	7.586536e-07	8.581264e-09	8.581264e-09
1.954584e+02	2.071901e+02	6.446444e-07	7.683054e-09	7.683054e-09
2.071901e+02	2.196260e+02	5.516456e-07	6.903125e-09	6.903125e-09
2.196260e+02	2.328084e+02	4.617327e-07	6.134121e-09	6.134121e-09
2.328084e+02	2.467820e+02	3.933830e-07	5.499307e-09	5.499307e-09
2.467820e+02	2.615942e+02	3.250580e-07	4.855399e-09	4.855399e-09
2.615942e+02	2.772956e+02	2.733298e-07	4.324427e-09	4.324427e-09
2.772956e+02	2.939394e+02	2.222896e-07	3.787805e-09	3.787805e-09
2.939394e+02	3.115821e+02	1.836432e-07	3.343945e-09	3.343945e-09
3.115821e+02	3.302839e+02	1.519900e-07	2.954745e-09	2.954745e-09
3.302839e+02	3.501081e+02	1.243100e-07	2.595431e-09	2.595431e-09
3.501081e+02	3.711222e+02	9.815196e-08	2.240002e-09	2.240002e-09
3.711222e+02	3.933976e+02	7.634206e-08	1.918772e-09	1.918772e-09
3.933976e+02	4.170100e+02	6.560451e-08	1.727631e-09	1.727631e-09
4.170100e+02	4.420397e+02	4.931429e-08	1.454832e-09	1.454832e-09
4.420397e+02	4.685717e+02	3.870760e-08	1.251894e-09	1.251894e-09
4.685717e+02	4.966962e+02	3.120655e-08	1.091779e-09	1.091779e-09
4.966962e+02	5.265088e+02	2.392637e-08	9.285231e-10	9.285231e-10
5.265088e+02	5.581108e+02	1.737060e-08	7.684302e-10	7.684302e-10
5.581108e+02	5.916096e+02	1.196157e-08	6.193465e-10	6.193465e-10
5.916096e+02	6.271191e+02	9.196818e-09	5.274737e-10	5.274737e-10
6.271191e+02	6.647599e+02	6.535594e-09	4.318843e-10	4.318843e-10
6.647599e+02	7.046600e+02	5.142423e-09	3.720928e-10	3.720928e-10
7.046600e+02	7.469549e+02	3.403495e-09	2.940173e-10	2.940173e-10
7.469549e+02	7.917885e+02	2.491944e-09	2.443552e-10	2.443552e-10
7.917885e+02	8.393131e+02	2.034382e-09	2.144427e-10	2.144427e-10
8.393131e+02	8.896901e+02	1.258138e-09	1.637956e-10	1.637956e-10
8.896901e+02	9.430909e+02	9.857274e-10	1.408182e-10	1.408182e-10
9.430909e+02	9.996969e+02	7.021789e-10	1.154375e-10	1.154375e-10
9.996969e+02	1.059700e+03	3.222607e-10	7.595758e-11	7.595758e-11
1.059700e+03	1.123306e+03	2.702281e-10	6.755702e-11	6.755702e-11
1.123306e+03	1.190728e+03	1.274667e-10	4.506630e-11	4.506630e-11
1.190728e+03	1.262198e+03	1.202471e-10	4.251378e-11	4.251378e-11
1.262198e+03	1.337957e+03	4.253980e-11	2.456037e-11	2.456037e-11
1.337957e+03	1.418264e+03	2.675378e-11	1.891778e-11	1.891778e-11
1.418264e+03	1.503391e+03	2.523895e-11	1.784663e-11	1.784663e-11
1.503391e+03	1.593627e+03	0.000000e+00	0.000000e+00	0.000000e+00
1.593627e+03	1.689279e+03	0.000000e+00	0.000000e+00	0.000000e+00
1.689279e+03	1.790673e+03	1.059489e-11	1.059489e-11	1.059489e-11
1.790673e+03	1.898152e+03	0.000000e+00	0.000000e+00	0.000000e+00
1.898152e+03	2.012083e+03	0.000000e+00	0.000000e+00	0.000000e+00
2.012083e+03	2.132851e+03	8.895221e-12	8.895220e-12	8.895220e-12
2.132851e+03	2.260869e+03	0.000000e+00	0.000000e+00	0.000000e+00
2.260869e+03	2.396570e+03	0.000000e+00	0.000000e+00	0.000000e+00
2.396570e+03	2.540417e+03	0.000000e+00	0.000000e+00	0.000000e+00
2.540417e+03	2.692897e+03	0.000000e+00	0.000000e+00	0.000000e+00
2.692897e+03	2.854530e+03	0.000000e+00	0.000000e+00	0.000000e+00
2.854530e+03	3.025864e+03	0.000000e+00	0.000000e+00	0.000000e+00
3.025864e+03	3.207481e+03	0.000000e+00	0.000000e+00	0.000000e+00
3.207481e+03	3.400000e+03	0.000000e+00	0.000000e+00	0.000000e+00
# END HISTO1D


# BEGIN HISTO1D //eos/home-y/youpeng/valid/genValidation/mg35xVBS_merged.yoda.gz/MC_ZINC:ENERGY=13600/lepton_pT
ErrorBars=1
LineColor=green
LineStyle=solid
Path=//eos/home-y/youpeng/valid/genValidation/mg35xVBS_merged.yoda.gz/MC_ZINC:ENERGY=13600/lepton_pT
ScaledBy=5.51937791219804204e-10
Title=VBSZZ@LO(v35x)
# xlow	 xhigh	 val	 errminus	 errplus
1.000000e+01	1.060022e+01	0.000000e+00	0.000000e+00	0.000000e+00
1.060022e+01	1.123646e+01	0.000000e+00	0.000000e+00	0.000000e+00
1.123646e+01	1.191089e+01	0.000000e+00	0.000000e+00	0.000000e+00
1.191089e+01	1.262581e+01	0.000000e+00	0.000000e+00	0.000000e+00
1.262581e+01	1.338363e+01	0.000000e+00	0.000000e+00	0.000000e+00
1.338363e+01	1.418694e+01	0.000000e+00	0.000000e+00	0.000000e+00
1.418694e+01	1.503847e+01	0.000000e+00	0.000000e+00	0.000000e+00
1.503847e+01	1.594110e+01	0.000000e+00	0.000000e+00	0.000000e+00
1.594110e+01	1.689791e+01	0.000000e+00	0.000000e+00	0.000000e+00
1.689791e+01	1.791216e+01	0.000000e+00	0.000000e+00	0.000000e+00
1.791216e+01	1.898728e+01	0.000000e+00	0.000000e+00	0.000000e+00
1.898728e+01	2.012693e+01	0.000000e+00	0.000000e+00	0.000000e+00
2.012693e+01	2.133498e+01	0.000000e+00	0.000000e+00	0.000000e+00
2.133498e+01	2.261554e+01	0.000000e+00	0.000000e+00	0.000000e+00
2.261554e+01	2.397297e+01	0.000000e+00	0.000000e+00	0.000000e+00
2.397297e+01	2.541187e+01	1.930190e-06	2.721008e-08	2.721008e-08
2.541187e+01	2.693714e+01	6.823998e-06	4.969254e-08	4.969254e-08
2.693714e+01	2.855395e+01	6.943556e-06	4.868628e-08	4.868628e-08
2.855395e+01	3.026781e+01	7.050179e-06	4.764941e-08	4.764941e-08
3.026781e+01	3.208454e+01	7.170488e-06	4.667391e-08	4.667391e-08
3.208454e+01	3.401031e+01	7.130192e-06	4.520573e-08	4.520573e-08
3.401031e+01	3.605167e+01	7.156082e-06	4.398685e-08	4.398685e-08
3.605167e+01	3.821555e+01	7.071011e-06	4.246873e-08	4.246873e-08
3.821555e+01	4.050932e+01	6.893660e-06	4.072818e-08	4.072818e-08
4.050932e+01	4.294076e+01	6.687432e-06	3.896215e-08	3.896215e-08
4.294076e+01	4.551814e+01	6.507709e-06	3.733102e-08	3.733102e-08
4.551814e+01	4.825022e+01	6.348716e-06	3.581305e-08	3.581305e-08
4.825022e+01	5.114629e+01	5.995508e-06	3.380287e-08	3.380287e-08
5.114629e+01	5.421618e+01	5.670239e-06	3.192893e-08	3.192893e-08
5.421618e+01	5.747033e+01	5.348835e-06	3.012006e-08	3.012006e-08
5.747033e+01	6.091980e+01	5.020525e-06	2.834285e-08	2.834285e-08
6.091980e+01	6.457631e+01	4.588173e-06	2.631671e-08	2.631671e-08
6.457631e+01	6.845230e+01	4.243780e-06	2.458273e-08	2.458273e-08
6.845230e+01	7.256093e+01	3.804268e-06	2.260643e-08	2.260643e-08
7.256093e+01	7.691616e+01	3.414864e-06	2.080301e-08	2.080301e-08
7.691616e+01	8.153281e+01	3.038339e-06	1.905898e-08	1.905898e-08
8.153281e+01	8.642655e+01	2.614796e-06	1.717289e-08	1.717289e-08
8.642655e+01	9.161403e+01	2.265215e-06	1.552464e-08	1.552464e-08
9.161403e+01	9.711287e+01	1.980069e-06	1.409774e-08	1.409774e-08
9.711287e+01	1.029418e+02	1.740012e-06	1.283591e-08	1.283591e-08
1.029418e+02	1.091205e+02	1.546198e-06	1.175247e-08	1.175247e-08
1.091205e+02	1.156701e+02	1.350013e-06	1.066612e-08	1.066612e-08
1.156701e+02	1.226128e+02	1.174836e-06	9.664281e-09	9.664281e-09
1.226128e+02	1.299723e+02	1.046878e-06	8.860720e-09	8.860720e-09
1.299723e+02	1.377734e+02	9.017958e-07	7.987691e-09	7.987691e-09
1.377734e+02	1.460429e+02	7.760301e-07	7.196888e-09	7.196888e-09
1.460429e+02	1.548086e+02	6.858216e-07	6.571392e-09	6.571392e-09
1.548086e+02	1.641005e+02	5.936424e-07	5.938206e-09	5.938206e-09
1.641005e+02	1.739501e+02	5.199633e-07	5.397866e-09	5.397866e-09
1.739501e+02	1.843909e+02	4.358600e-07	4.800115e-09	4.800115e-09
1.843909e+02	1.954584e+02	3.773673e-07	4.338130e-09	4.338130e-09
1.954584e+02	2.071901e+02	3.239636e-07	3.904026e-09	3.904026e-09
2.071901e+02	2.196260e+02	2.744621e-07	3.490179e-09	3.490179e-09
2.196260e+02	2.328084e+02	2.309092e-07	3.109342e-09	3.109342e-09
2.328084e+02	2.467820e+02	1.961106e-07	2.783181e-09	2.783181e-09
2.467820e+02	2.615942e+02	1.670472e-07	2.494910e-09	2.494910e-09
2.615942e+02	2.772956e+02	1.361442e-07	2.187639e-09	2.187639e-09
2.772956e+02	2.939394e+02	1.167626e-07	1.967753e-09	1.967753e-09
2.939394e+02	3.115821e+02	9.372749e-08	1.712364e-09	1.712364e-09
3.115821e+02	3.302839e+02	7.729336e-08	1.510339e-09	1.510339e-09
3.302839e+02	3.501081e+02	6.094531e-08	1.302619e-09	1.302619e-09
3.501081e+02	3.711222e+02	5.050780e-08	1.151779e-09	1.151779e-09
3.711222e+02	3.933976e+02	3.818275e-08	9.726709e-10	9.726709e-10
3.933976e+02	4.170100e+02	3.059776e-08	8.457068e-10	8.457068e-10
4.170100e+02	4.420397e+02	2.377132e-08	7.240089e-10	7.240089e-10
4.420397e+02	4.685717e+02	1.915931e-08	6.313206e-10	6.313206e-10
4.685717e+02	4.966962e+02	1.513072e-08	5.449197e-10	5.449197e-10
4.966962e+02	5.265088e+02	1.125625e-08	4.565014e-10	4.565014e-10
5.265088e+02	5.581108e+02	8.313474e-09	3.810474e-10	3.810474e-10
5.581108e+02	5.916096e+02	6.837684e-09	3.356487e-10	3.356487e-10
5.916096e+02	6.271191e+02	5.362466e-09	2.887056e-10	2.887056e-10
6.271191e+02	6.647599e+02	3.167271e-09	2.155054e-10	2.155054e-10
6.647599e+02	7.046600e+02	2.393108e-09	1.819446e-10	1.819446e-10
7.046600e+02	7.469549e+02	1.879164e-09	1.565970e-10	1.565970e-10
7.469549e+02	7.917885e+02	1.304946e-09	1.267475e-10	1.267475e-10
7.917885e+02	8.393131e+02	8.710295e-10	1.005778e-10	1.005778e-10
8.393131e+02	8.896901e+02	6.573688e-10	8.486595e-11	8.486595e-11
8.896901e+02	9.430909e+02	3.824231e-10	6.286997e-11	6.286997e-11
9.430909e+02	9.996969e+02	2.437629e-10	4.875259e-11	4.875259e-11
9.996969e+02	1.059700e+03	1.931682e-10	4.215277e-11	4.215277e-11
1.059700e+03	1.123306e+03	1.301617e-10	3.360761e-11	3.360761e-11
1.123306e+03	1.190728e+03	8.186316e-11	2.588740e-11	2.588740e-11
1.190728e+03	1.262198e+03	6.950385e-11	2.316795e-11	2.316795e-11
1.262198e+03	1.337957e+03	7.285442e-11	2.303859e-11	2.303859e-11
1.337957e+03	1.418264e+03	2.749139e-11	1.374569e-11	1.374569e-11
1.418264e+03	1.503391e+03	3.241849e-11	1.449799e-11	1.449799e-11
1.503391e+03	1.593627e+03	6.116603e-12	6.116603e-12	6.116603e-12
1.593627e+03	1.689279e+03	0.000000e+00	0.000000e+00	0.000000e+00
1.689279e+03	1.790673e+03	0.000000e+00	0.000000e+00	0.000000e+00
1.790673e+03	1.898152e+03	0.000000e+00	0.000000e+00	0.000000e+00
1.898152e+03	2.012083e+03	0.000000e+00	0.000000e+00	0.000000e+00
2.012083e+03	2.132851e+03	0.000000e+00	0.000000e+00	0.000000e+00
2.132851e+03	2.260869e+03	0.000000e+00	0.000000e+00	0.000000e+00
2.260869e+03	2.396570e+03	0.000000e+00	0.000000e+00	0.000000e+00
2.396570e+03	2.540417e+03	0.000000e+00	0.000000e+00	0.000000e+00
2.540417e+03	2.692897e+03	0.000000e+00	0.000000e+00	0.000000e+00
2.692897e+03	2.854530e+03	0.000000e+00	0.000000e+00	0.000000e+00
2.854530e+03	3.025864e+03	0.000000e+00	0.000000e+00	0.000000e+00
3.025864e+03	3.207481e+03	0.000000e+00	0.000000e+00	0.000000e+00
3.207481e+03	3.400000e+03	0.000000e+00	0.000000e+00	0.000000e+00
# END HISTO1D

