# BEGIN PLOT
Legend=1
LogY=1
Title=Lepton $\eta$
XLabel=$\eta_{\mathrm{l}}$ [GeV]
YLabel=$\mathrm{d}\sigma/\mathrm{d}\eta_{\mathrm{l}}$ [pb/GeV]
RemoveOptions=1
DrawOnly=//eos/home-y/youpeng/valid/genValidation/masterVBS_merged.yoda.gz/MC_ZINC:ENERGY=13600/lepton_eta //eos/home-y/youpeng/valid/genValidation/mg352VBS_merged.yoda.gz/MC_ZINC:ENERGY=13600/lepton_eta //eos/home-y/youpeng/valid/genValidation/mg35xVBS_merged.yoda.gz/MC_ZINC:ENERGY=13600/lepton_eta
LegendOnly=//eos/home-y/youpeng/valid/genValidation/masterVBS_merged.yoda.gz/MC_ZINC:ENERGY=13600/lepton_eta //eos/home-y/youpeng/valid/genValidation/mg352VBS_merged.yoda.gz/MC_ZINC:ENERGY=13600/lepton_eta //eos/home-y/youpeng/valid/genValidation/mg35xVBS_merged.yoda.gz/MC_ZINC:ENERGY=13600/lepton_eta
RatioPlot=1
RatioPlotReference=//eos/home-y/youpeng/valid/genValidation/masterVBS_merged.yoda.gz/MC_ZINC:ENERGY=13600/lepton_eta
RatioPlotYLabel=Ratio
# END PLOT

# BEGIN HISTO1D //eos/home-y/youpeng/valid/genValidation/masterVBS_merged.yoda.gz/MC_ZINC:ENERGY=13600/lepton_eta
ErrorBars=1
LineColor=red
LineStyle=solid
Path=//eos/home-y/youpeng/valid/genValidation/masterVBS_merged.yoda.gz/MC_ZINC:ENERGY=13600/lepton_eta
ScaledBy=1.07182617187499956e-09
Title=VBSZZ@LO(v2918)
# xlow	 xhigh	 val	 errminus	 errplus
-4.000000e+00	-3.800000e+00	0.000000e+00	0.000000e+00	0.000000e+00
-3.800000e+00	-3.600000e+00	0.000000e+00	0.000000e+00	0.000000e+00
-3.600000e+00	-3.400000e+00	5.359130e-09	5.359130e-09	5.359130e-09
-3.400000e+00	-3.200000e+00	1.071826e-08	7.578956e-09	7.578956e-09
-3.200000e+00	-3.000000e+00	5.948635e-07	5.646196e-08	5.646196e-08
-3.000000e+00	-2.800000e+00	2.817295e-05	3.885647e-07	3.885647e-07
-2.800000e+00	-2.600000e+00	4.038105e-05	4.651960e-07	4.651960e-07
-2.600000e+00	-2.400000e+00	5.480245e-05	5.419350e-07	5.419350e-07
-2.400000e+00	-2.200000e+00	7.214460e-05	6.217978e-07	6.217978e-07
-2.200000e+00	-2.000000e+00	9.272370e-05	7.049243e-07	7.049243e-07
-2.000000e+00	-1.800000e+00	1.150659e-04	7.852727e-07	7.852727e-07
-1.800000e+00	-1.600000e+00	1.353931e-04	8.518153e-07	8.518153e-07
-1.600000e+00	-1.400000e+00	1.575745e-04	9.189464e-07	9.189464e-07
-1.400000e+00	-1.200000e+00	1.793648e-04	9.804281e-07	9.804281e-07
-1.200000e+00	-1.000000e+00	1.994401e-04	1.033840e-06	1.033840e-06
-1.000000e+00	-8.000000e-01	2.132130e-04	1.068942e-06	1.068942e-06
-8.000000e-01	-6.000000e-01	2.279935e-04	1.105372e-06	1.105372e-06
-6.000000e-01	-4.000000e-01	2.407483e-04	1.135870e-06	1.135870e-06
-4.000000e-01	-2.000000e-01	2.457268e-04	1.147555e-06	1.147555e-06
-2.000000e-01	0.000000e+00	2.504429e-04	1.158515e-06	1.158515e-06
0.000000e+00	2.000000e-01	2.501213e-04	1.157771e-06	1.157771e-06
2.000000e-01	4.000000e-01	2.472381e-04	1.151078e-06	1.151078e-06
4.000000e-01	6.000000e-01	2.384867e-04	1.130523e-06	1.130523e-06
6.000000e-01	8.000000e-01	2.299924e-04	1.110207e-06	1.110207e-06
8.000000e-01	1.000000e+00	2.154478e-04	1.074529e-06	1.074529e-06
1.000000e+00	1.200000e+00	1.981700e-04	1.030543e-06	1.030543e-06
1.200000e+00	1.400000e+00	1.798042e-04	9.816284e-07	9.816284e-07
1.400000e+00	1.600000e+00	1.577621e-04	9.194932e-07	9.194932e-07
1.600000e+00	1.800000e+00	1.382174e-04	8.606537e-07	8.606537e-07
1.800000e+00	2.000000e+00	1.145193e-04	7.834052e-07	7.834052e-07
2.000000e+00	2.200000e+00	9.183405e-05	7.015346e-07	7.015346e-07
2.200000e+00	2.400000e+00	7.291100e-05	6.250916e-07	6.250916e-07
2.400000e+00	2.600000e+00	5.550990e-05	5.454216e-07	5.454216e-07
2.600000e+00	2.800000e+00	4.012917e-05	4.637429e-07	4.637429e-07
2.800000e+00	3.000000e+00	2.855881e-05	3.912166e-07	3.912166e-07
3.000000e+00	3.200000e+00	4.448078e-07	4.882401e-08	4.882401e-08
3.200000e+00	3.400000e+00	3.751392e-08	1.417893e-08	1.417893e-08
3.400000e+00	3.600000e+00	5.359130e-09	5.359130e-09	5.359130e-09
3.600000e+00	3.800000e+00	0.000000e+00	0.000000e+00	0.000000e+00
3.800000e+00	4.000000e+00	0.000000e+00	0.000000e+00	0.000000e+00
# END HISTO1D


# BEGIN HISTO1D //eos/home-y/youpeng/valid/genValidation/mg352VBS_merged.yoda.gz/MC_ZINC:ENERGY=13600/lepton_eta
ErrorBars=1
LineColor=blue
LineStyle=solid
Path=//eos/home-y/youpeng/valid/genValidation/mg352VBS_merged.yoda.gz/MC_ZINC:ENERGY=13600/lepton_eta
ScaledBy=1.07425781250000051e-09
Title=VBSZZ@LO(v352)
# xlow	 xhigh	 val	 errminus	 errplus
-4.000000e+00	-3.800000e+00	0.000000e+00	0.000000e+00	0.000000e+00
-3.800000e+00	-3.600000e+00	0.000000e+00	0.000000e+00	0.000000e+00
-3.600000e+00	-3.400000e+00	0.000000e+00	0.000000e+00	0.000000e+00
-3.400000e+00	-3.200000e+00	1.611387e-08	9.303346e-09	9.303346e-09
-3.200000e+00	-3.000000e+00	4.887873e-07	5.123883e-08	5.123883e-08
-3.000000e+00	-2.800000e+00	2.822075e-05	3.893351e-07	3.893351e-07
-2.800000e+00	-2.600000e+00	4.037598e-05	4.656942e-07	4.656942e-07
-2.600000e+00	-2.400000e+00	5.429835e-05	5.400484e-07	5.400484e-07
-2.400000e+00	-2.200000e+00	7.332345e-05	6.275679e-07	6.275679e-07
-2.200000e+00	-2.000000e+00	9.269235e-05	7.056042e-07	7.056042e-07
-2.000000e+00	-1.800000e+00	1.128723e-04	7.786331e-07	7.786331e-07
-1.800000e+00	-1.600000e+00	1.370109e-04	8.578606e-07	8.578606e-07
-1.600000e+00	-1.400000e+00	1.579159e-04	9.209843e-07	9.209843e-07
-1.400000e+00	-1.200000e+00	1.797019e-04	9.824614e-07	9.824614e-07
-1.200000e+00	-1.000000e+00	1.969867e-04	1.028626e-06	1.028626e-06
-1.000000e+00	-8.000000e-01	2.160225e-04	1.077181e-06	1.077181e-06
-8.000000e-01	-6.000000e-01	2.308634e-04	1.113568e-06	1.113568e-06
-6.000000e-01	-4.000000e-01	2.397529e-04	1.134805e-06	1.134805e-06
-4.000000e-01	-2.000000e-01	2.470739e-04	1.152001e-06	1.152001e-06
-2.000000e-01	0.000000e+00	2.506673e-04	1.160348e-06	1.160348e-06
0.000000e+00	2.000000e-01	2.508929e-04	1.160870e-06	1.160870e-06
2.000000e-01	4.000000e-01	2.484114e-04	1.155114e-06	1.155114e-06
4.000000e-01	6.000000e-01	2.412085e-04	1.138244e-06	1.138244e-06
6.000000e-01	8.000000e-01	2.292036e-04	1.109558e-06	1.109558e-06
8.000000e-01	1.000000e+00	2.148999e-04	1.074379e-06	1.074379e-06
1.000000e+00	1.200000e+00	1.983402e-04	1.032154e-06	1.032154e-06
1.200000e+00	1.400000e+00	1.816355e-04	9.877331e-07	9.877331e-07
1.400000e+00	1.600000e+00	1.580502e-04	9.213757e-07	9.213757e-07
1.600000e+00	1.800000e+00	1.364791e-04	8.561942e-07	8.561942e-07
1.800000e+00	2.000000e+00	1.152410e-04	7.867609e-07	7.867609e-07
2.000000e+00	2.200000e+00	9.322945e-05	7.076457e-07	7.076457e-07
2.200000e+00	2.400000e+00	7.279710e-05	6.253113e-07	6.253113e-07
2.400000e+00	2.600000e+00	5.606550e-05	5.487659e-07	5.487659e-07
2.600000e+00	2.800000e+00	4.027930e-05	4.651363e-07	4.651363e-07
2.800000e+00	3.000000e+00	2.841412e-05	3.906667e-07	3.906667e-07
3.000000e+00	3.200000e+00	5.049010e-07	5.207658e-08	5.207658e-08
3.200000e+00	3.400000e+00	2.148516e-08	1.074258e-08	1.074258e-08
3.400000e+00	3.600000e+00	0.000000e+00	0.000000e+00	0.000000e+00
3.600000e+00	3.800000e+00	0.000000e+00	0.000000e+00	0.000000e+00
3.800000e+00	4.000000e+00	0.000000e+00	0.000000e+00	0.000000e+00
# END HISTO1D


# BEGIN HISTO1D //eos/home-y/youpeng/valid/genValidation/mg35xVBS_merged.yoda.gz/MC_ZINC:ENERGY=13600/lepton_eta
ErrorBars=1
LineColor=green
LineStyle=solid
Path=//eos/home-y/youpeng/valid/genValidation/mg35xVBS_merged.yoda.gz/MC_ZINC:ENERGY=13600/lepton_eta
ScaledBy=5.51937791219804204e-10
Title=VBSZZ@LO(v35x)
# xlow	 xhigh	 val	 errminus	 errplus
-4.000000e+00	-3.800000e+00	0.000000e+00	0.000000e+00	0.000000e+00
-3.800000e+00	-3.600000e+00	0.000000e+00	0.000000e+00	0.000000e+00
-3.600000e+00	-3.400000e+00	2.759689e-09	2.759689e-09	2.759689e-09
-3.400000e+00	-3.200000e+00	2.759689e-09	2.759689e-09	2.759689e-09
-3.200000e+00	-3.000000e+00	1.904185e-07	2.292370e-08	2.292370e-08
-3.000000e+00	-2.800000e+00	1.425655e-05	1.983523e-07	1.983523e-07
-2.800000e+00	-2.600000e+00	2.054865e-05	2.381342e-07	2.381342e-07
-2.600000e+00	-2.400000e+00	2.825369e-05	2.792336e-07	2.792336e-07
-2.400000e+00	-2.200000e+00	3.616297e-05	3.159090e-07	3.159090e-07
-2.200000e+00	-2.000000e+00	4.645660e-05	3.580583e-07	3.580583e-07
-2.000000e+00	-1.800000e+00	5.689925e-05	3.962629e-07	3.962629e-07
-1.800000e+00	-1.600000e+00	6.962420e-05	4.383391e-07	4.383391e-07
-1.600000e+00	-1.400000e+00	7.953425e-05	4.684973e-07	4.684973e-07
-1.400000e+00	-1.200000e+00	9.022805e-05	4.990003e-07	4.990003e-07
-1.200000e+00	-1.000000e+00	9.982345e-05	5.248636e-07	5.248636e-07
-1.000000e+00	-8.000000e-01	1.091788e-04	5.489076e-07	5.489076e-07
-8.000000e-01	-6.000000e-01	1.158048e-04	5.653187e-07	5.653187e-07
-6.000000e-01	-4.000000e-01	1.217271e-04	5.795938e-07	5.795938e-07
-4.000000e-01	-2.000000e-01	1.236561e-04	5.841682e-07	5.841682e-07
-2.000000e-01	0.000000e+00	1.254362e-04	5.883577e-07	5.883577e-07
0.000000e+00	2.000000e-01	1.253561e-04	5.881700e-07	5.881700e-07
2.000000e-01	4.000000e-01	1.245475e-04	5.862700e-07	5.862700e-07
4.000000e-01	6.000000e-01	1.201210e-04	5.757573e-07	5.757573e-07
6.000000e-01	8.000000e-01	1.147616e-04	5.627668e-07	5.627668e-07
8.000000e-01	1.000000e+00	1.079066e-04	5.457002e-07	5.457002e-07
1.000000e+00	1.200000e+00	9.978760e-05	5.247692e-07	5.247692e-07
1.200000e+00	1.400000e+00	9.077720e-05	5.005165e-07	5.005165e-07
1.400000e+00	1.600000e+00	8.074020e-05	4.720359e-07	4.720359e-07
1.600000e+00	1.800000e+00	6.849550e-05	4.347715e-07	4.347715e-07
1.800000e+00	2.000000e+00	5.761955e-05	3.987631e-07	3.987631e-07
2.000000e+00	2.200000e+00	4.648696e-05	3.581753e-07	3.581753e-07
2.200000e+00	2.400000e+00	3.661556e-05	3.178797e-07	3.178797e-07
2.400000e+00	2.600000e+00	2.798324e-05	2.778940e-07	2.778940e-07
2.600000e+00	2.800000e+00	2.052105e-05	2.379742e-07	2.379742e-07
2.800000e+00	3.000000e+00	1.428691e-05	1.985634e-07	1.985634e-07
3.000000e+00	3.200000e+00	2.511317e-07	2.632575e-08	2.632575e-08
3.200000e+00	3.400000e+00	2.759689e-09	2.759689e-09	2.759689e-09
3.400000e+00	3.600000e+00	2.759689e-09	2.759689e-09	2.759689e-09
3.600000e+00	3.800000e+00	0.000000e+00	0.000000e+00	0.000000e+00
3.800000e+00	4.000000e+00	0.000000e+00	0.000000e+00	0.000000e+00
# END HISTO1D

