# BEGIN PLOT
Legend=1
LogY=1
Title=Pseudorapidity of third jet
XLabel=$\eta(\mathrm{jet~3})$
YLabel=$\mathrm{d}\sigma/\mathrm{d}\eta(\mathrm{jet~3})$ [pb]
LegendYPos=0.5
LegendXPos=0.30
RemoveOptions=1
DrawOnly=//eos/home-y/youpeng/valid/genValidation/masterVBS_merged.yoda.gz/MC_ZJETS:ENERGY=13000/jet_eta_3 //eos/home-y/youpeng/valid/genValidation/mg352VBS_merged.yoda.gz/MC_ZJETS:ENERGY=13000/jet_eta_3
LegendOnly=//eos/home-y/youpeng/valid/genValidation/masterVBS_merged.yoda.gz/MC_ZJETS:ENERGY=13000/jet_eta_3 //eos/home-y/youpeng/valid/genValidation/mg352VBS_merged.yoda.gz/MC_ZJETS:ENERGY=13000/jet_eta_3
RatioPlot=1
RatioPlotReference=//eos/home-y/youpeng/valid/genValidation/masterVBS_merged.yoda.gz/MC_ZJETS:ENERGY=13000/jet_eta_3
RatioPlotYLabel=Ratio
# END PLOT

# BEGIN HISTO1D //eos/home-y/youpeng/valid/genValidation/masterVBS_merged.yoda.gz/MC_ZJETS:ENERGY=13000/jet_eta_3
ErrorBars=1
LineColor=red
LineStyle=solid
Path=//eos/home-y/youpeng/valid/genValidation/masterVBS_merged.yoda.gz/MC_ZJETS:ENERGY=13000/jet_eta_3
ScaledBy=1.00503000000000010e-06
Title=VBSZZ@NLO(v2918)
# xlow	 xhigh	 val	 errminus	 errplus
-5.000000e+00	-4.600000e+00	0.000000e+00	0.000000e+00	0.000000e+00
-4.600000e+00	-4.200000e+00	5.025150e-06	3.553318e-06	3.553318e-06
-4.200000e+00	-3.800000e+00	1.507545e-05	6.154527e-06	6.154527e-06
-3.800000e+00	-3.400000e+00	1.758803e-05	6.647649e-06	6.647649e-06
-3.400000e+00	-3.000000e+00	3.015090e-05	8.703814e-06	8.703814e-06
-3.000000e+00	-2.600000e+00	3.517605e-05	9.401193e-06	9.401193e-06
-2.600000e+00	-2.200000e+00	5.527665e-05	1.178502e-05	1.178502e-05
-2.200000e+00	-1.800000e+00	5.527665e-05	1.178502e-05	1.178502e-05
-1.800000e+00	-1.400000e+00	7.537725e-05	1.376194e-05	1.376194e-05
-1.400000e+00	-1.000000e+00	5.778923e-05	1.204989e-05	1.204989e-05
-1.000000e+00	-6.000000e-01	4.773892e-05	1.095206e-05	1.095206e-05
-6.000000e-01	-2.000000e-01	1.030156e-04	1.608833e-05	1.608833e-05
-2.000000e-01	2.000000e-01	8.542755e-05	1.465070e-05	1.465070e-05
2.000000e-01	6.000000e-01	7.788983e-05	1.398942e-05	1.398942e-05
6.000000e-01	1.000000e+00	5.025150e-05	1.123658e-05	1.123658e-05
1.000000e+00	1.400000e+00	7.035210e-05	1.329530e-05	1.329530e-05
1.400000e+00	1.800000e+00	4.773892e-05	1.095206e-05	1.095206e-05
1.800000e+00	2.200000e+00	5.527665e-05	1.178502e-05	1.178502e-05
2.200000e+00	2.600000e+00	1.507545e-05	6.154527e-06	6.154527e-06
2.600000e+00	3.000000e+00	1.507545e-05	6.154527e-06	6.154527e-06
3.000000e+00	3.400000e+00	3.266348e-05	9.059218e-06	9.059218e-06
3.400000e+00	3.800000e+00	2.763833e-05	8.333269e-06	8.333269e-06
3.800000e+00	4.200000e+00	1.256287e-05	5.618289e-06	5.618289e-06
4.200000e+00	4.600000e+00	0.000000e+00	0.000000e+00	0.000000e+00
4.600000e+00	5.000000e+00	5.025150e-06	3.553318e-06	3.553318e-06
# END HISTO1D


# BEGIN HISTO1D //eos/home-y/youpeng/valid/genValidation/mg352VBS_merged.yoda.gz/MC_ZJETS:ENERGY=13000/jet_eta_3
ErrorBars=1
LineColor=blue
LineStyle=solid
Path=//eos/home-y/youpeng/valid/genValidation/mg352VBS_merged.yoda.gz/MC_ZJETS:ENERGY=13000/jet_eta_3
ScaledBy=9.96719999999999835e-07
Title=VBSZZ@NLO(v352)
# xlow	 xhigh	 val	 errminus	 errplus
-5.000000e+00	-4.600000e+00	0.000000e+00	0.000000e+00	0.000000e+00
-4.600000e+00	-4.200000e+00	2.491800e-06	2.491800e-06	2.491800e-06
-4.200000e+00	-3.800000e+00	4.983600e-06	3.523938e-06	3.523938e-06
-3.800000e+00	-3.400000e+00	1.495080e-05	6.103639e-06	6.103639e-06
-3.400000e+00	-3.000000e+00	2.491800e-05	7.879764e-06	7.879764e-06
-3.000000e+00	-2.600000e+00	4.734420e-05	1.086150e-05	1.086150e-05
-2.600000e+00	-2.200000e+00	5.232780e-05	1.141886e-05	1.141886e-05
-2.200000e+00	-1.800000e+00	7.475400e-05	1.364815e-05	1.364815e-05
-1.800000e+00	-1.400000e+00	3.488520e-05	9.323462e-06	9.323462e-06
-1.400000e+00	-1.000000e+00	5.731140e-05	1.195025e-05	1.195025e-05
-1.000000e+00	-6.000000e-01	6.478680e-05	1.270574e-05	1.270574e-05
-6.000000e-01	-2.000000e-01	8.721300e-05	1.474169e-05	1.474169e-05
-2.000000e-01	2.000000e-01	5.481960e-05	1.168758e-05	1.168758e-05
2.000000e-01	6.000000e-01	5.731140e-05	1.195025e-05	1.195025e-05
6.000000e-01	1.000000e+00	5.980320e-05	1.220728e-05	1.220728e-05
1.000000e+00	1.400000e+00	6.478680e-05	1.270574e-05	1.270574e-05
1.400000e+00	1.800000e+00	8.970480e-05	1.495080e-05	1.495080e-05
1.800000e+00	2.200000e+00	6.977040e-05	1.318537e-05	1.318537e-05
2.200000e+00	2.600000e+00	4.236060e-05	1.027395e-05	1.027395e-05
2.600000e+00	3.000000e+00	4.236060e-05	1.027395e-05	1.027395e-05
3.000000e+00	3.400000e+00	1.993440e-05	7.047875e-06	7.047875e-06
3.400000e+00	3.800000e+00	2.242620e-05	7.475400e-06	7.475400e-06
3.800000e+00	4.200000e+00	4.983600e-06	3.523938e-06	3.523938e-06
4.200000e+00	4.600000e+00	2.491800e-06	2.491800e-06	2.491800e-06
4.600000e+00	5.000000e+00	2.491800e-06	2.491800e-06	2.491800e-06
# END HISTO1D

