# BEGIN PLOT
Legend=1
LogY=1
Title=Mass of third jet
XLabel=$m(\mathrm{jet~3})$
YLabel=$\mathrm{d}\sigma/\mathrm{d}m(\mathrm{jet~3})$ [pb/GeV]
RemoveOptions=1
DrawOnly=//eos/home-y/youpeng/valid/genValidation/masterVBS_merged.yoda.gz/MC_ZJETS:ENERGY=13000/jet_mass_3 //eos/home-y/youpeng/valid/genValidation/mg352VBS_merged.yoda.gz/MC_ZJETS:ENERGY=13000/jet_mass_3
LegendOnly=//eos/home-y/youpeng/valid/genValidation/masterVBS_merged.yoda.gz/MC_ZJETS:ENERGY=13000/jet_mass_3 //eos/home-y/youpeng/valid/genValidation/mg352VBS_merged.yoda.gz/MC_ZJETS:ENERGY=13000/jet_mass_3
RatioPlot=1
RatioPlotReference=//eos/home-y/youpeng/valid/genValidation/masterVBS_merged.yoda.gz/MC_ZJETS:ENERGY=13000/jet_mass_3
RatioPlotYLabel=Ratio
# END PLOT

# BEGIN HISTO1D //eos/home-y/youpeng/valid/genValidation/masterVBS_merged.yoda.gz/MC_ZJETS:ENERGY=13000/jet_mass_3
ErrorBars=1
LineColor=red
LineStyle=solid
Path=//eos/home-y/youpeng/valid/genValidation/masterVBS_merged.yoda.gz/MC_ZJETS:ENERGY=13000/jet_mass_3
ScaledBy=1.00503000000000010e-06
Title=VBSZZ@NLO(v2918)
# xlow	 xhigh	 val	 errminus	 errplus
1.000000e+00	1.149757e+00	2.013322e-05	1.162392e-05	1.162392e-05
1.149757e+00	1.321941e+00	1.167391e-05	8.254700e-06	8.254700e-06
1.321941e+00	1.519911e+00	4.569010e-05	1.523004e-05	1.523004e-05
1.519911e+00	1.747528e+00	4.415443e-06	4.415443e-06	4.415443e-06
1.747528e+00	2.009233e+00	1.152095e-05	6.651623e-06	6.651623e-06
2.009233e+00	2.310130e+00	1.336045e-05	6.680226e-06	6.680226e-06
2.310130e+00	2.656088e+00	2.614557e-05	8.715191e-06	8.715191e-06
2.656088e+00	3.053856e+00	2.021339e-05	7.146513e-06	7.146513e-06
3.053856e+00	3.511192e+00	3.955634e-05	9.323521e-06	9.323521e-06
3.511192e+00	4.037017e+00	4.396080e-05	9.166461e-06	9.166461e-06
4.037017e+00	4.641589e+00	3.823480e-05	7.972507e-06	7.972507e-06
4.641589e+00	5.336699e+00	1.445857e-05	4.572202e-06	4.572202e-06
5.336699e+00	6.135907e+00	3.521091e-05	6.654236e-06	6.654236e-06
6.135907e+00	7.054802e+00	3.828082e-05	6.470639e-06	6.470639e-06
7.054802e+00	8.111308e+00	3.614853e-05	5.864066e-06	5.864066e-06
8.111308e+00	9.326033e+00	2.564855e-05	4.606615e-06	4.606615e-06
9.326033e+00	1.072267e+01	1.727057e-05	3.525341e-06	3.525341e-06
1.072267e+01	1.232847e+01	1.877625e-05	3.428058e-06	3.428058e-06
1.232847e+01	1.417474e+01	1.306457e-05	2.666794e-06	2.666794e-06
1.417474e+01	1.629751e+01	7.101782e-06	1.833672e-06	1.833672e-06
1.629751e+01	1.873817e+01	4.529648e-06	1.365740e-06	1.365740e-06
1.873817e+01	2.154435e+01	2.865190e-06	1.012998e-06	1.012998e-06
2.154435e+01	2.477076e+01	6.230020e-07	4.405290e-07	4.405290e-07
2.477076e+01	2.848036e+01	0.000000e+00	0.000000e+00	0.000000e+00
2.848036e+01	3.274549e+01	0.000000e+00	0.000000e+00	0.000000e+00
3.274549e+01	3.764936e+01	4.098926e-07	2.898379e-07	2.898379e-07
3.764936e+01	4.328761e+01	0.000000e+00	0.000000e+00	0.000000e+00
4.328761e+01	4.977024e+01	0.000000e+00	0.000000e+00	0.000000e+00
4.977024e+01	5.722368e+01	0.000000e+00	0.000000e+00	0.000000e+00
5.722368e+01	6.579332e+01	0.000000e+00	0.000000e+00	0.000000e+00
6.579332e+01	7.564633e+01	0.000000e+00	0.000000e+00	0.000000e+00
7.564633e+01	8.697490e+01	0.000000e+00	0.000000e+00	0.000000e+00
8.697490e+01	1.000000e+02	0.000000e+00	0.000000e+00	0.000000e+00
# END HISTO1D


# BEGIN HISTO1D //eos/home-y/youpeng/valid/genValidation/mg352VBS_merged.yoda.gz/MC_ZJETS:ENERGY=13000/jet_mass_3
ErrorBars=1
LineColor=blue
LineStyle=solid
Path=//eos/home-y/youpeng/valid/genValidation/mg352VBS_merged.yoda.gz/MC_ZJETS:ENERGY=13000/jet_mass_3
ScaledBy=9.96719999999999835e-07
Title=VBSZZ@NLO(v352)
# xlow	 xhigh	 val	 errminus	 errplus
1.000000e+00	1.149757e+00	1.996675e-05	1.152781e-05	1.152781e-05
1.149757e+00	1.321941e+00	1.736607e-05	1.002631e-05	1.002631e-05
1.321941e+00	1.519911e+00	4.027762e-05	1.424029e-05	1.424029e-05
1.519911e+00	1.747528e+00	2.627361e-05	1.072616e-05	1.072616e-05
1.747528e+00	2.009233e+00	2.285138e-05	9.329037e-06	9.329037e-06
2.009233e+00	2.310130e+00	4.306244e-05	1.194337e-05	1.194337e-05
2.310130e+00	2.656088e+00	2.592939e-05	8.643130e-06	8.643130e-06
2.656088e+00	3.053856e+00	2.756360e-05	8.310740e-06	8.310740e-06
3.053856e+00	3.511192e+00	2.179404e-05	6.891881e-06	6.891881e-06
3.511192e+00	4.037017e+00	4.170178e-05	8.890851e-06	8.890851e-06
4.037017e+00	4.641589e+00	1.978365e-05	5.711048e-06	5.711048e-06
4.641589e+00	5.336699e+00	3.584756e-05	7.169513e-06	7.169513e-06
5.336699e+00	6.135907e+00	3.616691e-05	6.716025e-06	6.716025e-06
6.135907e+00	7.054802e+00	3.362552e-05	6.039321e-06	6.039321e-06
7.054802e+00	8.111308e+00	2.830235e-05	5.167278e-06	5.167278e-06
8.111308e+00	9.326033e+00	3.528285e-05	5.380584e-06	5.380584e-06
9.326033e+00	1.072267e+01	1.712777e-05	3.496192e-06	3.496192e-06
1.072267e+01	1.232847e+01	1.303470e-05	2.844405e-06	2.844405e-06
1.232847e+01	1.417474e+01	8.637697e-06	2.159424e-06	2.159424e-06
1.417474e+01	1.629751e+01	7.043062e-06	1.818511e-06	1.818511e-06
1.629751e+01	1.873817e+01	3.267051e-06	1.155077e-06	1.155077e-06
1.873817e+01	2.154435e+01	2.841500e-06	1.004622e-06	1.004622e-06
2.154435e+01	2.477076e+01	9.267762e-07	5.350745e-07	5.350745e-07
2.477076e+01	2.848036e+01	8.060600e-07	4.653789e-07	4.653789e-07
2.848036e+01	3.274549e+01	0.000000e+00	0.000000e+00	0.000000e+00
3.274549e+01	3.764936e+01	0.000000e+00	0.000000e+00	0.000000e+00
3.764936e+01	4.328761e+01	1.767783e-07	1.767783e-07	1.767783e-07
4.328761e+01	4.977024e+01	1.537524e-07	1.537524e-07	1.537524e-07
4.977024e+01	5.722368e+01	0.000000e+00	0.000000e+00	0.000000e+00
5.722368e+01	6.579332e+01	0.000000e+00	0.000000e+00	0.000000e+00
6.579332e+01	7.564633e+01	0.000000e+00	0.000000e+00	0.000000e+00
7.564633e+01	8.697490e+01	0.000000e+00	0.000000e+00	0.000000e+00
8.697490e+01	1.000000e+02	0.000000e+00	0.000000e+00	0.000000e+00
# END HISTO1D

