# BEGIN PLOT
Legend=1
LogY=1
Title=Pseudorapidity of third jet
XLabel=$\eta(\mathrm{jet~3})$
YLabel=$\mathrm{d}\sigma/\mathrm{d}\eta(\mathrm{jet~3})$ [pb]
LegendYPos=0.5
LegendXPos=0.30
RemoveOptions=1
DrawOnly=//eos/home-y/youpeng/valid/genValidation/masterVBS_merged.yoda.gz/MC_JETS:ENERGY=13600/jet_eta_3 //eos/home-y/youpeng/valid/genValidation/mg352VBS_merged.yoda.gz/MC_JETS:ENERGY=13600/jet_eta_3 //eos/home-y/youpeng/valid/genValidation/mg35xVBS_merged.yoda.gz/MC_JETS:ENERGY=13600/jet_eta_3
LegendOnly=//eos/home-y/youpeng/valid/genValidation/masterVBS_merged.yoda.gz/MC_JETS:ENERGY=13600/jet_eta_3 //eos/home-y/youpeng/valid/genValidation/mg352VBS_merged.yoda.gz/MC_JETS:ENERGY=13600/jet_eta_3 //eos/home-y/youpeng/valid/genValidation/mg35xVBS_merged.yoda.gz/MC_JETS:ENERGY=13600/jet_eta_3
RatioPlot=1
RatioPlotReference=//eos/home-y/youpeng/valid/genValidation/masterVBS_merged.yoda.gz/MC_JETS:ENERGY=13600/jet_eta_3
RatioPlotYLabel=Ratio
# END PLOT

# BEGIN HISTO1D //eos/home-y/youpeng/valid/genValidation/masterVBS_merged.yoda.gz/MC_JETS:ENERGY=13600/jet_eta_3
ErrorBars=1
LineColor=red
LineStyle=solid
Path=//eos/home-y/youpeng/valid/genValidation/masterVBS_merged.yoda.gz/MC_JETS:ENERGY=13600/jet_eta_3
ScaledBy=1.07182617187499956e-09
Title=VBSZZ@LO(v2918)
# xlow	 xhigh	 val	 errminus	 errplus
-5.000000e+00	-4.600000e+00	2.698322e-06	8.503135e-08	8.503135e-08
-4.600000e+00	-4.200000e+00	8.689830e-06	1.525941e-07	1.525941e-07
-4.200000e+00	-3.800000e+00	2.049064e-05	2.343203e-07	2.343203e-07
-3.800000e+00	-3.400000e+00	3.665378e-05	3.133946e-07	3.133946e-07
-3.400000e+00	-3.000000e+00	5.291070e-05	3.765338e-07	3.765338e-07
-3.000000e+00	-2.600000e+00	8.789510e-05	4.853047e-07	4.853047e-07
-2.600000e+00	-2.200000e+00	1.144228e-04	5.537178e-07	5.537178e-07
-2.200000e+00	-1.800000e+00	1.413337e-04	6.153965e-07	6.153965e-07
-1.800000e+00	-1.400000e+00	1.686250e-04	6.721918e-07	6.721918e-07
-1.400000e+00	-1.000000e+00	1.929260e-04	7.189979e-07	7.189979e-07
-1.000000e+00	-6.000000e-01	2.114660e-04	7.527528e-07	7.527528e-07
-6.000000e-01	-2.000000e-01	2.209918e-04	7.695206e-07	7.695206e-07
-2.000000e-01	2.000000e-01	2.249174e-04	7.763252e-07	7.763252e-07
2.000000e-01	6.000000e-01	2.215143e-04	7.704298e-07	7.704298e-07
6.000000e-01	1.000000e+00	2.105629e-04	7.511439e-07	7.511439e-07
1.000000e+00	1.400000e+00	1.918301e-04	7.169528e-07	7.169528e-07
1.400000e+00	1.800000e+00	1.683437e-04	6.716308e-07	6.716308e-07
1.800000e+00	2.200000e+00	1.415695e-04	6.159096e-07	6.159096e-07
2.200000e+00	2.600000e+00	1.138735e-04	5.523871e-07	5.523871e-07
2.600000e+00	3.000000e+00	8.782543e-05	4.851124e-07	4.851124e-07
3.000000e+00	3.400000e+00	5.210415e-05	3.736529e-07	3.736529e-07
3.400000e+00	3.800000e+00	3.634028e-05	3.120515e-07	3.120515e-07
3.800000e+00	4.200000e+00	2.053887e-05	2.345959e-07	2.345959e-07
4.200000e+00	4.600000e+00	8.400438e-06	1.500317e-07	1.500317e-07
4.600000e+00	5.000000e+00	2.671527e-06	8.460810e-08	8.460810e-08
# END HISTO1D


# BEGIN HISTO1D //eos/home-y/youpeng/valid/genValidation/mg352VBS_merged.yoda.gz/MC_JETS:ENERGY=13600/jet_eta_3
ErrorBars=1
LineColor=blue
LineStyle=solid
Path=//eos/home-y/youpeng/valid/genValidation/mg352VBS_merged.yoda.gz/MC_JETS:ENERGY=13600/jet_eta_3
ScaledBy=1.07425781250000051e-09
Title=VBSZZ@LO(v352)
# xlow	 xhigh	 val	 errminus	 errplus
-5.000000e+00	-4.600000e+00	2.642675e-06	8.424536e-08	8.424536e-08
-4.600000e+00	-4.200000e+00	8.709545e-06	1.529403e-07	1.529403e-07
-4.200000e+00	-3.800000e+00	1.980931e-05	2.306529e-07	2.306529e-07
-3.800000e+00	-3.400000e+00	3.615953e-05	3.116274e-07	3.116274e-07
-3.400000e+00	-3.000000e+00	5.249630e-05	3.754815e-07	3.754815e-07
-3.000000e+00	-2.600000e+00	8.718678e-05	4.838932e-07	4.838932e-07
-2.600000e+00	-2.200000e+00	1.143306e-04	5.541221e-07	5.541221e-07
-2.200000e+00	-1.800000e+00	1.408083e-04	6.149481e-07	6.149481e-07
-1.800000e+00	-1.400000e+00	1.686826e-04	6.730688e-07	6.730688e-07
-1.400000e+00	-1.000000e+00	1.934765e-04	7.208392e-07	7.208392e-07
-1.000000e+00	-6.000000e-01	2.107855e-04	7.523928e-07	7.523928e-07
-6.000000e-01	-2.000000e-01	2.239264e-04	7.754912e-07	7.754912e-07
-2.000000e-01	2.000000e-01	2.275896e-04	7.818086e-07	7.818086e-07
2.000000e-01	6.000000e-01	2.225889e-04	7.731718e-07	7.731718e-07
6.000000e-01	1.000000e+00	2.120075e-04	7.545705e-07	7.545705e-07
1.000000e+00	1.400000e+00	1.936914e-04	7.212393e-07	7.212393e-07
1.400000e+00	1.800000e+00	1.689324e-04	6.735670e-07	6.735670e-07
1.800000e+00	2.200000e+00	1.404270e-04	6.141148e-07	6.141148e-07
2.200000e+00	2.600000e+00	1.137585e-04	5.527341e-07	5.527341e-07
2.600000e+00	3.000000e+00	8.748218e-05	4.847124e-07	4.847124e-07
3.000000e+00	3.400000e+00	5.220893e-05	3.744524e-07	3.744524e-07
3.400000e+00	3.800000e+00	3.614073e-05	3.115463e-07	3.115463e-07
3.800000e+00	4.200000e+00	2.013965e-05	2.325681e-07	2.325681e-07
4.200000e+00	4.600000e+00	9.093593e-06	1.562759e-07	1.562759e-07
4.600000e+00	5.000000e+00	2.664160e-06	8.458716e-08	8.458716e-08
# END HISTO1D


# BEGIN HISTO1D //eos/home-y/youpeng/valid/genValidation/mg35xVBS_merged.yoda.gz/MC_JETS:ENERGY=13600/jet_eta_3
ErrorBars=1
LineColor=green
LineStyle=solid
Path=//eos/home-y/youpeng/valid/genValidation/mg35xVBS_merged.yoda.gz/MC_JETS:ENERGY=13600/jet_eta_3
ScaledBy=5.51937791219804204e-10
Title=VBSZZ@LO(v35x)
# xlow	 xhigh	 val	 errminus	 errplus
-5.000000e+00	-4.600000e+00	1.370185e-06	4.348153e-08	4.348153e-08
-4.600000e+00	-4.200000e+00	4.231983e-06	7.641648e-08	7.641648e-08
-4.200000e+00	-3.800000e+00	1.010460e-05	1.180795e-07	1.180795e-07
-3.800000e+00	-3.400000e+00	1.787175e-05	1.570358e-07	1.570358e-07
-3.400000e+00	-3.000000e+00	2.625293e-05	1.903285e-07	1.903285e-07
-3.000000e+00	-2.600000e+00	4.394115e-05	2.462356e-07	2.462356e-07
-2.600000e+00	-2.200000e+00	5.712695e-05	2.807602e-07	2.807602e-07
-2.200000e+00	-1.800000e+00	7.096125e-05	3.129145e-07	3.129145e-07
-1.800000e+00	-1.400000e+00	8.490735e-05	3.422849e-07	3.422849e-07
-1.400000e+00	-1.000000e+00	9.637525e-05	3.646681e-07	3.646681e-07
-1.000000e+00	-6.000000e-01	1.071311e-04	3.844793e-07	3.844793e-07
-6.000000e-01	-2.000000e-01	1.124242e-04	3.938628e-07	3.938628e-07
-2.000000e-01	2.000000e-01	1.144470e-04	3.973904e-07	3.973904e-07
2.000000e-01	6.000000e-01	1.117812e-04	3.927349e-07	3.927349e-07
6.000000e-01	1.000000e+00	1.062259e-04	3.828516e-07	3.828516e-07
1.000000e+00	1.400000e+00	9.777440e-05	3.673056e-07	3.673056e-07
1.400000e+00	1.800000e+00	8.598362e-05	3.444475e-07	3.444475e-07
1.800000e+00	2.200000e+00	7.088812e-05	3.127533e-07	3.127533e-07
2.200000e+00	2.600000e+00	5.743465e-05	2.815153e-07	2.815153e-07
2.600000e+00	3.000000e+00	4.456208e-05	2.479692e-07	2.479692e-07
3.000000e+00	3.400000e+00	2.618255e-05	1.900733e-07	1.900733e-07
3.400000e+00	3.800000e+00	1.837953e-05	1.592510e-07	1.592510e-07
3.800000e+00	4.200000e+00	1.026880e-05	1.190351e-07	1.190351e-07
4.200000e+00	4.600000e+00	4.483115e-06	7.865114e-08	7.865114e-08
4.600000e+00	5.000000e+00	1.327410e-06	4.279743e-08	4.279743e-08
# END HISTO1D

