# BEGIN PLOT
Legend=1
LogY=1
Title=Rapidity of second jet
XLabel=$y(\mathrm{jet~2})$
YLabel=$\mathrm{d}\sigma/\mathrm{d}y(\mathrm{jet~2})$ [pb]
LegendYPos=0.5
LegendXPos=0.3
RemoveOptions=1
DrawOnly=//ospool/cms-user/youpeng/genvalid/genValidation/masterVBS_merged.yoda.gz/MC_JETS:ENERGY=13600/jet_y_2 //ospool/cms-user/youpeng/genvalid/genValidation/mg352VBS_merged.yoda.gz/MC_JETS:ENERGY=13600/jet_y_2 //ospool/cms-user/youpeng/genvalid/genValidation/mg35xVBS_merged.yoda.gz/MC_JETS:ENERGY=13600/jet_y_2
LegendOnly=//ospool/cms-user/youpeng/genvalid/genValidation/masterVBS_merged.yoda.gz/MC_JETS:ENERGY=13600/jet_y_2 //ospool/cms-user/youpeng/genvalid/genValidation/mg352VBS_merged.yoda.gz/MC_JETS:ENERGY=13600/jet_y_2 //ospool/cms-user/youpeng/genvalid/genValidation/mg35xVBS_merged.yoda.gz/MC_JETS:ENERGY=13600/jet_y_2
RatioPlot=1
RatioPlotReference=//ospool/cms-user/youpeng/genvalid/genValidation/masterVBS_merged.yoda.gz/MC_JETS:ENERGY=13600/jet_y_2
RatioPlotYLabel=Ratio
# END PLOT

# BEGIN HISTO1D //ospool/cms-user/youpeng/genvalid/genValidation/masterVBS_merged.yoda.gz/MC_JETS:ENERGY=13600/jet_y_2
ErrorBars=1
LineColor=red
LineStyle=solid
Path=//ospool/cms-user/youpeng/genvalid/genValidation/masterVBS_merged.yoda.gz/MC_JETS:ENERGY=13600/jet_y_2
ScaledBy=1.07182617187499956e-09
Title=VBSZZ@LO(v2918)
# xlow	 xhigh	 val	 errminus	 errplus
-5.000000e+00	-4.800000e+00	5.787860e-07	5.569372e-08	5.569372e-08
-4.800000e+00	-4.600000e+00	1.570225e-06	9.173354e-08	9.173354e-08
-4.600000e+00	-4.400000e+00	3.317302e-06	1.333336e-07	1.333336e-07
-4.400000e+00	-4.200000e+00	6.061175e-06	1.802294e-07	1.802294e-07
-4.200000e+00	-4.000000e+00	1.162395e-05	2.495883e-07	2.495883e-07
-4.000000e+00	-3.800000e+00	1.800668e-05	3.106447e-07	3.106447e-07
-3.800000e+00	-3.600000e+00	2.737980e-05	3.830560e-07	3.830560e-07
-3.600000e+00	-3.400000e+00	3.751391e-05	4.483770e-07	4.483770e-07
-3.400000e+00	-3.200000e+00	4.896102e-05	5.122387e-07	5.122387e-07
-3.200000e+00	-3.000000e+00	6.260535e-05	5.792325e-07	5.792325e-07
-3.000000e+00	-2.800000e+00	8.695725e-05	6.826531e-07	6.826531e-07
-2.800000e+00	-2.600000e+00	1.038761e-04	7.461134e-07	7.461134e-07
-2.600000e+00	-2.400000e+00	1.171827e-04	7.924631e-07	7.924631e-07
-2.400000e+00	-2.200000e+00	1.334638e-04	8.457245e-07	8.457245e-07
-2.200000e+00	-2.000000e+00	1.447233e-04	8.806766e-07	8.806766e-07
-2.000000e+00	-1.800000e+00	1.602648e-04	9.267578e-07	9.267578e-07
-1.800000e+00	-1.600000e+00	1.695308e-04	9.531723e-07	9.531723e-07
-1.600000e+00	-1.400000e+00	1.795255e-04	9.808673e-07	9.808673e-07
-1.400000e+00	-1.200000e+00	1.890702e-04	1.006604e-06	1.006604e-06
-1.200000e+00	-1.000000e+00	1.973447e-04	1.028395e-06	1.028395e-06
-1.000000e+00	-8.000000e-01	2.017552e-04	1.039823e-06	1.039823e-06
-8.000000e-01	-6.000000e-01	2.044990e-04	1.046870e-06	1.046870e-06
-6.000000e-01	-4.000000e-01	2.100726e-04	1.061040e-06	1.061040e-06
-4.000000e-01	-2.000000e-01	2.101530e-04	1.061243e-06	1.061243e-06
-2.000000e-01	0.000000e+00	2.106031e-04	1.062379e-06	1.062379e-06
0.000000e+00	2.000000e-01	2.139740e-04	1.070848e-06	1.070848e-06
2.000000e-01	4.000000e-01	2.105066e-04	1.062136e-06	1.062136e-06
4.000000e-01	6.000000e-01	2.072376e-04	1.053856e-06	1.053856e-06
6.000000e-01	8.000000e-01	2.065891e-04	1.052206e-06	1.052206e-06
8.000000e-01	1.000000e+00	2.017981e-04	1.039934e-06	1.039934e-06
1.000000e+00	1.200000e+00	1.973715e-04	1.028465e-06	1.028465e-06
1.200000e+00	1.400000e+00	1.899651e-04	1.008984e-06	1.008984e-06
1.400000e+00	1.600000e+00	1.811493e-04	9.852934e-07	9.852934e-07
1.600000e+00	1.800000e+00	1.702971e-04	9.553243e-07	9.553243e-07
1.800000e+00	2.000000e+00	1.595735e-04	9.247569e-07	9.247569e-07
2.000000e+00	2.200000e+00	1.473922e-04	8.887598e-07	8.887598e-07
2.200000e+00	2.400000e+00	1.344821e-04	8.489445e-07	8.489445e-07
2.400000e+00	2.600000e+00	1.192674e-04	7.994811e-07	7.994811e-07
2.600000e+00	2.800000e+00	1.029436e-04	7.427570e-07	7.427570e-07
2.800000e+00	3.000000e+00	8.757355e-05	6.850681e-07	6.850681e-07
3.000000e+00	3.200000e+00	6.243925e-05	5.784635e-07	5.784635e-07
3.200000e+00	3.400000e+00	5.027935e-05	5.190893e-07	5.190893e-07
3.400000e+00	3.600000e+00	3.860182e-05	4.548321e-07	4.548321e-07
3.600000e+00	3.800000e+00	2.735301e-05	3.828685e-07	3.828685e-07
3.800000e+00	4.000000e+00	1.855867e-05	3.153702e-07	3.153702e-07
4.000000e+00	4.200000e+00	1.173113e-05	2.507363e-07	2.507363e-07
4.200000e+00	4.400000e+00	6.211235e-06	1.824467e-07	1.824467e-07
4.400000e+00	4.600000e+00	3.258352e-06	1.321436e-07	1.321436e-07
4.600000e+00	4.800000e+00	1.564866e-06	9.157687e-08	9.157687e-08
4.800000e+00	5.000000e+00	6.484550e-07	5.895045e-08	5.895045e-08
# END HISTO1D


# BEGIN HISTO1D //ospool/cms-user/youpeng/genvalid/genValidation/mg352VBS_merged.yoda.gz/MC_JETS:ENERGY=13600/jet_y_2
ErrorBars=1
LineColor=blue
LineStyle=solid
Path=//ospool/cms-user/youpeng/genvalid/genValidation/mg352VBS_merged.yoda.gz/MC_JETS:ENERGY=13600/jet_y_2
ScaledBy=1.07425781250000051e-09
Title=VBSZZ@LO(v352)
# xlow	 xhigh	 val	 errminus	 errplus
-5.000000e+00	-4.800000e+00	6.875250e-07	6.076919e-08	6.076919e-08
-4.800000e+00	-4.600000e+00	1.487847e-06	8.939607e-08	8.939607e-08
-4.600000e+00	-4.400000e+00	3.287229e-06	1.328784e-07	1.328784e-07
-4.400000e+00	-4.200000e+00	6.746340e-06	1.903589e-07	1.903589e-07
-4.200000e+00	-4.000000e+00	1.147844e-05	2.483023e-07	2.483023e-07
-4.000000e+00	-3.800000e+00	1.888008e-05	3.184500e-07	3.184500e-07
-3.800000e+00	-3.600000e+00	2.814556e-05	3.888160e-07	3.888160e-07
-3.600000e+00	-3.400000e+00	3.839934e-05	4.541519e-07	4.541519e-07
-3.400000e+00	-3.200000e+00	4.966831e-05	5.165102e-07	5.165102e-07
-3.200000e+00	-3.000000e+00	6.322545e-05	5.827540e-07	5.827540e-07
-3.000000e+00	-2.800000e+00	8.832550e-05	6.887828e-07	6.887828e-07
-2.800000e+00	-2.600000e+00	1.032631e-04	7.447520e-07	7.447520e-07
-2.600000e+00	-2.400000e+00	1.185390e-04	7.979392e-07	7.979392e-07
-2.400000e+00	-2.200000e+00	1.326118e-04	8.439763e-07	8.439763e-07
-2.200000e+00	-2.000000e+00	1.479682e-04	8.915045e-07	8.915045e-07
-2.000000e+00	-1.800000e+00	1.596508e-04	9.260296e-07	9.260296e-07
-1.800000e+00	-1.600000e+00	1.721284e-04	9.615358e-07	9.615358e-07
-1.600000e+00	-1.400000e+00	1.806687e-04	9.851009e-07	9.851009e-07
-1.400000e+00	-1.200000e+00	1.898590e-04	1.009845e-06	1.009845e-06
-1.200000e+00	-1.000000e+00	1.965033e-04	1.027363e-06	1.027363e-06
-1.000000e+00	-8.000000e-01	2.007358e-04	1.038369e-06	1.038369e-06
-8.000000e-01	-6.000000e-01	2.071491e-04	1.054826e-06	1.054826e-06
-6.000000e-01	-4.000000e-01	2.082342e-04	1.057585e-06	1.057585e-06
-4.000000e-01	-2.000000e-01	2.104578e-04	1.063217e-06	1.063217e-06
-2.000000e-01	0.000000e+00	2.123163e-04	1.067901e-06	1.067901e-06
0.000000e+00	2.000000e-01	2.123431e-04	1.067968e-06	1.067968e-06
2.000000e-01	4.000000e-01	2.121820e-04	1.067563e-06	1.067563e-06
4.000000e-01	6.000000e-01	2.090828e-04	1.059738e-06	1.059738e-06
6.000000e-01	8.000000e-01	2.067516e-04	1.053814e-06	1.053814e-06
8.000000e-01	1.000000e+00	2.014502e-04	1.040215e-06	1.040215e-06
1.000000e+00	1.200000e+00	1.962508e-04	1.026703e-06	1.026703e-06
1.200000e+00	1.400000e+00	1.895850e-04	1.009116e-06	1.009116e-06
1.400000e+00	1.600000e+00	1.802873e-04	9.840606e-07	9.840606e-07
1.600000e+00	1.800000e+00	1.709198e-04	9.581542e-07	9.581542e-07
1.800000e+00	2.000000e+00	1.598711e-04	9.266680e-07	9.266680e-07
2.000000e+00	2.200000e+00	1.484409e-04	8.929273e-07	8.929273e-07
2.200000e+00	2.400000e+00	1.329341e-04	8.450012e-07	8.450012e-07
2.400000e+00	2.600000e+00	1.183671e-04	7.973606e-07	7.973606e-07
2.600000e+00	2.800000e+00	1.033275e-04	7.449844e-07	7.449844e-07
2.800000e+00	3.000000e+00	8.671410e-05	6.824709e-07	6.824709e-07
3.000000e+00	3.200000e+00	6.328455e-05	5.830262e-07	5.830262e-07
3.200000e+00	3.400000e+00	4.951792e-05	5.157276e-07	5.157276e-07
3.400000e+00	3.600000e+00	3.830803e-05	4.536116e-07	4.536116e-07
3.600000e+00	3.800000e+00	2.792533e-05	3.872919e-07	3.872919e-07
3.800000e+00	4.000000e+00	1.852020e-05	3.154003e-07	3.154003e-07
4.000000e+00	4.200000e+00	1.158587e-05	2.494615e-07	2.494615e-07
4.200000e+00	4.400000e+00	6.397205e-06	1.853679e-07	1.853679e-07
4.400000e+00	4.600000e+00	3.276487e-06	1.326611e-07	1.326611e-07
4.600000e+00	4.800000e+00	1.487847e-06	8.939607e-08	8.939607e-08
4.800000e+00	5.000000e+00	5.371290e-07	5.371289e-08	5.371289e-08
# END HISTO1D


# BEGIN HISTO1D //ospool/cms-user/youpeng/genvalid/genValidation/mg35xVBS_merged.yoda.gz/MC_JETS:ENERGY=13600/jet_y_2
ErrorBars=1
LineColor=green
LineStyle=solid
Path=//ospool/cms-user/youpeng/genvalid/genValidation/mg35xVBS_merged.yoda.gz/MC_JETS:ENERGY=13600/jet_y_2
ScaledBy=5.51937791219804204e-10
Title=VBSZZ@LO(v35x)
# xlow	 xhigh	 val	 errminus	 errplus
-5.000000e+00	-4.800000e+00	3.559999e-07	3.134404e-08	3.134404e-08
-4.800000e+00	-4.600000e+00	6.761240e-07	4.319596e-08	4.319596e-08
-4.600000e+00	-4.400000e+00	1.589581e-06	6.623253e-08	6.623253e-08
-4.400000e+00	-4.200000e+00	3.226076e-06	9.435554e-08	9.435554e-08
-4.200000e+00	-4.000000e+00	5.679440e-06	1.251938e-07	1.251938e-07
-4.000000e+00	-3.800000e+00	9.512650e-06	1.620245e-07	1.620245e-07
-3.800000e+00	-3.600000e+00	1.419584e-05	1.979295e-07	1.979295e-07
-3.600000e+00	-3.400000e+00	1.943649e-05	2.316002e-07	2.316002e-07
-3.400000e+00	-3.200000e+00	2.529255e-05	2.641961e-07	2.641961e-07
-3.200000e+00	-3.000000e+00	3.195444e-05	2.969584e-07	2.969584e-07
-3.000000e+00	-2.800000e+00	4.439787e-05	3.500347e-07	3.500347e-07
-2.800000e+00	-2.600000e+00	5.201460e-05	3.788722e-07	3.788722e-07
-2.600000e+00	-2.400000e+00	6.044545e-05	4.084247e-07	4.084247e-07
-2.400000e+00	-2.200000e+00	6.712665e-05	4.304053e-07	4.304053e-07
-2.200000e+00	-2.000000e+00	7.391550e-05	4.516457e-07	4.516457e-07
-2.000000e+00	-1.800000e+00	7.969430e-05	4.689685e-07	4.689685e-07
-1.800000e+00	-1.600000e+00	8.661835e-05	4.889169e-07	4.889169e-07
-1.600000e+00	-1.400000e+00	9.037430e-05	4.994046e-07	4.994046e-07
-1.400000e+00	-1.200000e+00	9.577500e-05	5.141102e-07	5.141102e-07
-1.200000e+00	-1.000000e+00	9.861195e-05	5.216687e-07	5.216687e-07
-1.000000e+00	-8.000000e-01	1.022934e-04	5.313172e-07	5.313172e-07
-8.000000e-01	-6.000000e-01	1.035435e-04	5.345540e-07	5.345540e-07
-6.000000e-01	-4.000000e-01	1.055443e-04	5.396939e-07	5.396939e-07
-4.000000e-01	-2.000000e-01	1.062176e-04	5.414127e-07	5.414127e-07
-2.000000e-01	0.000000e+00	1.064964e-04	5.421227e-07	5.421227e-07
0.000000e+00	2.000000e-01	1.068027e-04	5.429017e-07	5.429017e-07
2.000000e-01	4.000000e-01	1.064936e-04	5.421155e-07	5.421155e-07
4.000000e-01	6.000000e-01	1.050752e-04	5.384930e-07	5.384930e-07
6.000000e-01	8.000000e-01	1.041451e-04	5.361047e-07	5.361047e-07
8.000000e-01	1.000000e+00	1.005162e-04	5.266814e-07	5.266814e-07
1.000000e+00	1.200000e+00	9.902040e-05	5.227480e-07	5.227480e-07
1.200000e+00	1.400000e+00	9.494985e-05	5.118906e-07	5.118906e-07
1.400000e+00	1.600000e+00	9.182865e-05	5.034069e-07	5.034069e-07
1.600000e+00	1.800000e+00	8.654385e-05	4.887066e-07	4.887066e-07
1.800000e+00	2.000000e+00	8.117350e-05	4.733007e-07	4.733007e-07
2.000000e+00	2.200000e+00	7.383270e-05	4.513927e-07	4.513927e-07
2.200000e+00	2.400000e+00	6.777245e-05	4.324706e-07	4.324706e-07
2.400000e+00	2.600000e+00	6.009775e-05	4.072482e-07	4.072482e-07
2.600000e+00	2.800000e+00	5.164480e-05	3.775230e-07	3.775230e-07
2.800000e+00	3.000000e+00	4.419918e-05	3.492506e-07	3.492506e-07
3.000000e+00	3.200000e+00	3.114861e-05	2.931902e-07	2.931902e-07
3.200000e+00	3.400000e+00	2.474061e-05	2.612975e-07	2.612975e-07
3.400000e+00	3.600000e+00	1.940613e-05	2.314193e-07	2.314193e-07
3.600000e+00	3.800000e+00	1.367702e-05	1.942790e-07	1.942790e-07
3.800000e+00	4.000000e+00	9.509890e-06	1.620010e-07	1.620010e-07
4.000000e+00	4.200000e+00	5.817425e-06	1.267055e-07	1.267055e-07
4.200000e+00	4.400000e+00	3.203999e-06	9.403212e-08	9.403212e-08
4.400000e+00	4.600000e+00	1.628217e-06	6.703260e-08	6.703260e-08
4.600000e+00	4.800000e+00	7.423565e-07	4.526226e-08	4.526226e-08
4.800000e+00	5.000000e+00	2.483720e-07	2.618071e-08	2.618071e-08
# END HISTO1D

