# BEGIN PLOT
Legend=1
LogY=1
Title=Mass of second jet
XLabel=$m(\mathrm{jet~2})$ [GeV]
YLabel=$\mathrm{d}\sigma/\mathrm{d}m(\mathrm{jet~2})$ [pb/GeV]
RemoveOptions=1
DrawOnly=//eos/home-y/youpeng/valid/genValidation/masterVBS_merged.yoda.gz/MC_JETS:ENERGY=13600/jet_mass_2 //eos/home-y/youpeng/valid/genValidation/mg352VBS_merged.yoda.gz/MC_JETS:ENERGY=13600/jet_mass_2 //eos/home-y/youpeng/valid/genValidation/mg35xVBS_merged.yoda.gz/MC_JETS:ENERGY=13600/jet_mass_2
LegendOnly=//eos/home-y/youpeng/valid/genValidation/masterVBS_merged.yoda.gz/MC_JETS:ENERGY=13600/jet_mass_2 //eos/home-y/youpeng/valid/genValidation/mg352VBS_merged.yoda.gz/MC_JETS:ENERGY=13600/jet_mass_2 //eos/home-y/youpeng/valid/genValidation/mg35xVBS_merged.yoda.gz/MC_JETS:ENERGY=13600/jet_mass_2
RatioPlot=1
RatioPlotReference=//eos/home-y/youpeng/valid/genValidation/masterVBS_merged.yoda.gz/MC_JETS:ENERGY=13600/jet_mass_2
RatioPlotYLabel=Ratio
# END PLOT

# BEGIN HISTO1D //eos/home-y/youpeng/valid/genValidation/masterVBS_merged.yoda.gz/MC_JETS:ENERGY=13600/jet_mass_2
ErrorBars=1
LineColor=red
LineStyle=solid
Path=//eos/home-y/youpeng/valid/genValidation/masterVBS_merged.yoda.gz/MC_JETS:ENERGY=13600/jet_mass_2
ScaledBy=1.07182617187499956e-09
Title=VBSZZ@LO(v2918)
# xlow	 xhigh	 val	 errminus	 errplus
1.000000e+00	1.096478e+00	4.506029e-05	7.075303e-07	7.075303e-07
1.096478e+00	1.202264e+00	4.719496e-05	6.915059e-07	6.915059e-07
1.202264e+00	1.318257e+00	4.712623e-05	6.598993e-07	6.598993e-07
1.318257e+00	1.445440e+00	4.432830e-05	6.112068e-07	6.112068e-07
1.445440e+00	1.584893e+00	3.979775e-05	5.530667e-07	5.530667e-07
1.584893e+00	1.737801e+00	3.335175e-05	4.835110e-07	4.835110e-07
1.737801e+00	1.905461e+00	3.025738e-05	4.398080e-07	4.398080e-07
1.905461e+00	2.089296e+00	3.122746e-05	4.266939e-07	4.266939e-07
2.089296e+00	2.290868e+00	3.422238e-05	4.265817e-07	4.265817e-07
2.290868e+00	2.511886e+00	3.746722e-05	4.262595e-07	4.262595e-07
2.511886e+00	2.754229e+00	4.239664e-05	4.330247e-07	4.330247e-07
2.754229e+00	3.019952e+00	4.618900e-05	4.316353e-07	4.316353e-07
3.019952e+00	3.311311e+00	4.931682e-05	4.259371e-07	4.259371e-07
3.311311e+00	3.630781e+00	5.216374e-05	4.183421e-07	4.183421e-07
3.630781e+00	3.981072e+00	5.159767e-05	3.973405e-07	3.973405e-07
3.981072e+00	4.365158e+00	5.205845e-05	3.811479e-07	3.811479e-07
4.365158e+00	4.786301e+00	5.142002e-05	3.617541e-07	3.617541e-07
4.786301e+00	5.248075e+00	5.152159e-05	3.458136e-07	3.458136e-07
5.248075e+00	5.754399e+00	5.198630e-05	3.317358e-07	3.317358e-07
5.754399e+00	6.309573e+00	5.309571e-05	3.201676e-07	3.201676e-07
6.309573e+00	6.918310e+00	5.457406e-05	3.099849e-07	3.099849e-07
6.918310e+00	7.585776e+00	5.624845e-05	3.005404e-07	3.005404e-07
7.585776e+00	8.317638e+00	5.734912e-05	2.898084e-07	2.898084e-07
8.317638e+00	9.120108e+00	5.806643e-05	2.784905e-07	2.784905e-07
9.120108e+00	1.000000e+01	5.757632e-05	2.648314e-07	2.648314e-07
1.000000e+01	1.096478e+01	5.577544e-05	2.489256e-07	2.489256e-07
1.096478e+01	1.202264e+01	5.237344e-05	2.303582e-07	2.303582e-07
1.202264e+01	1.318257e+01	4.794032e-05	2.104732e-07	2.104732e-07
1.318257e+01	1.445440e+01	4.246331e-05	1.891710e-07	1.891710e-07
1.445440e+01	1.584893e+01	3.665267e-05	1.678422e-07	1.678422e-07
1.584893e+01	1.737801e+01	3.037406e-05	1.459145e-07	1.459145e-07
1.737801e+01	1.905461e+01	2.450446e-05	1.251613e-07	1.251613e-07
1.905461e+01	2.089296e+01	1.922040e-05	1.058594e-07	1.058594e-07
2.089296e+01	2.290868e+01	1.476039e-05	8.859231e-08	8.859231e-08
2.290868e+01	2.511886e+01	1.102727e-05	7.312778e-08	7.312778e-08
2.511886e+01	2.754229e+01	8.182114e-06	6.015611e-08	6.015611e-08
2.754229e+01	3.019952e+01	5.983475e-06	4.912747e-08	4.912747e-08
3.019952e+01	3.311311e+01	4.211759e-06	3.936223e-08	3.936223e-08
3.311311e+01	3.630781e+01	3.002401e-06	3.173814e-08	3.173814e-08
3.630781e+01	3.981072e+01	2.129938e-06	2.552885e-08	2.552885e-08
3.981072e+01	4.365158e+01	1.521429e-06	2.060506e-08	2.060506e-08
4.365158e+01	4.786301e+01	1.060773e-06	1.643080e-08	1.643080e-08
4.786301e+01	5.248075e+01	7.367188e-07	1.307671e-08	1.307671e-08
5.248075e+01	5.754399e+01	5.355701e-07	1.064771e-08	1.064771e-08
5.754399e+01	6.309573e+01	3.841920e-07	8.612353e-09	8.612353e-09
6.309573e+01	6.918310e+01	2.720339e-07	6.920842e-09	6.920842e-09
6.918310e+01	7.585776e+01	1.891648e-07	5.511476e-09	5.511476e-09
7.585776e+01	8.317638e+01	1.309280e-07	4.378888e-09	4.378888e-09
8.317638e+01	9.120108e+01	1.688272e-07	4.748639e-09	4.748639e-09
9.120108e+01	1.000000e+02	2.565390e-07	5.590160e-09	5.590160e-09
# END HISTO1D


# BEGIN HISTO1D //eos/home-y/youpeng/valid/genValidation/mg352VBS_merged.yoda.gz/MC_JETS:ENERGY=13600/jet_mass_2
ErrorBars=1
LineColor=blue
LineStyle=solid
Path=//eos/home-y/youpeng/valid/genValidation/mg352VBS_merged.yoda.gz/MC_JETS:ENERGY=13600/jet_mass_2
ScaledBy=1.07425781250000051e-09
Title=VBSZZ@LO(v352)
# xlow	 xhigh	 val	 errminus	 errplus
1.000000e+00	1.096478e+00	4.550770e-05	7.118403e-07	7.118403e-07
1.096478e+00	1.202264e+00	4.748483e-05	6.944126e-07	6.944126e-07
1.202264e+00	1.318257e+00	4.842787e-05	6.697089e-07	6.697089e-07
1.318257e+00	1.445440e+00	4.295916e-05	6.023760e-07	6.023760e-07
1.445440e+00	1.584893e+00	3.837818e-05	5.437290e-07	5.437290e-07
1.584893e+00	1.737801e+00	3.263353e-05	4.788188e-07	4.788188e-07
1.737801e+00	1.905461e+00	3.061436e-05	4.428964e-07	4.428964e-07
1.905461e+00	2.089296e+00	3.133922e-05	4.279413e-07	4.279413e-07
2.089296e+00	2.290868e+00	3.355390e-05	4.228737e-07	4.228737e-07
2.290868e+00	2.511886e+00	3.802369e-05	4.299001e-07	4.299001e-07
2.511886e+00	2.754229e+00	4.274990e-05	4.353179e-07	4.353179e-07
2.754229e+00	3.019952e+00	4.679508e-05	4.349506e-07	4.349506e-07
3.019952e+00	3.311311e+00	4.964257e-05	4.278260e-07	4.278260e-07
3.311311e+00	3.630781e+00	5.251748e-05	4.202340e-07	4.202340e-07
3.630781e+00	3.981072e+00	5.314079e-05	4.036954e-07	4.036954e-07
3.981072e+00	4.365158e+00	5.214577e-05	3.818999e-07	3.818999e-07
4.365158e+00	4.786301e+00	5.112598e-05	3.611273e-07	3.611273e-07
4.786301e+00	5.248075e+00	5.131510e-05	3.455112e-07	3.455112e-07
5.248075e+00	5.754399e+00	5.159927e-05	3.308734e-07	3.308734e-07
5.754399e+00	6.309573e+00	5.350643e-05	3.217679e-07	3.217679e-07
6.309573e+00	6.918310e+00	5.481612e-05	3.110238e-07	3.110238e-07
6.918310e+00	7.585776e+00	5.614912e-05	3.006154e-07	3.006154e-07
7.585776e+00	8.317638e+00	5.785939e-05	2.914249e-07	2.914249e-07
8.317638e+00	9.120108e+00	5.876845e-05	2.804865e-07	2.804865e-07
9.120108e+00	1.000000e+01	5.694998e-05	2.636856e-07	2.636856e-07
1.000000e+01	1.096478e+01	5.564923e-05	2.489257e-07	2.489257e-07
1.096478e+01	1.202264e+01	5.223635e-05	2.303173e-07	2.303173e-07
1.202264e+01	1.318257e+01	4.844824e-05	2.118251e-07	2.118251e-07
1.318257e+01	1.445440e+01	4.250559e-05	1.894797e-07	1.894797e-07
1.445440e+01	1.584893e+01	3.680900e-05	1.683904e-07	1.683904e-07
1.584893e+01	1.737801e+01	3.058629e-05	1.465894e-07	1.465894e-07
1.737801e+01	1.905461e+01	2.431657e-05	1.248219e-07	1.248219e-07
1.905461e+01	2.089296e+01	1.920907e-05	1.059482e-07	1.059482e-07
2.089296e+01	2.290868e+01	1.471288e-05	8.854987e-08	8.854987e-08
2.290868e+01	2.511886e+01	1.093515e-05	7.290424e-08	7.290424e-08
2.511886e+01	2.754229e+01	8.128867e-06	6.002802e-08	6.002802e-08
2.754229e+01	3.019952e+01	5.900024e-06	4.883897e-08	4.883897e-08
3.019952e+01	3.311311e+01	4.253021e-06	3.959942e-08	3.959942e-08
3.311311e+01	3.630781e+01	3.022327e-06	3.187939e-08	3.187939e-08
3.630781e+01	3.981072e+01	2.174638e-06	2.582458e-08	2.582458e-08
3.981072e+01	4.365158e+01	1.534390e-06	2.071610e-08	2.071610e-08
4.365158e+01	4.786301e+01	1.066751e-06	1.649571e-08	1.649571e-08
4.786301e+01	5.248075e+01	7.709594e-07	1.339230e-08	1.339230e-08
5.248075e+01	5.754399e+01	5.476057e-07	1.077889e-08	1.077889e-08
5.754399e+01	6.309573e+01	3.819676e-07	8.597120e-09	8.597120e-09
6.309573e+01	6.918310e+01	2.664745e-07	6.857523e-09	6.857523e-09
6.918310e+01	7.585776e+01	1.857314e-07	5.467417e-09	5.467417e-09
7.585776e+01	8.317638e+01	1.209502e-07	4.213499e-09	4.213499e-09
8.317638e+01	9.120108e+01	1.796521e-07	4.904062e-09	4.904062e-09
9.120108e+01	1.000000e+02	2.622488e-07	5.658434e-09	5.658434e-09
# END HISTO1D


# BEGIN HISTO1D //eos/home-y/youpeng/valid/genValidation/mg35xVBS_merged.yoda.gz/MC_JETS:ENERGY=13600/jet_mass_2
ErrorBars=1
LineColor=green
LineStyle=solid
Path=//eos/home-y/youpeng/valid/genValidation/mg35xVBS_merged.yoda.gz/MC_JETS:ENERGY=13600/jet_mass_2
ScaledBy=5.51937791219804204e-10
Title=VBSZZ@LO(v35x)
# xlow	 xhigh	 val	 errminus	 errplus
1.000000e+00	1.096478e+00	2.216264e-05	3.560751e-07	3.560751e-07
1.096478e+00	1.202264e+00	2.413091e-05	3.548279e-07	3.548279e-07
1.202264e+00	1.318257e+00	2.389655e-05	3.372071e-07	3.372071e-07
1.318257e+00	1.445440e+00	2.202404e-05	3.091570e-07	3.091570e-07
1.445440e+00	1.584893e+00	2.002290e-05	2.815105e-07	2.815105e-07
1.584893e+00	1.737801e+00	1.654283e-05	2.443627e-07	2.443627e-07
1.737801e+00	1.905461e+00	1.503130e-05	2.224481e-07	2.224481e-07
1.905461e+00	2.089296e+00	1.617969e-05	2.204023e-07	2.204023e-07
2.089296e+00	2.290868e+00	1.717926e-05	2.168863e-07	2.168863e-07
2.290868e+00	2.511886e+00	1.880182e-05	2.166861e-07	2.166861e-07
2.511886e+00	2.754229e+00	2.145639e-05	2.210590e-07	2.210590e-07
2.754229e+00	3.019952e+00	2.361267e-05	2.214639e-07	2.214639e-07
3.019952e+00	3.311311e+00	2.537112e-05	2.192303e-07	2.192303e-07
3.311311e+00	3.630781e+00	2.604458e-05	2.121235e-07	2.121235e-07
3.630781e+00	3.981072e+00	2.644422e-05	2.041249e-07	2.041249e-07
3.981072e+00	4.365158e+00	2.595682e-05	1.931331e-07	1.931331e-07
4.365158e+00	4.786301e+00	2.648271e-05	1.862994e-07	1.862994e-07
4.786301e+00	5.248075e+00	2.577806e-05	1.755317e-07	1.755317e-07
5.248075e+00	5.754399e+00	2.625040e-05	1.691605e-07	1.691605e-07
5.754399e+00	6.309573e+00	2.674817e-05	1.630713e-07	1.630713e-07
6.309573e+00	6.918310e+00	2.727061e-05	1.572453e-07	1.572453e-07
6.918310e+00	7.585776e+00	2.828712e-05	1.529414e-07	1.529414e-07
7.585776e+00	8.317638e+00	2.907194e-05	1.480702e-07	1.480702e-07
8.317638e+00	9.120108e+00	2.933255e-05	1.420383e-07	1.420383e-07
9.120108e+00	1.000000e+01	2.897966e-05	1.348271e-07	1.348271e-07
1.000000e+01	1.096478e+01	2.824563e-05	1.271179e-07	1.271179e-07
1.096478e+01	1.202264e+01	2.635826e-05	1.172706e-07	1.172706e-07
1.202264e+01	1.318257e+01	2.415730e-05	1.072145e-07	1.072145e-07
1.318257e+01	1.445440e+01	2.161785e-05	9.685827e-08	9.685827e-08
1.445440e+01	1.584893e+01	1.833763e-05	8.519277e-08	8.519277e-08
1.584893e+01	1.737801e+01	1.512389e-05	7.388594e-08	7.388594e-08
1.737801e+01	1.905461e+01	1.242700e-05	6.396073e-08	6.396073e-08
1.905461e+01	2.089296e+01	9.668181e-06	5.387699e-08	5.387699e-08
2.089296e+01	2.290868e+01	7.404005e-06	4.502599e-08	4.502599e-08
2.290868e+01	2.511886e+01	5.538155e-06	3.718895e-08	3.718895e-08
2.511886e+01	2.754229e+01	4.111811e-06	3.060176e-08	3.060176e-08
2.754229e+01	3.019952e+01	2.937043e-06	2.469936e-08	2.469936e-08
3.019952e+01	3.311311e+01	2.167333e-06	2.026253e-08	2.026253e-08
3.311311e+01	3.630781e+01	1.520520e-06	1.620787e-08	1.620787e-08
3.630781e+01	3.981072e+01	1.075700e-06	1.301895e-08	1.301895e-08
3.981072e+01	4.365158e+01	7.853293e-07	1.062323e-08	1.062323e-08
4.365158e+01	4.786301e+01	5.534541e-07	8.516695e-09	8.516695e-09
4.786301e+01	5.248075e+01	3.897727e-07	6.825525e-09	6.825525e-09
5.248075e+01	5.754399e+01	2.635834e-07	5.360308e-09	5.360308e-09
5.754399e+01	6.309573e+01	1.954540e-07	4.408113e-09	4.408113e-09
6.309573e+01	6.918310e+01	1.417162e-07	3.584594e-09	3.584594e-09
6.918310e+01	7.585776e+01	9.443372e-08	2.794435e-09	2.794435e-09
7.585776e+01	8.317638e+01	6.666735e-08	2.242266e-09	2.242266e-09
8.317638e+01	9.120108e+01	8.631873e-08	2.436594e-09	2.436594e-09
9.120108e+01	1.000000e+02	1.255812e-07	2.806679e-09	2.806679e-09
# END HISTO1D

