# BEGIN PLOT
Legend=1
LogY=1
Title=Rapidity of first jet
XLabel=$y(\mathrm{jet~1})$
YLabel=$\mathrm{d}\sigma/\mathrm{d}y(\mathrm{jet~1})$ [pb]
LegendYPos=0.5
LegendXPos=0.3
RemoveOptions=1
DrawOnly=//eos/home-y/youpeng/valid/genValidation/masterVBS_merged.yoda.gz/MC_JETS:ENERGY=13600/jet_y_1 //eos/home-y/youpeng/valid/genValidation/mg352VBS_merged.yoda.gz/MC_JETS:ENERGY=13600/jet_y_1 //eos/home-y/youpeng/valid/genValidation/mg35xVBS_merged.yoda.gz/MC_JETS:ENERGY=13600/jet_y_1
LegendOnly=//eos/home-y/youpeng/valid/genValidation/masterVBS_merged.yoda.gz/MC_JETS:ENERGY=13600/jet_y_1 //eos/home-y/youpeng/valid/genValidation/mg352VBS_merged.yoda.gz/MC_JETS:ENERGY=13600/jet_y_1 //eos/home-y/youpeng/valid/genValidation/mg35xVBS_merged.yoda.gz/MC_JETS:ENERGY=13600/jet_y_1
RatioPlot=1
RatioPlotReference=//eos/home-y/youpeng/valid/genValidation/masterVBS_merged.yoda.gz/MC_JETS:ENERGY=13600/jet_y_1
RatioPlotYLabel=Ratio
# END PLOT

# BEGIN HISTO1D //eos/home-y/youpeng/valid/genValidation/masterVBS_merged.yoda.gz/MC_JETS:ENERGY=13600/jet_y_1
ErrorBars=1
LineColor=red
LineStyle=solid
Path=//eos/home-y/youpeng/valid/genValidation/masterVBS_merged.yoda.gz/MC_JETS:ENERGY=13600/jet_y_1
ScaledBy=1.07182617187499956e-09
Title=VBSZZ@LO(v2918)
# xlow	 xhigh	 val	 errminus	 errplus
-5.000000e+00	-4.800000e+00	1.125417e-07	2.455862e-08	2.455862e-08
-4.800000e+00	-4.600000e+00	4.983991e-07	5.168160e-08	5.168160e-08
-4.600000e+00	-4.400000e+00	1.366579e-06	8.557846e-08	8.557846e-08
-4.400000e+00	-4.200000e+00	3.226197e-06	1.314900e-07	1.314900e-07
-4.200000e+00	-4.000000e+00	6.709630e-06	1.896254e-07	1.896254e-07
-4.000000e+00	-3.800000e+00	1.271186e-05	2.610068e-07	2.610068e-07
-3.800000e+00	-3.600000e+00	2.068625e-05	3.329569e-07	3.329569e-07
-3.600000e+00	-3.400000e+00	3.270677e-05	4.186644e-07	4.186644e-07
-3.400000e+00	-3.200000e+00	4.723002e-05	5.031021e-07	5.031021e-07
-3.200000e+00	-3.000000e+00	6.444355e-05	5.876747e-07	5.876747e-07
-3.000000e+00	-2.800000e+00	9.037100e-05	6.959240e-07	6.959240e-07
-2.800000e+00	-2.600000e+00	1.113360e-04	7.724403e-07	7.724403e-07
-2.600000e+00	-2.400000e+00	1.305109e-04	8.363163e-07	8.363163e-07
-2.400000e+00	-2.200000e+00	1.484694e-04	8.920015e-07	8.920015e-07
-2.200000e+00	-2.000000e+00	1.651470e-04	9.407679e-07	9.407679e-07
-2.000000e+00	-1.800000e+00	1.741611e-04	9.661013e-07	9.661013e-07
-1.800000e+00	-1.600000e+00	1.842201e-04	9.936095e-07	9.936095e-07
-1.600000e+00	-1.400000e+00	1.923285e-04	1.015241e-06	1.015241e-06
-1.400000e+00	-1.200000e+00	1.919962e-04	1.014363e-06	1.014363e-06
-1.200000e+00	-1.000000e+00	1.941828e-04	1.020123e-06	1.020123e-06
-1.000000e+00	-8.000000e-01	1.958655e-04	1.024534e-06	1.024534e-06
-8.000000e-01	-6.000000e-01	1.947615e-04	1.021642e-06	1.021642e-06
-6.000000e-01	-4.000000e-01	1.942953e-04	1.020419e-06	1.020419e-06
-4.000000e-01	-2.000000e-01	1.956243e-04	1.023903e-06	1.023903e-06
-2.000000e-01	0.000000e+00	1.953564e-04	1.023201e-06	1.023201e-06
0.000000e+00	2.000000e-01	1.942578e-04	1.020320e-06	1.020320e-06
2.000000e-01	4.000000e-01	1.940648e-04	1.019813e-06	1.019813e-06
4.000000e-01	6.000000e-01	1.953296e-04	1.023131e-06	1.023131e-06
6.000000e-01	8.000000e-01	1.969588e-04	1.027389e-06	1.027389e-06
8.000000e-01	1.000000e+00	1.939791e-04	1.019588e-06	1.019588e-06
1.000000e+00	1.200000e+00	1.949063e-04	1.022022e-06	1.022022e-06
1.200000e+00	1.400000e+00	1.911924e-04	1.012237e-06	1.012237e-06
1.400000e+00	1.600000e+00	1.882984e-04	1.004548e-06	1.004548e-06
1.600000e+00	1.800000e+00	1.818514e-04	9.872008e-07	9.872008e-07
1.800000e+00	2.000000e+00	1.755169e-04	9.698546e-07	9.698546e-07
2.000000e+00	2.200000e+00	1.617493e-04	9.310400e-07	9.310400e-07
2.200000e+00	2.400000e+00	1.481103e-04	8.909223e-07	8.909223e-07
2.400000e+00	2.600000e+00	1.310629e-04	8.380831e-07	8.380831e-07
2.600000e+00	2.800000e+00	1.121184e-04	7.751497e-07	7.751497e-07
2.800000e+00	3.000000e+00	9.056395e-05	6.966663e-07	6.966663e-07
3.000000e+00	3.200000e+00	6.395050e-05	5.854223e-07	5.854223e-07
3.200000e+00	3.400000e+00	4.801781e-05	5.072807e-07	5.072807e-07
3.400000e+00	3.600000e+00	3.281931e-05	4.193841e-07	4.193841e-07
3.600000e+00	3.800000e+00	2.054691e-05	3.318337e-07	3.318337e-07
3.800000e+00	4.000000e+00	1.236887e-05	2.574615e-07	2.574615e-07
4.000000e+00	4.200000e+00	6.527420e-06	1.870329e-07	1.870329e-07
4.200000e+00	4.400000e+00	3.183323e-06	1.306134e-07	1.306134e-07
4.400000e+00	4.600000e+00	1.436247e-06	8.773275e-08	8.773275e-08
4.600000e+00	4.800000e+00	4.233713e-07	4.763300e-08	4.763300e-08
4.800000e+00	5.000000e+00	1.714922e-07	3.031582e-08	3.031582e-08
# END HISTO1D


# BEGIN HISTO1D //eos/home-y/youpeng/valid/genValidation/mg352VBS_merged.yoda.gz/MC_JETS:ENERGY=13600/jet_y_1
ErrorBars=1
LineColor=blue
LineStyle=solid
Path=//eos/home-y/youpeng/valid/genValidation/mg352VBS_merged.yoda.gz/MC_JETS:ENERGY=13600/jet_y_1
ScaledBy=1.07425781250000051e-09
Title=VBSZZ@LO(v352)
# xlow	 xhigh	 val	 errminus	 errplus
-5.000000e+00	-4.800000e+00	2.094802e-07	3.354369e-08	3.354369e-08
-4.800000e+00	-4.600000e+00	5.425000e-07	5.398078e-08	5.398078e-08
-4.600000e+00	-4.400000e+00	1.375050e-06	8.594062e-08	8.594062e-08
-4.400000e+00	-4.200000e+00	3.297971e-06	1.330953e-07	1.330953e-07
-4.200000e+00	-4.000000e+00	7.186785e-06	1.964747e-07	1.964747e-07
-4.000000e+00	-3.800000e+00	1.364844e-05	2.707577e-07	2.707577e-07
-3.800000e+00	-3.600000e+00	2.247885e-05	3.474772e-07	3.474772e-07
-3.600000e+00	-3.400000e+00	3.629917e-05	4.415579e-07	4.415579e-07
-3.400000e+00	-3.200000e+00	5.134950e-05	5.251793e-07	5.251793e-07
-3.200000e+00	-3.000000e+00	6.729690e-05	6.012246e-07	6.012246e-07
-3.000000e+00	-2.800000e+00	9.214445e-05	7.035158e-07	7.035158e-07
-2.800000e+00	-2.600000e+00	1.151551e-04	7.864676e-07	7.864676e-07
-2.600000e+00	-2.400000e+00	1.340727e-04	8.486127e-07	8.486127e-07
-2.400000e+00	-2.200000e+00	1.523835e-04	9.047075e-07	9.047075e-07
-2.200000e+00	-2.000000e+00	1.654410e-04	9.426727e-07	9.426727e-07
-2.000000e+00	-1.800000e+00	1.742984e-04	9.675778e-07	9.675778e-07
-1.800000e+00	-1.600000e+00	1.829461e-04	9.912903e-07	9.912903e-07
-1.600000e+00	-1.400000e+00	1.893218e-04	1.008416e-06	1.008416e-06
-1.400000e+00	-1.200000e+00	1.934309e-04	1.019300e-06	1.019300e-06
-1.200000e+00	-1.000000e+00	1.936135e-04	1.019781e-06	1.019781e-06
-1.000000e+00	-8.000000e-01	1.947845e-04	1.022860e-06	1.022860e-06
-8.000000e-01	-6.000000e-01	1.945373e-04	1.022211e-06	1.022211e-06
-6.000000e-01	-4.000000e-01	1.926789e-04	1.017317e-06	1.017317e-06
-4.000000e-01	-2.000000e-01	1.908043e-04	1.012356e-06	1.012356e-06
-2.000000e-01	0.000000e+00	1.917496e-04	1.014861e-06	1.014861e-06
0.000000e+00	2.000000e-01	1.929528e-04	1.018040e-06	1.018040e-06
2.000000e-01	4.000000e-01	1.919860e-04	1.015486e-06	1.015486e-06
4.000000e-01	6.000000e-01	1.925070e-04	1.016863e-06	1.016863e-06
6.000000e-01	8.000000e-01	1.906700e-04	1.012000e-06	1.012000e-06
8.000000e-01	1.000000e+00	1.941882e-04	1.021294e-06	1.021294e-06
1.000000e+00	1.200000e+00	1.929528e-04	1.018040e-06	1.018040e-06
1.200000e+00	1.400000e+00	1.918249e-04	1.015060e-06	1.015060e-06
1.400000e+00	1.600000e+00	1.886396e-04	1.006597e-06	1.006597e-06
1.600000e+00	1.800000e+00	1.821673e-04	9.891779e-07	9.891779e-07
1.800000e+00	2.000000e+00	1.739492e-04	9.666082e-07	9.666082e-07
2.000000e+00	2.200000e+00	1.652477e-04	9.421217e-07	9.421217e-07
2.200000e+00	2.400000e+00	1.503800e-04	8.987404e-07	8.987404e-07
2.400000e+00	2.600000e+00	1.327192e-04	8.443181e-07	8.443181e-07
2.600000e+00	2.800000e+00	1.133987e-04	7.804467e-07	7.804467e-07
2.800000e+00	3.000000e+00	9.165570e-05	7.016475e-07	7.016475e-07
3.000000e+00	3.200000e+00	6.533100e-05	5.923780e-07	5.923780e-07
3.200000e+00	3.400000e+00	4.835235e-05	5.096219e-07	5.096219e-07
3.400000e+00	3.600000e+00	3.364575e-05	4.251130e-07	4.251130e-07
3.600000e+00	3.800000e+00	2.157110e-05	3.403889e-07	3.403889e-07
3.800000e+00	4.000000e+00	1.279441e-05	2.621497e-07	2.621497e-07
4.000000e+00	4.200000e+00	6.821535e-06	1.914170e-07	1.914170e-07
4.200000e+00	4.400000e+00	3.340942e-06	1.339596e-07	1.339596e-07
4.400000e+00	4.600000e+00	1.369679e-06	8.577261e-08	8.577261e-08
4.600000e+00	4.800000e+00	4.726734e-07	5.038715e-08	5.038715e-08
4.800000e+00	5.000000e+00	1.665099e-07	2.990607e-08	2.990607e-08
# END HISTO1D


# BEGIN HISTO1D //eos/home-y/youpeng/valid/genValidation/mg35xVBS_merged.yoda.gz/MC_JETS:ENERGY=13600/jet_y_1
ErrorBars=1
LineColor=green
LineStyle=solid
Path=//eos/home-y/youpeng/valid/genValidation/mg35xVBS_merged.yoda.gz/MC_JETS:ENERGY=13600/jet_y_1
ScaledBy=5.51937791219804204e-10
Title=VBSZZ@LO(v35x)
# xlow	 xhigh	 val	 errminus	 errplus
-5.000000e+00	-4.800000e+00	6.623255e-08	1.351966e-08	1.351966e-08
-4.800000e+00	-4.600000e+00	3.449611e-07	3.085426e-08	3.085426e-08
-4.600000e+00	-4.400000e+00	6.899220e-07	4.363451e-08	4.363451e-08
-4.400000e+00	-4.200000e+00	1.755162e-06	6.959671e-08	6.959671e-08
-4.200000e+00	-4.000000e+00	3.272991e-06	9.503914e-08	9.503914e-08
-4.000000e+00	-3.800000e+00	6.507345e-06	1.340084e-07	1.340084e-07
-3.800000e+00	-3.600000e+00	1.159070e-05	1.788483e-07	1.788483e-07
-3.600000e+00	-3.400000e+00	1.730049e-05	2.185039e-07	2.185039e-07
-3.400000e+00	-3.200000e+00	2.559612e-05	2.657768e-07	2.657768e-07
-3.200000e+00	-3.000000e+00	3.368476e-05	3.048926e-07	3.048926e-07
-3.000000e+00	-2.800000e+00	4.725691e-05	3.611293e-07	3.611293e-07
-2.800000e+00	-2.600000e+00	5.755605e-05	3.985434e-07	3.985434e-07
-2.600000e+00	-2.400000e+00	6.822225e-05	4.339035e-07	4.339035e-07
-2.400000e+00	-2.200000e+00	7.650135e-05	4.594779e-07	4.594779e-07
-2.200000e+00	-2.000000e+00	8.259475e-05	4.774262e-07	4.774262e-07
-2.000000e+00	-1.800000e+00	8.847285e-05	4.941231e-07	4.941231e-07
-1.800000e+00	-1.600000e+00	9.215980e-05	5.043139e-07	5.043139e-07
-1.600000e+00	-1.400000e+00	9.480360e-05	5.114963e-07	5.114963e-07
-1.400000e+00	-1.200000e+00	9.672985e-05	5.166665e-07	5.166665e-07
-1.200000e+00	-1.000000e+00	9.626900e-05	5.154343e-07	5.154343e-07
-1.000000e+00	-8.000000e-01	9.784755e-05	5.196429e-07	5.196429e-07
-8.000000e-01	-6.000000e-01	9.712725e-05	5.177268e-07	5.177268e-07
-6.000000e-01	-4.000000e-01	9.702790e-05	5.174618e-07	5.174618e-07
-4.000000e-01	-2.000000e-01	9.795240e-05	5.199214e-07	5.199214e-07
-2.000000e-01	0.000000e+00	9.703620e-05	5.174841e-07	5.174841e-07
0.000000e+00	2.000000e-01	9.610615e-05	5.149983e-07	5.149983e-07
2.000000e-01	4.000000e-01	9.757985e-05	5.189316e-07	5.189316e-07
4.000000e-01	6.000000e-01	9.718245e-05	5.178738e-07	5.178738e-07
6.000000e-01	8.000000e-01	9.771230e-05	5.192836e-07	5.192836e-07
8.000000e-01	1.000000e+00	9.775370e-05	5.193936e-07	5.193936e-07
1.000000e+00	1.200000e+00	9.665260e-05	5.164601e-07	5.164601e-07
1.200000e+00	1.400000e+00	9.657530e-05	5.162536e-07	5.162536e-07
1.400000e+00	1.600000e+00	9.417715e-05	5.098036e-07	5.098036e-07
1.600000e+00	1.800000e+00	9.186175e-05	5.034978e-07	5.034978e-07
1.800000e+00	2.000000e+00	8.796510e-05	4.927030e-07	4.927030e-07
2.000000e+00	2.200000e+00	8.298935e-05	4.785654e-07	4.785654e-07
2.200000e+00	2.400000e+00	7.591075e-05	4.577009e-07	4.577009e-07
2.400000e+00	2.600000e+00	6.699975e-05	4.299981e-07	4.299981e-07
2.600000e+00	2.800000e+00	5.704830e-05	3.967815e-07	3.967815e-07
2.800000e+00	3.000000e+00	4.684572e-05	3.595548e-07	3.595548e-07
3.000000e+00	3.200000e+00	3.288721e-05	3.012615e-07	3.012615e-07
3.200000e+00	3.400000e+00	2.443429e-05	2.596748e-07	2.596748e-07
3.400000e+00	3.600000e+00	1.699140e-05	2.165433e-07	2.165433e-07
3.600000e+00	3.800000e+00	1.085938e-05	1.731141e-07	1.731141e-07
3.800000e+00	4.000000e+00	6.283810e-06	1.316866e-07	1.316866e-07
4.000000e+00	4.200000e+00	3.518603e-06	9.854060e-08	9.854060e-08
4.200000e+00	4.400000e+00	1.644774e-06	6.737260e-08	6.737260e-08
4.400000e+00	4.600000e+00	6.761240e-07	4.319596e-08	4.319596e-08
4.600000e+00	4.800000e+00	3.173642e-07	2.959437e-08	2.959437e-08
4.800000e+00	5.000000e+00	5.519380e-08	1.234170e-08	1.234170e-08
# END HISTO1D

