# BEGIN PLOT
Legend=1
LogY=1
Title=Transverse momentum of leading jet
XLabel=$p_\perp(\mathrm{jet~1})$ [GeV]
YLabel=$\mathrm{d}\sigma/\mathrm{d}p_\perp(\mathrm{jet~1})$ [pb/GeV]
LogX=1
XMin=20.0
RemoveOptions=1
DrawOnly=//eos/home-y/youpeng/valid/genValidation/masterVBS_merged.yoda.gz/MC_JETS:ENERGY=13600/jet_pT_1 //eos/home-y/youpeng/valid/genValidation/mg352VBS_merged.yoda.gz/MC_JETS:ENERGY=13600/jet_pT_1 //eos/home-y/youpeng/valid/genValidation/mg35xVBS_merged.yoda.gz/MC_JETS:ENERGY=13600/jet_pT_1
LegendOnly=//eos/home-y/youpeng/valid/genValidation/masterVBS_merged.yoda.gz/MC_JETS:ENERGY=13600/jet_pT_1 //eos/home-y/youpeng/valid/genValidation/mg352VBS_merged.yoda.gz/MC_JETS:ENERGY=13600/jet_pT_1 //eos/home-y/youpeng/valid/genValidation/mg35xVBS_merged.yoda.gz/MC_JETS:ENERGY=13600/jet_pT_1
RatioPlot=1
RatioPlotReference=//eos/home-y/youpeng/valid/genValidation/masterVBS_merged.yoda.gz/MC_JETS:ENERGY=13600/jet_pT_1
RatioPlotYLabel=Ratio
# END PLOT

# BEGIN HISTO1D //eos/home-y/youpeng/valid/genValidation/masterVBS_merged.yoda.gz/MC_JETS:ENERGY=13600/jet_pT_1
ErrorBars=1
LineColor=red
LineStyle=solid
Path=//eos/home-y/youpeng/valid/genValidation/masterVBS_merged.yoda.gz/MC_JETS:ENERGY=13600/jet_pT_1
ScaledBy=1.07182617187499956e-09
Title=VBSZZ@LO(v2918)
# xlow	 xhigh	 val	 errminus	 errplus
1.000000e+01	1.060022e+01	0.000000e+00	0.000000e+00	0.000000e+00
1.060022e+01	1.123646e+01	0.000000e+00	0.000000e+00	0.000000e+00
1.123646e+01	1.191089e+01	0.000000e+00	0.000000e+00	0.000000e+00
1.191089e+01	1.262581e+01	0.000000e+00	0.000000e+00	0.000000e+00
1.262581e+01	1.338363e+01	0.000000e+00	0.000000e+00	0.000000e+00
1.338363e+01	1.418694e+01	0.000000e+00	0.000000e+00	0.000000e+00
1.418694e+01	1.503847e+01	0.000000e+00	0.000000e+00	0.000000e+00
1.503847e+01	1.594110e+01	0.000000e+00	0.000000e+00	0.000000e+00
1.594110e+01	1.689791e+01	0.000000e+00	0.000000e+00	0.000000e+00
1.689791e+01	1.791216e+01	0.000000e+00	0.000000e+00	0.000000e+00
1.791216e+01	1.898728e+01	0.000000e+00	0.000000e+00	0.000000e+00
1.898728e+01	2.012693e+01	0.000000e+00	0.000000e+00	0.000000e+00
2.012693e+01	2.133498e+01	8.872365e-10	8.872365e-10	8.872365e-10
2.133498e+01	2.261554e+01	8.369979e-10	8.369979e-10	8.369979e-10
2.261554e+01	2.397297e+01	1.579199e-09	1.116663e-09	1.116663e-09
2.397297e+01	2.541187e+01	2.979571e-09	1.489785e-09	1.489785e-09
2.541187e+01	2.693714e+01	4.918987e-09	1.859202e-09	1.859202e-09
2.693714e+01	2.855395e+01	9.943896e-09	2.567503e-09	2.567503e-09
2.855395e+01	3.026781e+01	1.250774e-08	2.796817e-09	2.796817e-09
3.026781e+01	3.208454e+01	1.828924e-08	3.284844e-09	3.284844e-09
3.208454e+01	3.401031e+01	2.448909e-08	3.691869e-09	3.691869e-09
3.401031e+01	3.605167e+01	4.935518e-08	5.090597e-09	5.090597e-09
3.605167e+01	3.821555e+01	7.330827e-08	6.025902e-09	6.025902e-09
3.821555e+01	4.050932e+01	9.999730e-08	6.835674e-09	6.835674e-09
4.050932e+01	4.294076e+01	1.375357e-07	7.786424e-09	7.786424e-09
4.294076e+01	4.551814e+01	2.120880e-07	9.391414e-09	9.391414e-09
4.551814e+01	4.825022e+01	3.781880e-07	1.218062e-08	1.218062e-08
4.825022e+01	5.114629e+01	5.499639e-07	1.426674e-08	1.426674e-08
5.114629e+01	5.421618e+01	7.632234e-07	1.632400e-08	1.632400e-08
5.421618e+01	5.747033e+01	1.060907e-06	1.869313e-08	1.869313e-08
5.747033e+01	6.091980e+01	1.384267e-06	2.073938e-08	2.073938e-08
6.091980e+01	6.457631e+01	1.806256e-06	2.301010e-08	2.301010e-08
6.457631e+01	6.845230e+01	2.169652e-06	2.449435e-08	2.449435e-08
6.845230e+01	7.256093e+01	2.599329e-06	2.604020e-08	2.604020e-08
7.256093e+01	7.691616e+01	3.077984e-06	2.752262e-08	2.752262e-08
7.691616e+01	8.153281e+01	3.459961e-06	2.834225e-08	2.834225e-08
8.153281e+01	8.642655e+01	3.925055e-06	2.932004e-08	2.932004e-08
8.642655e+01	9.161403e+01	4.297651e-06	2.979886e-08	2.979886e-08
9.161403e+01	9.711287e+01	4.643741e-06	3.008573e-08	3.008573e-08
9.711287e+01	1.029418e+02	4.992354e-06	3.029845e-08	3.029845e-08
1.029418e+02	1.091205e+02	5.221309e-06	3.009562e-08	3.009562e-08
1.091205e+02	1.156701e+02	5.375986e-06	2.966087e-08	2.966087e-08
1.156701e+02	1.226128e+02	5.438560e-06	2.897610e-08	2.897610e-08
1.226128e+02	1.299723e+02	5.492608e-06	2.828312e-08	2.828312e-08
1.299723e+02	1.377734e+02	5.403990e-06	2.724843e-08	2.724843e-08
1.377734e+02	1.460429e+02	5.353104e-06	2.634058e-08	2.634058e-08
1.460429e+02	1.548086e+02	5.172112e-06	2.514796e-08	2.514796e-08
1.548086e+02	1.641005e+02	5.017751e-06	2.405827e-08	2.405827e-08
1.641005e+02	1.739501e+02	4.699142e-06	2.261321e-08	2.261321e-08
1.739501e+02	1.843909e+02	4.417043e-06	2.129419e-08	2.129419e-08
1.843909e+02	1.954584e+02	4.106496e-06	1.994220e-08	1.994220e-08
1.954584e+02	2.071901e+02	3.750208e-06	1.851013e-08	1.851013e-08
2.071901e+02	2.196260e+02	3.401153e-06	1.712130e-08	1.712130e-08
2.196260e+02	2.328084e+02	3.083256e-06	1.583324e-08	1.583324e-08
2.328084e+02	2.467820e+02	2.730497e-06	1.447201e-08	1.447201e-08
2.467820e+02	2.615942e+02	2.415846e-06	1.322169e-08	1.322169e-08
2.615942e+02	2.772956e+02	2.119228e-06	1.202768e-08	1.202768e-08
2.772956e+02	2.939394e+02	1.822977e-06	1.083494e-08	1.083494e-08
2.939394e+02	3.115821e+02	1.572257e-06	9.773305e-09	9.773305e-09
3.115821e+02	3.302839e+02	1.324352e-06	8.712085e-09	8.712085e-09
3.302839e+02	3.501081e+02	1.095064e-06	7.694564e-09	7.694564e-09
3.501081e+02	3.711222e+02	9.341071e-07	6.902480e-09	6.902480e-09
3.711222e+02	3.933976e+02	7.523578e-07	6.016745e-09	6.016745e-09
3.933976e+02	4.170100e+02	6.147507e-07	5.282526e-09	5.282526e-09
4.170100e+02	4.420397e+02	5.011478e-07	4.632520e-09	4.632520e-09
4.420397e+02	4.685717e+02	4.162155e-07	4.100494e-09	4.100494e-09
4.685717e+02	4.966962e+02	3.570911e-07	3.689005e-09	3.689005e-09
4.966962e+02	5.265088e+02	2.911403e-07	3.235291e-09	3.235291e-09
5.265088e+02	5.581108e+02	2.308011e-07	2.797846e-09	2.797846e-09
5.581108e+02	5.916096e+02	1.854806e-07	2.436109e-09	2.436109e-09
5.916096e+02	6.271191e+02	1.432543e-07	2.079427e-09	2.079427e-09
6.271191e+02	6.647599e+02	1.135588e-07	1.798221e-09	1.798221e-09
6.647599e+02	7.046600e+02	8.571901e-08	1.517448e-09	1.517448e-09
7.046600e+02	7.469549e+02	6.533100e-08	1.286702e-09	1.286702e-09
7.469549e+02	7.917885e+02	4.800478e-08	1.071279e-09	1.071279e-09
7.917885e+02	8.393131e+02	3.430325e-08	8.795702e-10	8.795702e-10
8.393131e+02	8.896901e+02	2.568025e-08	7.391722e-10	7.391722e-10
8.896901e+02	9.430909e+02	1.973014e-08	6.292938e-10	6.292938e-10
9.430909e+02	9.996969e+02	1.285676e-08	4.933973e-10	4.933973e-10
9.996969e+02	1.059700e+03	9.020737e-09	4.014175e-10	4.014175e-10
1.059700e+03	1.123306e+03	6.335984e-09	3.267535e-10	3.267535e-10
1.123306e+03	1.190728e+03	4.355854e-09	2.631467e-10	2.631467e-10
1.190728e+03	1.262198e+03	3.089355e-09	2.152455e-10	2.152455e-10
1.262198e+03	1.337957e+03	1.881663e-09	1.631608e-10	1.631608e-10
1.337957e+03	1.418264e+03	1.187848e-09	1.259117e-10	1.259117e-10
1.418264e+03	1.503391e+03	8.561817e-10	1.038273e-10	1.038273e-10
1.503391e+03	1.593627e+03	5.701456e-10	8.229342e-11	8.229342e-11
1.593627e+03	1.689279e+03	3.809862e-10	6.533859e-11	6.533859e-11
1.689279e+03	1.790673e+03	2.325599e-10	4.958193e-11	4.958193e-11
1.790673e+03	1.898152e+03	6.980697e-11	2.638455e-11	2.638455e-11
1.898152e+03	2.012083e+03	8.466911e-11	2.822303e-11	2.822303e-11
2.012083e+03	2.132851e+03	8.875083e-11	2.806548e-11	2.806548e-11
2.132851e+03	2.260869e+03	1.674493e-11	1.184045e-11	1.184045e-11
2.260869e+03	2.396570e+03	7.898438e-12	7.898439e-12	7.898439e-12
2.396570e+03	2.540417e+03	1.490231e-11	1.053752e-11	1.053752e-11
2.540417e+03	2.692897e+03	1.405858e-11	9.940918e-12	9.940918e-12
2.692897e+03	2.854530e+03	0.000000e+00	0.000000e+00	0.000000e+00
2.854530e+03	3.025864e+03	0.000000e+00	0.000000e+00	0.000000e+00
3.025864e+03	3.207481e+03	0.000000e+00	0.000000e+00	0.000000e+00
3.207481e+03	3.400000e+03	0.000000e+00	0.000000e+00	0.000000e+00
# END HISTO1D


# BEGIN HISTO1D //eos/home-y/youpeng/valid/genValidation/mg352VBS_merged.yoda.gz/MC_JETS:ENERGY=13600/jet_pT_1
ErrorBars=1
LineColor=blue
LineStyle=solid
Path=//eos/home-y/youpeng/valid/genValidation/mg352VBS_merged.yoda.gz/MC_JETS:ENERGY=13600/jet_pT_1
ScaledBy=1.07425781250000051e-09
Title=VBSZZ@LO(v352)
# xlow	 xhigh	 val	 errminus	 errplus
1.000000e+01	1.060022e+01	0.000000e+00	0.000000e+00	0.000000e+00
1.060022e+01	1.123646e+01	0.000000e+00	0.000000e+00	0.000000e+00
1.123646e+01	1.191089e+01	0.000000e+00	0.000000e+00	0.000000e+00
1.191089e+01	1.262581e+01	0.000000e+00	0.000000e+00	0.000000e+00
1.262581e+01	1.338363e+01	0.000000e+00	0.000000e+00	0.000000e+00
1.338363e+01	1.418694e+01	0.000000e+00	0.000000e+00	0.000000e+00
1.418694e+01	1.503847e+01	0.000000e+00	0.000000e+00	0.000000e+00
1.503847e+01	1.594110e+01	0.000000e+00	0.000000e+00	0.000000e+00
1.594110e+01	1.689791e+01	0.000000e+00	0.000000e+00	0.000000e+00
1.689791e+01	1.791216e+01	0.000000e+00	0.000000e+00	0.000000e+00
1.791216e+01	1.898728e+01	0.000000e+00	0.000000e+00	0.000000e+00
1.898728e+01	2.012693e+01	0.000000e+00	0.000000e+00	0.000000e+00
2.012693e+01	2.133498e+01	1.778499e-09	1.257589e-09	1.257589e-09
2.133498e+01	2.261554e+01	8.388970e-10	8.388970e-10	8.388970e-10
2.261554e+01	2.397297e+01	1.582782e-09	1.119196e-09	1.119196e-09
2.397297e+01	2.541187e+01	2.986331e-09	1.493165e-09	1.493165e-09
2.541187e+01	2.693714e+01	4.930147e-09	1.863420e-09	1.863420e-09
2.693714e+01	2.855395e+01	1.129532e-08	2.739517e-09	2.739517e-09
2.855395e+01	3.026781e+01	9.402092e-09	2.427610e-09	2.427610e-09
3.026781e+01	3.208454e+01	2.069599e-08	3.498260e-09	3.498260e-09
3.208454e+01	3.401031e+01	2.677598e-08	3.864779e-09	3.864779e-09
3.401031e+01	3.605167e+01	4.736215e-08	4.992410e-09	4.992410e-09
3.605167e+01	3.821555e+01	6.255268e-08	5.572636e-09	5.572636e-09
3.821555e+01	4.050932e+01	8.992074e-08	6.489470e-09	6.489470e-09
4.050932e+01	4.294076e+01	1.696587e-07	8.657861e-09	8.657861e-09
4.294076e+01	4.551814e+01	2.267404e-07	9.721415e-09	9.721415e-09
4.551814e+01	4.825022e+01	3.448377e-07	1.164434e-08	1.164434e-08
4.825022e+01	5.114629e+01	5.708712e-07	1.455187e-08	1.455187e-08
5.114629e+01	5.421618e+01	7.866510e-07	1.659143e-08	1.659143e-08
5.421618e+01	5.747033e+01	1.092035e-06	1.898688e-08	1.898688e-08
5.747033e+01	6.091980e+01	1.427892e-06	2.108754e-08	2.108754e-08
6.091980e+01	6.457631e+01	1.818874e-06	2.311650e-08	2.311650e-08
6.457631e+01	6.845230e+01	2.190926e-06	2.464205e-08	2.464205e-08
6.845230e+01	7.256093e+01	2.630587e-06	2.622600e-08	2.622600e-08
7.256093e+01	7.691616e+01	3.081513e-06	2.756962e-08	2.756962e-08
7.691616e+01	8.153281e+01	3.531567e-06	2.866649e-08	2.866649e-08
8.153281e+01	8.642655e+01	3.968423e-06	2.951500e-08	2.951500e-08
8.642655e+01	9.161403e+01	4.286900e-06	2.979530e-08	2.979530e-08
9.161403e+01	9.711287e+01	4.715620e-06	3.035205e-08	3.035205e-08
9.711287e+01	1.029418e+02	4.957790e-06	3.022762e-08	3.022762e-08
1.029418e+02	1.091205e+02	5.191425e-06	3.004340e-08	3.004340e-08
1.091205e+02	1.156701e+02	5.342586e-06	2.960211e-08	2.960211e-08
1.156701e+02	1.226128e+02	5.496235e-06	2.916236e-08	2.916236e-08
1.226128e+02	1.299723e+02	5.497917e-06	2.832887e-08	2.832887e-08
1.299723e+02	1.377734e+02	5.478080e-06	2.746569e-08	2.746569e-08
1.377734e+02	1.460429e+02	5.388112e-06	2.645653e-08	2.645653e-08
1.460429e+02	1.548086e+02	5.191566e-06	2.522378e-08	2.522378e-08
1.548086e+02	1.641005e+02	5.005202e-06	2.405541e-08	2.405541e-08
1.641005e+02	1.739501e+02	4.734343e-06	2.272348e-08	2.272348e-08
1.739501e+02	1.843909e+02	4.400107e-06	2.127742e-08	2.127742e-08
1.843909e+02	1.954584e+02	4.064563e-06	1.986261e-08	1.986261e-08
1.954584e+02	2.071901e+02	3.767049e-06	1.857267e-08	1.857267e-08
2.071901e+02	2.196260e+02	3.432885e-06	1.722048e-08	1.722048e-08
2.196260e+02	2.328084e+02	3.094082e-06	1.587899e-08	1.587899e-08
2.328084e+02	2.467820e+02	2.743687e-06	1.452337e-08	1.452337e-08
2.467820e+02	2.615942e+02	2.424227e-06	1.325962e-08	1.325962e-08
2.615942e+02	2.772956e+02	2.086816e-06	1.194888e-08	1.194888e-08
2.772956e+02	2.939394e+02	1.822142e-06	1.084474e-08	1.084474e-08
2.939394e+02	3.115821e+02	1.557740e-06	9.739109e-09	9.739109e-09
3.115821e+02	3.302839e+02	1.323393e-06	8.718804e-09	8.718804e-09
3.302839e+02	3.501081e+02	1.114184e-06	7.770250e-09	7.770250e-09
3.501081e+02	3.711222e+02	9.368400e-07	6.920406e-09	6.920406e-09
3.711222e+02	3.933976e+02	7.514123e-07	6.019781e-09	6.019781e-09
3.933976e+02	4.170100e+02	6.093210e-07	5.265108e-09	5.265108e-09
4.170100e+02	4.420397e+02	5.021990e-07	4.642633e-09	4.642633e-09
4.420397e+02	4.685717e+02	4.120579e-07	4.084589e-09	4.084589e-09
4.685717e+02	4.966962e+02	3.540817e-07	3.677593e-09	3.677593e-09
4.966962e+02	5.265088e+02	2.902153e-07	3.233810e-09	3.233810e-09
5.265088e+02	5.581108e+02	2.339422e-07	2.820014e-09	2.820014e-09
5.581108e+02	5.916096e+02	1.837849e-07	2.427697e-09	2.427697e-09
5.916096e+02	6.271191e+02	1.443053e-07	2.089407e-09	2.089407e-09
6.271191e+02	6.647599e+02	1.143301e-07	1.806364e-09	1.806364e-09
6.647599e+02	7.046600e+02	8.480961e-08	1.511088e-09	1.511088e-09
7.046600e+02	7.469549e+02	6.288848e-08	1.263851e-09	1.263851e-09
7.469549e+02	7.917885e+02	5.137239e-08	1.109474e-09	1.109474e-09
7.917885e+02	8.393131e+02	3.623460e-08	9.050172e-10	9.050172e-10
8.393131e+02	8.896901e+02	2.514143e-08	7.322057e-10	7.322057e-10
8.896901e+02	9.430909e+02	1.893000e-08	6.171000e-10	6.171000e-10
9.430909e+02	9.996969e+02	1.402460e-08	5.159033e-10	5.159033e-10
9.996969e+02	1.059700e+03	9.775242e-09	4.183417e-10	4.183417e-10
1.059700e+03	1.123306e+03	5.911238e-09	3.159690e-10	3.159690e-10
1.123306e+03	1.190728e+03	4.031135e-09	2.534353e-10	2.534353e-10
1.190728e+03	1.262198e+03	3.171518e-09	2.183363e-10	2.183363e-10
1.262198e+03	1.337957e+03	1.800851e-09	1.597998e-10	1.597998e-10
1.337957e+03	1.418264e+03	1.203920e-09	1.269043e-10	1.269043e-10
1.418264e+03	1.503391e+03	9.086020e-10	1.070798e-10	1.070798e-10
1.503391e+03	1.593627e+03	4.761992e-10	7.529370e-11	7.529370e-11
1.593627e+03	1.689279e+03	2.583106e-10	5.386150e-11	5.386150e-11
1.689279e+03	1.790673e+03	1.271386e-10	3.670176e-11	3.670176e-11
1.790673e+03	1.898152e+03	8.995543e-11	2.998515e-11	2.998515e-11
1.898152e+03	2.012083e+03	5.657413e-11	2.309629e-11	2.309629e-11
2.012083e+03	2.132851e+03	3.558087e-11	1.779044e-11	1.779044e-11
2.132851e+03	2.260869e+03	2.517437e-11	1.453443e-11	1.453443e-11
2.260869e+03	2.396570e+03	7.916360e-12	7.916359e-12	7.916359e-12
2.396570e+03	2.540417e+03	7.468060e-12	7.468059e-12	7.468059e-12
2.540417e+03	2.692897e+03	0.000000e+00	0.000000e+00	0.000000e+00
2.692897e+03	2.854530e+03	6.646279e-12	6.646278e-12	6.646278e-12
2.854530e+03	3.025864e+03	0.000000e+00	0.000000e+00	0.000000e+00
3.025864e+03	3.207481e+03	0.000000e+00	0.000000e+00	0.000000e+00
3.207481e+03	3.400000e+03	0.000000e+00	0.000000e+00	0.000000e+00
# END HISTO1D


# BEGIN HISTO1D //eos/home-y/youpeng/valid/genValidation/mg35xVBS_merged.yoda.gz/MC_JETS:ENERGY=13600/jet_pT_1
ErrorBars=1
LineColor=green
LineStyle=solid
Path=//eos/home-y/youpeng/valid/genValidation/mg35xVBS_merged.yoda.gz/MC_JETS:ENERGY=13600/jet_pT_1
ScaledBy=5.51937791219804204e-10
Title=VBSZZ@LO(v35x)
# xlow	 xhigh	 val	 errminus	 errplus
1.000000e+01	1.060022e+01	0.000000e+00	0.000000e+00	0.000000e+00
1.060022e+01	1.123646e+01	0.000000e+00	0.000000e+00	0.000000e+00
1.123646e+01	1.191089e+01	0.000000e+00	0.000000e+00	0.000000e+00
1.191089e+01	1.262581e+01	0.000000e+00	0.000000e+00	0.000000e+00
1.262581e+01	1.338363e+01	0.000000e+00	0.000000e+00	0.000000e+00
1.338363e+01	1.418694e+01	0.000000e+00	0.000000e+00	0.000000e+00
1.418694e+01	1.503847e+01	0.000000e+00	0.000000e+00	0.000000e+00
1.503847e+01	1.594110e+01	0.000000e+00	0.000000e+00	0.000000e+00
1.594110e+01	1.689791e+01	0.000000e+00	0.000000e+00	0.000000e+00
1.689791e+01	1.791216e+01	0.000000e+00	0.000000e+00	0.000000e+00
1.791216e+01	1.898728e+01	0.000000e+00	0.000000e+00	0.000000e+00
1.898728e+01	2.012693e+01	0.000000e+00	0.000000e+00	0.000000e+00
2.012693e+01	2.133498e+01	1.370649e-09	7.913450e-10	7.913450e-10
2.133498e+01	2.261554e+01	8.620260e-10	6.095442e-10	6.095442e-10
2.261554e+01	2.397297e+01	4.066050e-10	4.066050e-10	4.066050e-10
2.397297e+01	2.541187e+01	1.150749e-09	6.643855e-10	6.643855e-10
2.541187e+01	2.693714e+01	3.256761e-09	1.085587e-09	1.085587e-09
2.693714e+01	2.855395e+01	4.096494e-09	1.182556e-09	1.182556e-09
2.855395e+01	3.026781e+01	4.186568e-09	1.161145e-09	1.161145e-09
3.026781e+01	3.208454e+01	9.418059e-09	1.691533e-09	1.691533e-09
3.208454e+01	3.401031e+01	1.604995e-08	2.144765e-09	2.144765e-09
3.401031e+01	3.605167e+01	2.081907e-08	2.372553e-09	2.372553e-09
3.605167e+01	3.821555e+01	3.621974e-08	3.039493e-09	3.039493e-09
3.821555e+01	4.050932e+01	5.221557e-08	3.544624e-09	3.544624e-09
4.050932e+01	4.294076e+01	7.627213e-08	4.160986e-09	4.160986e-09
4.294076e+01	4.551814e+01	1.177808e-07	5.022188e-09	5.022188e-09
4.551814e+01	4.825022e+01	1.735361e-07	5.920976e-09	5.920976e-09
4.825022e+01	5.114629e+01	2.732941e-07	7.216983e-09	7.216983e-09
5.114629e+01	5.421618e+01	3.980566e-07	8.459723e-09	8.459723e-09
5.421618e+01	5.747033e+01	5.281668e-07	9.464809e-09	9.464809e-09
5.747033e+01	6.091980e+01	7.323499e-07	1.082501e-08	1.082501e-08
6.091980e+01	6.457631e+01	8.990379e-07	1.164932e-08	1.164932e-08
6.457631e+01	6.845230e+01	1.119258e-06	1.262463e-08	1.262463e-08
6.845230e+01	7.256093e+01	1.326973e-06	1.335143e-08	1.335143e-08
7.256093e+01	7.691616e+01	1.515436e-06	1.385825e-08	1.385825e-08
7.691616e+01	8.153281e+01	1.761505e-06	1.451187e-08	1.451187e-08
8.153281e+01	8.642655e+01	1.975194e-06	1.492552e-08	1.492552e-08
8.642655e+01	9.161403e+01	2.183607e-06	1.524243e-08	1.524243e-08
9.161403e+01	9.711287e+01	2.357172e-06	1.538173e-08	1.538173e-08
9.711287e+01	1.029418e+02	2.507659e-06	1.540937e-08	1.540937e-08
1.029418e+02	1.091205e+02	2.618862e-06	1.529512e-08	1.529512e-08
1.091205e+02	1.156701e+02	2.715025e-06	1.512602e-08	1.512602e-08
1.156701e+02	1.226128e+02	2.747883e-06	1.478019e-08	1.478019e-08
1.226128e+02	1.299723e+02	2.773601e-06	1.442258e-08	1.442258e-08
1.299723e+02	1.377734e+02	2.755904e-06	1.396366e-08	1.396366e-08
1.377734e+02	1.460429e+02	2.695782e-06	1.341368e-08	1.341368e-08
1.460429e+02	1.548086e+02	2.621699e-06	1.284823e-08	1.284823e-08
1.548086e+02	1.641005e+02	2.485351e-06	1.215029e-08	1.215029e-08
1.641005e+02	1.739501e+02	2.405426e-06	1.160999e-08	1.160999e-08
1.739501e+02	1.843909e+02	2.241573e-06	1.088566e-08	1.088566e-08
1.843909e+02	1.954584e+02	2.068663e-06	1.015700e-08	1.015700e-08
1.954584e+02	2.071901e+02	1.893630e-06	9.438698e-09	9.438698e-09
2.071901e+02	2.196260e+02	1.730833e-06	8.764640e-09	8.764640e-09
2.196260e+02	2.328084e+02	1.560469e-06	8.083052e-09	8.083052e-09
2.328084e+02	2.467820e+02	1.374433e-06	7.368054e-09	7.368054e-09
2.467820e+02	2.615942e+02	1.215424e-06	6.729755e-09	6.729755e-09
2.615942e+02	2.772956e+02	1.056603e-06	6.094412e-09	6.094412e-09
2.772956e+02	2.939394e+02	9.193435e-07	5.521509e-09	5.521509e-09
2.939394e+02	3.115821e+02	7.868603e-07	4.961481e-09	4.961481e-09
3.115821e+02	3.302839e+02	6.663048e-07	4.434451e-09	4.434451e-09
3.302839e+02	3.501081e+02	5.577789e-07	3.940745e-09	3.940745e-09
3.501081e+02	3.711222e+02	4.622660e-07	3.484462e-09	3.484462e-09
3.711222e+02	3.933976e+02	3.814311e-07	3.074258e-09	3.074258e-09
3.933976e+02	4.170100e+02	3.124992e-07	2.702710e-09	2.702710e-09
4.170100e+02	4.420397e+02	2.540311e-07	2.366795e-09	2.366795e-09
4.420397e+02	4.685717e+02	2.082352e-07	2.081312e-09	2.081312e-09
4.685717e+02	4.966962e+02	1.766232e-07	1.861772e-09	1.861772e-09
4.966962e+02	5.265088e+02	1.459240e-07	1.643647e-09	1.643647e-09
5.265088e+02	5.581108e+02	1.156027e-07	1.420927e-09	1.420927e-09
5.581108e+02	5.916096e+02	9.386575e-08	1.243609e-09	1.243609e-09
5.916096e+02	6.271191e+02	7.305392e-08	1.065601e-09	1.065601e-09
6.271191e+02	6.647599e+02	5.720147e-08	9.158391e-10	9.158391e-10
6.647599e+02	7.046600e+02	4.198313e-08	7.620711e-10	7.620711e-10
7.046600e+02	7.469549e+02	3.263741e-08	6.526179e-10	6.526179e-10
7.469549e+02	7.917885e+02	2.440003e-08	5.480729e-10	5.480729e-10
7.917885e+02	8.393131e+02	1.889554e-08	4.684524e-10	4.684524e-10
8.393131e+02	8.896901e+02	1.318024e-08	3.800062e-10	3.800062e-10
8.896901e+02	9.430909e+02	9.054125e-09	3.059105e-10	3.059105e-10
9.430909e+02	9.996969e+02	7.030122e-09	2.618155e-10	2.618155e-10
9.996969e+02	1.059700e+03	4.553251e-09	2.046534e-10	2.046534e-10
1.059700e+03	1.123306e+03	2.959010e-09	1.602393e-10	1.602393e-10
1.123306e+03	1.190728e+03	2.071139e-09	1.302113e-10	1.302113e-10
1.190728e+03	1.262198e+03	1.336018e-09	1.015756e-10	1.015756e-10
1.262198e+03	1.337957e+03	8.451112e-10	7.846661e-11	7.846661e-11
1.337957e+03	1.418264e+03	7.010304e-10	6.941236e-11	6.941236e-11
1.418264e+03	1.503391e+03	3.436360e-10	4.720203e-11	4.720203e-11
1.503391e+03	1.593627e+03	2.813638e-10	4.148481e-11	4.148481e-11
1.593627e+03	1.689279e+03	1.904189e-10	3.314768e-11	3.314768e-11
1.689279e+03	1.790673e+03	8.709593e-11	2.177398e-11	2.177398e-11
1.790673e+03	1.898152e+03	5.648839e-11	1.703189e-11	1.703189e-11
1.898152e+03	2.012083e+03	4.844492e-11	1.531963e-11	1.531963e-11
2.012083e+03	2.132851e+03	4.570232e-12	4.570232e-12	4.570232e-12
2.132851e+03	2.260869e+03	4.311408e-12	4.311408e-12	4.311408e-12
2.260869e+03	2.396570e+03	8.134619e-12	5.752043e-12	5.752043e-12
2.396570e+03	2.540417e+03	0.000000e+00	0.000000e+00	0.000000e+00
2.540417e+03	2.692897e+03	0.000000e+00	0.000000e+00	0.000000e+00
2.692897e+03	2.854530e+03	0.000000e+00	0.000000e+00	0.000000e+00
2.854530e+03	3.025864e+03	0.000000e+00	0.000000e+00	0.000000e+00
3.025864e+03	3.207481e+03	0.000000e+00	0.000000e+00	0.000000e+00
3.207481e+03	3.400000e+03	0.000000e+00	0.000000e+00	0.000000e+00
# END HISTO1D

