# BEGIN PLOT
Legend=1
LogY=1
Title=Pseudorapidity of second jet
XLabel=$\eta(\mathrm{jet~2})$
YLabel=$\mathrm{d}\sigma/\mathrm{d}\eta(\mathrm{jet~2})$ [pb]
LegendYPos=0.5
LegendXPos=0.30
RemoveOptions=1
DrawOnly=//eos/home-y/youpeng/valid/genValidation/masterVBS_merged.yoda.gz/MC_JETS:ENERGY=13600/jet_eta_2 //eos/home-y/youpeng/valid/genValidation/mg352VBS_merged.yoda.gz/MC_JETS:ENERGY=13600/jet_eta_2 //eos/home-y/youpeng/valid/genValidation/mg35xVBS_merged.yoda.gz/MC_JETS:ENERGY=13600/jet_eta_2
LegendOnly=//eos/home-y/youpeng/valid/genValidation/masterVBS_merged.yoda.gz/MC_JETS:ENERGY=13600/jet_eta_2 //eos/home-y/youpeng/valid/genValidation/mg352VBS_merged.yoda.gz/MC_JETS:ENERGY=13600/jet_eta_2 //eos/home-y/youpeng/valid/genValidation/mg35xVBS_merged.yoda.gz/MC_JETS:ENERGY=13600/jet_eta_2
RatioPlot=1
RatioPlotReference=//eos/home-y/youpeng/valid/genValidation/masterVBS_merged.yoda.gz/MC_JETS:ENERGY=13600/jet_eta_2
RatioPlotYLabel=Ratio
# END PLOT

# BEGIN HISTO1D //eos/home-y/youpeng/valid/genValidation/masterVBS_merged.yoda.gz/MC_JETS:ENERGY=13600/jet_eta_2
ErrorBars=1
LineColor=red
LineStyle=solid
Path=//eos/home-y/youpeng/valid/genValidation/masterVBS_merged.yoda.gz/MC_JETS:ENERGY=13600/jet_eta_2
ScaledBy=1.07182617187499956e-09
Title=VBSZZ@LO(v2918)
# xlow	 xhigh	 val	 errminus	 errplus
-5.000000e+00	-4.800000e+00	6.538140e-07	5.919354e-08	5.919354e-08
-4.800000e+00	-4.600000e+00	1.613098e-06	9.297744e-08	9.297744e-08
-4.600000e+00	-4.400000e+00	3.413767e-06	1.352583e-07	1.352583e-07
-4.400000e+00	-4.200000e+00	6.216590e-06	1.825254e-07	1.825254e-07
-4.200000e+00	-4.000000e+00	1.191335e-05	2.526761e-07	2.526761e-07
-4.000000e+00	-3.800000e+00	1.820497e-05	3.123504e-07	3.123504e-07
-3.800000e+00	-3.600000e+00	2.780317e-05	3.860062e-07	3.860062e-07
-3.600000e+00	-3.400000e+00	3.803911e-05	4.515048e-07	4.515048e-07
-3.400000e+00	-3.200000e+00	4.926113e-05	5.138061e-07	5.138061e-07
-3.200000e+00	-3.000000e+00	6.324310e-05	5.821752e-07	5.821752e-07
-3.000000e+00	-2.800000e+00	8.751995e-05	6.848584e-07	6.848584e-07
-2.800000e+00	-2.600000e+00	1.042566e-04	7.474788e-07	7.474788e-07
-2.600000e+00	-2.400000e+00	1.173596e-04	7.930608e-07	7.930608e-07
-2.400000e+00	-2.200000e+00	1.336835e-04	8.464204e-07	8.464204e-07
-2.200000e+00	-2.000000e+00	1.446054e-04	8.803178e-07	8.803178e-07
-2.000000e+00	-1.800000e+00	1.603774e-04	9.270832e-07	9.270832e-07
-1.800000e+00	-1.600000e+00	1.695522e-04	9.532325e-07	9.532325e-07
-1.600000e+00	-1.400000e+00	1.792254e-04	9.800472e-07	9.800472e-07
-1.400000e+00	-1.200000e+00	1.890112e-04	1.006447e-06	1.006447e-06
-1.200000e+00	-1.000000e+00	1.972804e-04	1.028227e-06	1.028227e-06
-1.000000e+00	-8.000000e-01	2.010746e-04	1.038068e-06	1.038068e-06
-8.000000e-01	-6.000000e-01	2.038774e-04	1.045278e-06	1.045278e-06
-6.000000e-01	-4.000000e-01	2.093438e-04	1.059198e-06	1.059198e-06
-4.000000e-01	-2.000000e-01	2.093866e-04	1.059306e-06	1.059306e-06
-2.000000e-01	0.000000e+00	2.097189e-04	1.060147e-06	1.060147e-06
0.000000e+00	2.000000e-01	2.131701e-04	1.068834e-06	1.068834e-06
2.000000e-01	4.000000e-01	2.096492e-04	1.059971e-06	1.059971e-06
4.000000e-01	6.000000e-01	2.065731e-04	1.052165e-06	1.052165e-06
6.000000e-01	8.000000e-01	2.059407e-04	1.050554e-06	1.050554e-06
8.000000e-01	1.000000e+00	2.012193e-04	1.038441e-06	1.038441e-06
1.000000e+00	1.200000e+00	1.972857e-04	1.028241e-06	1.028241e-06
1.200000e+00	1.400000e+00	1.898044e-04	1.008557e-06	1.008557e-06
1.400000e+00	1.600000e+00	1.808438e-04	9.844623e-07	9.844623e-07
1.600000e+00	1.800000e+00	1.704686e-04	9.558052e-07	9.558052e-07
1.800000e+00	2.000000e+00	1.594931e-04	9.245238e-07	9.245238e-07
2.000000e+00	2.200000e+00	1.474029e-04	8.887922e-07	8.887922e-07
2.200000e+00	2.400000e+00	1.346000e-04	8.493166e-07	8.493166e-07
2.400000e+00	2.600000e+00	1.196265e-04	8.006836e-07	8.006836e-07
2.600000e+00	2.800000e+00	1.031687e-04	7.435686e-07	7.435686e-07
2.800000e+00	3.000000e+00	8.810945e-05	6.871610e-07	6.871610e-07
3.000000e+00	3.200000e+00	6.290550e-05	5.806193e-07	5.806193e-07
3.200000e+00	3.400000e+00	5.101895e-05	5.228929e-07	5.228929e-07
3.400000e+00	3.600000e+00	3.876795e-05	4.558097e-07	4.558097e-07
3.600000e+00	3.800000e+00	2.784605e-05	3.863038e-07	3.863038e-07
3.800000e+00	4.000000e+00	1.881591e-05	3.175483e-07	3.175483e-07
4.000000e+00	4.200000e+00	1.194014e-05	2.529601e-07	2.529601e-07
4.200000e+00	4.400000e+00	6.430955e-06	1.856458e-07	1.856458e-07
4.400000e+00	4.600000e+00	3.370894e-06	1.344063e-07	1.344063e-07
4.600000e+00	4.800000e+00	1.607739e-06	9.282287e-08	9.282287e-08
4.800000e+00	5.000000e+00	6.966870e-07	6.110350e-08	6.110350e-08
# END HISTO1D


# BEGIN HISTO1D //eos/home-y/youpeng/valid/genValidation/mg352VBS_merged.yoda.gz/MC_JETS:ENERGY=13600/jet_eta_2
ErrorBars=1
LineColor=blue
LineStyle=solid
Path=//eos/home-y/youpeng/valid/genValidation/mg352VBS_merged.yoda.gz/MC_JETS:ENERGY=13600/jet_eta_2
ScaledBy=1.07425781250000051e-09
Title=VBSZZ@LO(v352)
# xlow	 xhigh	 val	 errminus	 errplus
-5.000000e+00	-4.800000e+00	7.358665e-07	6.286933e-08	6.286933e-08
-4.800000e+00	-4.600000e+00	1.600644e-06	9.272283e-08	9.272283e-08
-4.600000e+00	-4.400000e+00	3.324828e-06	1.336361e-07	1.336361e-07
-4.400000e+00	-4.200000e+00	6.902105e-06	1.925440e-07	1.925440e-07
-4.200000e+00	-4.000000e+00	1.180072e-05	2.517640e-07	2.517640e-07
-4.000000e+00	-3.800000e+00	1.916476e-05	3.208418e-07	3.208418e-07
-3.800000e+00	-3.600000e+00	2.856452e-05	3.916992e-07	3.916992e-07
-3.600000e+00	-3.400000e+00	3.866791e-05	4.557373e-07	4.557373e-07
-3.400000e+00	-3.200000e+00	5.031825e-05	5.198786e-07	5.198786e-07
-3.200000e+00	-3.000000e+00	6.376795e-05	5.852487e-07	5.852487e-07
-3.000000e+00	-2.800000e+00	8.881425e-05	6.906859e-07	6.906859e-07
-2.800000e+00	-2.600000e+00	1.036337e-04	7.460873e-07	7.460873e-07
-2.600000e+00	-2.400000e+00	1.188773e-04	7.990774e-07	7.990774e-07
-2.400000e+00	-2.200000e+00	1.326279e-04	8.440275e-07	8.440275e-07
-2.200000e+00	-2.000000e+00	1.480005e-04	8.916016e-07	8.916016e-07
-2.000000e+00	-1.800000e+00	1.595864e-04	9.258426e-07	9.258426e-07
-1.800000e+00	-1.600000e+00	1.721284e-04	9.615358e-07	9.615358e-07
-1.600000e+00	-1.400000e+00	1.803840e-04	9.843244e-07	9.843244e-07
-1.400000e+00	-1.200000e+00	1.895636e-04	1.009059e-06	1.009059e-06
-1.200000e+00	-1.000000e+00	1.963529e-04	1.026970e-06	1.026970e-06
-1.000000e+00	-8.000000e-01	2.004028e-04	1.037507e-06	1.037507e-06
-8.000000e-01	-6.000000e-01	2.065475e-04	1.053293e-06	1.053293e-06
-6.000000e-01	-4.000000e-01	2.074714e-04	1.055646e-06	1.055646e-06
-4.000000e-01	-2.000000e-01	2.097220e-04	1.061356e-06	1.061356e-06
-2.000000e-01	0.000000e+00	2.114569e-04	1.065737e-06	1.065737e-06
0.000000e+00	2.000000e-01	2.114945e-04	1.065832e-06	1.065832e-06
2.000000e-01	4.000000e-01	2.115482e-04	1.065968e-06	1.065968e-06
4.000000e-01	6.000000e-01	2.082395e-04	1.057598e-06	1.057598e-06
6.000000e-01	8.000000e-01	2.063918e-04	1.052896e-06	1.052896e-06
8.000000e-01	1.000000e+00	2.006982e-04	1.038272e-06	1.038272e-06
1.000000e+00	1.200000e+00	1.959930e-04	1.026029e-06	1.026029e-06
1.200000e+00	1.400000e+00	1.891983e-04	1.008087e-06	1.008087e-06
1.400000e+00	1.600000e+00	1.802819e-04	9.840460e-07	9.840460e-07
1.600000e+00	1.800000e+00	1.706405e-04	9.573710e-07	9.573710e-07
1.800000e+00	2.000000e+00	1.600107e-04	9.270727e-07	9.270727e-07
2.000000e+00	2.200000e+00	1.484087e-04	8.928303e-07	8.928303e-07
2.200000e+00	2.400000e+00	1.332349e-04	8.459567e-07	8.459567e-07
2.400000e+00	2.600000e+00	1.187001e-04	7.984815e-07	7.984815e-07
2.600000e+00	2.800000e+00	1.038270e-04	7.467831e-07	7.467831e-07
2.800000e+00	3.000000e+00	8.722975e-05	6.844969e-07	6.844969e-07
3.000000e+00	3.200000e+00	6.360680e-05	5.845088e-07	5.845088e-07
3.200000e+00	3.400000e+00	5.010875e-05	5.187952e-07	5.187952e-07
3.400000e+00	3.600000e+00	3.866791e-05	4.557373e-07	4.557373e-07
3.600000e+00	3.800000e+00	2.822613e-05	3.893722e-07	3.893722e-07
3.800000e+00	4.000000e+00	1.881025e-05	3.178605e-07	3.178605e-07
4.000000e+00	4.200000e+00	1.188666e-05	2.526790e-07	2.526790e-07
4.200000e+00	4.400000e+00	6.574460e-06	1.879184e-07	1.879184e-07
4.400000e+00	4.600000e+00	3.453739e-06	1.362022e-07	1.362022e-07
4.600000e+00	4.800000e+00	1.525446e-06	9.051858e-08	9.051858e-08
4.800000e+00	5.000000e+00	5.800990e-07	5.582007e-08	5.582007e-08
# END HISTO1D


# BEGIN HISTO1D //eos/home-y/youpeng/valid/genValidation/mg35xVBS_merged.yoda.gz/MC_JETS:ENERGY=13600/jet_eta_2
ErrorBars=1
LineColor=green
LineStyle=solid
Path=//eos/home-y/youpeng/valid/genValidation/mg35xVBS_merged.yoda.gz/MC_JETS:ENERGY=13600/jet_eta_2
ScaledBy=5.51937791219804204e-10
Title=VBSZZ@LO(v35x)
# xlow	 xhigh	 val	 errminus	 errplus
-5.000000e+00	-4.800000e+00	3.863564e-07	3.265308e-08	3.265308e-08
-4.800000e+00	-4.600000e+00	7.009610e-07	4.398220e-08	4.398220e-08
-4.600000e+00	-4.400000e+00	1.617178e-06	6.680500e-08	6.680500e-08
-4.400000e+00	-4.200000e+00	3.317146e-06	9.567807e-08	9.567807e-08
-4.200000e+00	-4.000000e+00	5.836740e-06	1.269157e-07	1.269157e-07
-4.000000e+00	-3.800000e+00	9.678230e-06	1.634286e-07	1.634286e-07
-3.800000e+00	-3.600000e+00	1.439730e-05	1.993290e-07	1.993290e-07
-3.600000e+00	-3.400000e+00	1.966002e-05	2.329282e-07	2.329282e-07
-3.400000e+00	-3.200000e+00	2.556300e-05	2.656048e-07	2.656048e-07
-3.200000e+00	-3.000000e+00	3.226352e-05	2.983912e-07	2.983912e-07
-3.000000e+00	-2.800000e+00	4.454966e-05	3.506326e-07	3.506326e-07
-2.800000e+00	-2.600000e+00	5.220780e-05	3.795751e-07	3.795751e-07
-2.600000e+00	-2.400000e+00	6.054205e-05	4.087508e-07	4.087508e-07
-2.400000e+00	-2.200000e+00	6.729500e-05	4.309447e-07	4.309447e-07
-2.200000e+00	-2.000000e+00	7.385480e-05	4.514602e-07	4.514602e-07
-2.000000e+00	-1.800000e+00	7.972190e-05	4.690497e-07	4.690497e-07
-1.800000e+00	-1.600000e+00	8.654935e-05	4.887221e-07	4.887221e-07
-1.600000e+00	-1.400000e+00	9.021425e-05	4.989621e-07	4.989621e-07
-1.400000e+00	-1.200000e+00	9.582190e-05	5.142361e-07	5.142361e-07
-1.200000e+00	-1.000000e+00	9.839120e-05	5.210844e-07	5.210844e-07
-1.000000e+00	-8.000000e-01	1.019816e-04	5.305066e-07	5.305066e-07
-8.000000e-01	-6.000000e-01	1.034304e-04	5.342619e-07	5.342619e-07
-6.000000e-01	-4.000000e-01	1.051442e-04	5.386699e-07	5.386699e-07
-4.000000e-01	-2.000000e-01	1.057927e-04	5.403286e-07	5.403286e-07
-2.000000e-01	0.000000e+00	1.060686e-04	5.410328e-07	5.410328e-07
0.000000e+00	2.000000e-01	1.064439e-04	5.419892e-07	5.419892e-07
2.000000e-01	4.000000e-01	1.060051e-04	5.408708e-07	5.408708e-07
4.000000e-01	6.000000e-01	1.048047e-04	5.377997e-07	5.377997e-07
6.000000e-01	8.000000e-01	1.038885e-04	5.354437e-07	5.354437e-07
8.000000e-01	1.000000e+00	1.003064e-04	5.261316e-07	5.261316e-07
1.000000e+00	1.200000e+00	9.878305e-05	5.221212e-07	5.221212e-07
1.200000e+00	1.400000e+00	9.482015e-05	5.115411e-07	5.115411e-07
1.400000e+00	1.600000e+00	9.179000e-05	5.033011e-07	5.033011e-07
1.600000e+00	1.800000e+00	8.643070e-05	4.883870e-07	4.883870e-07
1.800000e+00	2.000000e+00	8.107690e-05	4.730191e-07	4.730191e-07
2.000000e+00	2.200000e+00	7.392380e-05	4.516710e-07	4.516710e-07
2.200000e+00	2.400000e+00	6.784145e-05	4.326907e-07	4.326907e-07
2.400000e+00	2.600000e+00	6.033510e-05	4.080515e-07	4.080515e-07
2.600000e+00	2.800000e+00	5.182695e-05	3.781881e-07	3.781881e-07
2.800000e+00	3.000000e+00	4.440615e-05	3.500674e-07	3.500674e-07
3.000000e+00	3.200000e+00	3.145493e-05	2.946283e-07	2.946283e-07
3.200000e+00	3.400000e+00	2.507178e-05	2.630405e-07	2.630405e-07
3.400000e+00	3.600000e+00	1.945029e-05	2.316824e-07	2.316824e-07
3.600000e+00	3.800000e+00	1.396955e-05	1.963456e-07	1.963456e-07
3.800000e+00	4.000000e+00	9.614755e-06	1.628918e-07	1.628918e-07
4.000000e+00	4.200000e+00	5.952650e-06	1.281697e-07	1.281697e-07
4.200000e+00	4.400000e+00	3.306107e-06	9.551873e-08	9.551873e-08
4.400000e+00	4.600000e+00	1.677891e-06	6.804747e-08	6.804747e-08
4.600000e+00	4.800000e+00	7.616740e-07	4.584740e-08	4.584740e-08
4.800000e+00	5.000000e+00	2.759689e-07	2.759689e-08	2.759689e-08
# END HISTO1D

