# BEGIN PLOT
Legend=1
LogY=1
Title=Pseudorapidity of leading jet
XLabel=$\eta(\mathrm{jet~1})$
YLabel=$\mathrm{d}\sigma/\mathrm{d}\eta(\mathrm{jet~1})$ [pb]
LegendYPos=0.5
LegendXPos=0.30
RemoveOptions=1
DrawOnly=//eos/home-y/youpeng/valid/genValidation/masterVBS_merged.yoda.gz/MC_JETS:ENERGY=13600/jet_eta_1 //eos/home-y/youpeng/valid/genValidation/mg352VBS_merged.yoda.gz/MC_JETS:ENERGY=13600/jet_eta_1 //eos/home-y/youpeng/valid/genValidation/mg35xVBS_merged.yoda.gz/MC_JETS:ENERGY=13600/jet_eta_1
LegendOnly=//eos/home-y/youpeng/valid/genValidation/masterVBS_merged.yoda.gz/MC_JETS:ENERGY=13600/jet_eta_1 //eos/home-y/youpeng/valid/genValidation/mg352VBS_merged.yoda.gz/MC_JETS:ENERGY=13600/jet_eta_1 //eos/home-y/youpeng/valid/genValidation/mg35xVBS_merged.yoda.gz/MC_JETS:ENERGY=13600/jet_eta_1
RatioPlot=1
RatioPlotReference=//eos/home-y/youpeng/valid/genValidation/masterVBS_merged.yoda.gz/MC_JETS:ENERGY=13600/jet_eta_1
RatioPlotYLabel=Ratio
# END PLOT

# BEGIN HISTO1D //eos/home-y/youpeng/valid/genValidation/masterVBS_merged.yoda.gz/MC_JETS:ENERGY=13600/jet_eta_1
ErrorBars=1
LineColor=red
LineStyle=solid
Path=//eos/home-y/youpeng/valid/genValidation/masterVBS_merged.yoda.gz/MC_JETS:ENERGY=13600/jet_eta_1
ScaledBy=1.07182617187499956e-09
Title=VBSZZ@LO(v2918)
# xlow	 xhigh	 val	 errminus	 errplus
-5.000000e+00	-4.800000e+00	1.393374e-07	2.732631e-08	2.732631e-08
-4.800000e+00	-4.600000e+00	4.983991e-07	5.168160e-08	5.168160e-08
-4.600000e+00	-4.400000e+00	1.441606e-06	8.789629e-08	8.789629e-08
-4.400000e+00	-4.200000e+00	3.295865e-06	1.329021e-07	1.329021e-07
-4.200000e+00	-4.000000e+00	6.966870e-06	1.932262e-07	1.932262e-07
-4.000000e+00	-3.800000e+00	1.280296e-05	2.619404e-07	2.619404e-07
-3.800000e+00	-3.600000e+00	2.109890e-05	3.362614e-07	3.362614e-07
-3.600000e+00	-3.400000e+00	3.320517e-05	4.218422e-07	4.218422e-07
-3.400000e+00	-3.200000e+00	4.765339e-05	5.053521e-07	5.053521e-07
-3.200000e+00	-3.000000e+00	6.506520e-05	5.905023e-07	5.905023e-07
-3.000000e+00	-2.800000e+00	9.073545e-05	6.973256e-07	6.973256e-07
-2.800000e+00	-2.600000e+00	1.119469e-04	7.745566e-07	7.745566e-07
-2.600000e+00	-2.400000e+00	1.311808e-04	8.384599e-07	8.384599e-07
-2.400000e+00	-2.200000e+00	1.486141e-04	8.924361e-07	8.924361e-07
-2.200000e+00	-2.000000e+00	1.652113e-04	9.409511e-07	9.409511e-07
-2.000000e+00	-1.800000e+00	1.738824e-04	9.653281e-07	9.653281e-07
-1.800000e+00	-1.600000e+00	1.842684e-04	9.937395e-07	9.937395e-07
-1.600000e+00	-1.400000e+00	1.924785e-04	1.015637e-06	1.015637e-06
-1.400000e+00	-1.200000e+00	1.912942e-04	1.012507e-06	1.012507e-06
-1.200000e+00	-1.000000e+00	1.941077e-04	1.019926e-06	1.019926e-06
-1.000000e+00	-8.000000e-01	1.951581e-04	1.022682e-06	1.022682e-06
-8.000000e-01	-6.000000e-01	1.940434e-04	1.019757e-06	1.019757e-06
-6.000000e-01	-4.000000e-01	1.936254e-04	1.018658e-06	1.018658e-06
-4.000000e-01	-2.000000e-01	1.950402e-04	1.022373e-06	1.022373e-06
-2.000000e-01	0.000000e+00	1.945633e-04	1.021122e-06	1.021122e-06
0.000000e+00	2.000000e-01	1.935289e-04	1.018404e-06	1.018404e-06
2.000000e-01	4.000000e-01	1.932610e-04	1.017699e-06	1.017699e-06
4.000000e-01	6.000000e-01	1.944454e-04	1.020812e-06	1.020812e-06
6.000000e-01	8.000000e-01	1.965354e-04	1.026284e-06	1.026284e-06
8.000000e-01	1.000000e+00	1.936951e-04	1.018841e-06	1.018841e-06
1.000000e+00	1.200000e+00	1.945365e-04	1.021052e-06	1.021052e-06
1.200000e+00	1.400000e+00	1.907369e-04	1.011031e-06	1.011031e-06
1.400000e+00	1.600000e+00	1.879661e-04	1.003661e-06	1.003661e-06
1.600000e+00	1.800000e+00	1.818193e-04	9.871135e-07	9.871135e-07
1.800000e+00	2.000000e+00	1.756563e-04	9.702395e-07	9.702395e-07
2.000000e+00	2.200000e+00	1.618564e-04	9.313485e-07	9.313485e-07
2.200000e+00	2.400000e+00	1.483944e-04	8.917762e-07	8.917762e-07
2.400000e+00	2.600000e+00	1.314595e-04	8.393500e-07	8.393500e-07
2.600000e+00	2.800000e+00	1.124239e-04	7.762049e-07	7.762049e-07
2.800000e+00	3.000000e+00	9.120170e-05	6.991150e-07	6.991150e-07
3.000000e+00	3.200000e+00	6.474365e-05	5.890414e-07	5.890414e-07
3.200000e+00	3.400000e+00	4.830185e-05	5.087789e-07	5.087789e-07
3.400000e+00	3.600000e+00	3.328020e-05	4.223185e-07	4.223185e-07
3.600000e+00	3.800000e+00	2.080951e-05	3.339474e-07	3.339474e-07
3.800000e+00	4.000000e+00	1.267970e-05	2.606764e-07	2.606764e-07
4.000000e+00	4.200000e+00	6.752505e-06	1.902303e-07	1.902303e-07
4.200000e+00	4.400000e+00	3.210119e-06	1.311619e-07	1.311619e-07
4.400000e+00	4.600000e+00	1.479120e-06	8.903256e-08	8.903256e-08
4.600000e+00	4.800000e+00	4.501670e-07	4.911724e-08	4.911724e-08
4.800000e+00	5.000000e+00	1.714922e-07	3.031582e-08	3.031582e-08
# END HISTO1D


# BEGIN HISTO1D //eos/home-y/youpeng/valid/genValidation/mg352VBS_merged.yoda.gz/MC_JETS:ENERGY=13600/jet_eta_1
ErrorBars=1
LineColor=blue
LineStyle=solid
Path=//eos/home-y/youpeng/valid/genValidation/mg352VBS_merged.yoda.gz/MC_JETS:ENERGY=13600/jet_eta_1
ScaledBy=1.07425781250000051e-09
Title=VBSZZ@LO(v352)
# xlow	 xhigh	 val	 errminus	 errplus
-5.000000e+00	-4.800000e+00	2.148515e-07	3.397101e-08	3.397101e-08
-4.800000e+00	-4.600000e+00	5.800990e-07	5.582007e-08	5.582007e-08
-4.600000e+00	-4.400000e+00	1.380422e-06	8.610832e-08	8.610832e-08
-4.400000e+00	-4.200000e+00	3.459110e-06	1.363080e-07	1.363080e-07
-4.200000e+00	-4.000000e+00	7.385520e-06	1.991727e-07	1.991727e-07
-4.000000e+00	-3.800000e+00	1.386867e-05	2.729334e-07	2.729334e-07
-3.800000e+00	-3.600000e+00	2.295152e-05	3.511114e-07	3.511114e-07
-3.600000e+00	-3.400000e+00	3.685778e-05	4.449425e-07	4.449425e-07
-3.400000e+00	-3.200000e+00	5.152140e-05	5.260573e-07	5.260573e-07
-3.200000e+00	-3.000000e+00	6.774805e-05	6.032367e-07	6.032367e-07
-3.000000e+00	-2.800000e+00	9.298240e-05	7.067073e-07	7.067073e-07
-2.800000e+00	-2.600000e+00	1.156009e-04	7.879884e-07	7.879884e-07
-2.600000e+00	-2.400000e+00	1.342768e-04	8.492584e-07	8.492584e-07
-2.400000e+00	-2.200000e+00	1.529260e-04	9.063164e-07	9.063164e-07
-2.200000e+00	-2.000000e+00	1.651456e-04	9.418307e-07	9.418307e-07
-2.000000e+00	-1.800000e+00	1.743682e-04	9.677715e-07	9.677715e-07
-1.800000e+00	-1.600000e+00	1.830589e-04	9.915958e-07	9.915958e-07
-1.600000e+00	-1.400000e+00	1.888276e-04	1.007099e-06	1.007099e-06
-1.400000e+00	-1.200000e+00	1.934577e-04	1.019371e-06	1.019371e-06
-1.200000e+00	-1.000000e+00	1.934148e-04	1.019258e-06	1.019258e-06
-1.000000e+00	-8.000000e-01	1.941184e-04	1.021110e-06	1.021110e-06
-8.000000e-01	-6.000000e-01	1.937746e-04	1.020206e-06	1.020206e-06
-6.000000e-01	-4.000000e-01	1.921203e-04	1.015841e-06	1.015841e-06
-4.000000e-01	-2.000000e-01	1.900523e-04	1.010359e-06	1.010359e-06
-2.000000e-01	0.000000e+00	1.909547e-04	1.012755e-06	1.012755e-06
0.000000e+00	2.000000e-01	1.920880e-04	1.015756e-06	1.015756e-06
2.000000e-01	4.000000e-01	1.913253e-04	1.013737e-06	1.013737e-06
4.000000e-01	6.000000e-01	1.919108e-04	1.015287e-06	1.015287e-06
6.000000e-01	8.000000e-01	1.901275e-04	1.010559e-06	1.010559e-06
8.000000e-01	1.000000e+00	1.935168e-04	1.019527e-06	1.019527e-06
1.000000e+00	1.200000e+00	1.924265e-04	1.016650e-06	1.016650e-06
1.200000e+00	1.400000e+00	1.918786e-04	1.015202e-06	1.015202e-06
1.400000e+00	1.600000e+00	1.880058e-04	1.004905e-06	1.004905e-06
1.600000e+00	1.800000e+00	1.824144e-04	9.898486e-07	9.898486e-07
1.800000e+00	2.000000e+00	1.738848e-04	9.664291e-07	9.664291e-07
2.000000e+00	2.200000e+00	1.653390e-04	9.423820e-07	9.423820e-07
2.200000e+00	2.400000e+00	1.506432e-04	8.995265e-07	8.995265e-07
2.400000e+00	2.600000e+00	1.331650e-04	8.457350e-07	8.457350e-07
2.600000e+00	2.800000e+00	1.138230e-04	7.819055e-07	7.819055e-07
2.800000e+00	3.000000e+00	9.234855e-05	7.042947e-07	7.042947e-07
3.000000e+00	3.200000e+00	6.574460e-05	5.942502e-07	5.942502e-07
3.200000e+00	3.400000e+00	4.877668e-05	5.118533e-07	5.118533e-07
3.400000e+00	3.600000e+00	3.418288e-05	4.284929e-07	4.284929e-07
3.600000e+00	3.800000e+00	2.201155e-05	3.438464e-07	3.438464e-07
3.800000e+00	4.000000e+00	1.289646e-05	2.631932e-07	2.631932e-07
4.000000e+00	4.200000e+00	7.084730e-06	1.950747e-07	1.950747e-07
4.200000e+00	4.400000e+00	3.410768e-06	1.353522e-07	1.353522e-07
4.400000e+00	4.600000e+00	1.418021e-06	8.727312e-08	8.727312e-08
4.600000e+00	4.800000e+00	5.049010e-07	5.207658e-08	5.207658e-08
4.800000e+00	5.000000e+00	1.772525e-07	3.085570e-08	3.085570e-08
# END HISTO1D


# BEGIN HISTO1D //eos/home-y/youpeng/valid/genValidation/mg35xVBS_merged.yoda.gz/MC_JETS:ENERGY=13600/jet_eta_1
ErrorBars=1
LineColor=green
LineStyle=solid
Path=//eos/home-y/youpeng/valid/genValidation/mg35xVBS_merged.yoda.gz/MC_JETS:ENERGY=13600/jet_eta_1
ScaledBy=5.51937791219804204e-10
Title=VBSZZ@LO(v35x)
# xlow	 xhigh	 val	 errminus	 errplus
-5.000000e+00	-4.800000e+00	7.175190e-08	1.407171e-08	1.407171e-08
-4.800000e+00	-4.600000e+00	3.587595e-07	3.146529e-08	3.146529e-08
-4.600000e+00	-4.400000e+00	7.478755e-07	4.543021e-08	4.543021e-08
-4.400000e+00	-4.200000e+00	1.785519e-06	7.019599e-08	7.019599e-08
-4.200000e+00	-4.000000e+00	3.308867e-06	9.555859e-08	9.555859e-08
-4.000000e+00	-3.800000e+00	6.695005e-06	1.359269e-07	1.359269e-07
-3.800000e+00	-3.600000e+00	1.169280e-05	1.796344e-07	1.796344e-07
-3.600000e+00	-3.400000e+00	1.762613e-05	2.205508e-07	2.205508e-07
-3.400000e+00	-3.200000e+00	2.575894e-05	2.666208e-07	2.666208e-07
-3.200000e+00	-3.000000e+00	3.404904e-05	3.065367e-07	3.065367e-07
-3.000000e+00	-2.800000e+00	4.759359e-05	3.624135e-07	3.624135e-07
-2.800000e+00	-2.600000e+00	5.771340e-05	3.990877e-07	3.990877e-07
-2.600000e+00	-2.400000e+00	6.833540e-05	4.342632e-07	4.342632e-07
-2.400000e+00	-2.200000e+00	7.671660e-05	4.601238e-07	4.601238e-07
-2.200000e+00	-2.000000e+00	8.263060e-05	4.775299e-07	4.775299e-07
-2.000000e+00	-1.800000e+00	8.854185e-05	4.943157e-07	4.943157e-07
-1.800000e+00	-1.600000e+00	9.194455e-05	5.037246e-07	5.037246e-07
-1.600000e+00	-1.400000e+00	9.485325e-05	5.116302e-07	5.116302e-07
-1.400000e+00	-1.200000e+00	9.654495e-05	5.161725e-07	5.161725e-07
-1.200000e+00	-1.000000e+00	9.609235e-05	5.149612e-07	5.149612e-07
-1.000000e+00	-8.000000e-01	9.758810e-05	5.189535e-07	5.189535e-07
-8.000000e-01	-6.000000e-01	9.678230e-05	5.168065e-07	5.168065e-07
-6.000000e-01	-4.000000e-01	9.672985e-05	5.166665e-07	5.166665e-07
-4.000000e-01	-2.000000e-01	9.757710e-05	5.189244e-07	5.189244e-07
-2.000000e-01	0.000000e+00	9.662775e-05	5.163937e-07	5.163937e-07
0.000000e+00	2.000000e-01	9.575295e-05	5.140508e-07	5.140508e-07
2.000000e-01	4.000000e-01	9.716035e-05	5.178151e-07	5.178151e-07
4.000000e-01	6.000000e-01	9.688715e-05	5.170865e-07	5.170865e-07
6.000000e-01	8.000000e-01	9.736735e-05	5.183662e-07	5.183662e-07
8.000000e-01	1.000000e+00	9.747775e-05	5.186601e-07	5.186601e-07
1.000000e+00	1.200000e+00	9.637940e-05	5.157296e-07	5.157296e-07
1.200000e+00	1.400000e+00	9.658085e-05	5.162683e-07	5.162683e-07
1.400000e+00	1.600000e+00	9.393155e-05	5.091382e-07	5.091382e-07
1.600000e+00	1.800000e+00	9.192800e-05	5.036792e-07	5.036792e-07
1.800000e+00	2.000000e+00	8.791265e-05	4.925562e-07	4.925562e-07
2.000000e+00	2.200000e+00	8.313285e-05	4.789790e-07	4.789790e-07
2.200000e+00	2.400000e+00	7.591350e-05	4.577092e-07	4.577092e-07
2.400000e+00	2.600000e+00	6.723430e-05	4.307502e-07	4.307502e-07
2.600000e+00	2.800000e+00	5.734360e-05	3.978070e-07	3.978070e-07
2.800000e+00	3.000000e+00	4.703338e-05	3.602742e-07	3.602742e-07
3.000000e+00	3.200000e+00	3.322665e-05	3.028122e-07	3.028122e-07
3.200000e+00	3.400000e+00	2.474889e-05	2.613413e-07	2.613413e-07
3.400000e+00	3.600000e+00	1.722322e-05	2.180154e-07	2.180154e-07
3.600000e+00	3.800000e+00	1.103600e-05	1.745163e-07	1.745163e-07
3.800000e+00	4.000000e+00	6.361085e-06	1.324938e-07	1.324938e-07
4.000000e+00	4.200000e+00	3.601394e-06	9.969317e-08	9.969317e-08
4.200000e+00	4.400000e+00	1.713767e-06	6.877109e-08	6.877109e-08
4.400000e+00	4.600000e+00	6.871625e-07	4.354716e-08	4.354716e-08
4.600000e+00	4.800000e+00	3.339223e-07	3.035658e-08	3.035658e-08
4.800000e+00	5.000000e+00	6.071315e-08	1.294409e-08	1.294409e-08
# END HISTO1D

