# BEGIN PLOT
Legend=1
LogY=1
Title=Pseudorapidity separation between jets
LegendYPos=0.5
LegendXPos=0.30
XLabel=$\Delta\eta(\mathrm{jet~1,~jet~3})$
YLabel=$\mathrm{d}\sigma/\mathrm{d}\Delta\eta(\mathrm{jet~1,~jet~3})$ [pb]
RemoveOptions=1
DrawOnly=//eos/home-y/youpeng/valid/genValidation/masterVBS_merged.yoda.gz/MC_JETS:ENERGY=13600/jets_deta_13 //eos/home-y/youpeng/valid/genValidation/mg352VBS_merged.yoda.gz/MC_JETS:ENERGY=13600/jets_deta_13 //eos/home-y/youpeng/valid/genValidation/mg35xVBS_merged.yoda.gz/MC_JETS:ENERGY=13600/jets_deta_13
LegendOnly=//eos/home-y/youpeng/valid/genValidation/masterVBS_merged.yoda.gz/MC_JETS:ENERGY=13600/jets_deta_13 //eos/home-y/youpeng/valid/genValidation/mg352VBS_merged.yoda.gz/MC_JETS:ENERGY=13600/jets_deta_13 //eos/home-y/youpeng/valid/genValidation/mg35xVBS_merged.yoda.gz/MC_JETS:ENERGY=13600/jets_deta_13
RatioPlot=1
RatioPlotReference=//eos/home-y/youpeng/valid/genValidation/masterVBS_merged.yoda.gz/MC_JETS:ENERGY=13600/jets_deta_13
RatioPlotYLabel=Ratio
# END PLOT

# BEGIN HISTO1D //eos/home-y/youpeng/valid/genValidation/masterVBS_merged.yoda.gz/MC_JETS:ENERGY=13600/jets_deta_13
ErrorBars=1
LineColor=red
LineStyle=solid
Path=//eos/home-y/youpeng/valid/genValidation/masterVBS_merged.yoda.gz/MC_JETS:ENERGY=13600/jets_deta_13
ScaledBy=1.07182617187499956e-09
Title=VBSZZ@LO(v2918)
# xlow	 xhigh	 val	 errminus	 errplus
-5.000000e+00	-4.600000e+00	3.377325e-05	3.008282e-07	3.008282e-07
-4.600000e+00	-4.200000e+00	4.613675e-05	3.516055e-07	3.516055e-07
-4.200000e+00	-3.800000e+00	5.911657e-05	3.980035e-07	3.980035e-07
-3.800000e+00	-3.400000e+00	7.299405e-05	4.422582e-07	4.422582e-07
-3.400000e+00	-3.000000e+00	8.906340e-05	4.885194e-07	4.885194e-07
-3.000000e+00	-2.600000e+00	1.031686e-04	5.257823e-07	5.257823e-07
-2.600000e+00	-2.200000e+00	1.186003e-04	5.637350e-07	5.637350e-07
-2.200000e+00	-1.800000e+00	1.291926e-04	5.883706e-07	5.883706e-07
-1.800000e+00	-1.400000e+00	1.374563e-04	6.068964e-07	6.068964e-07
-1.400000e+00	-1.000000e+00	1.411006e-04	6.148888e-07	6.148888e-07
-1.000000e+00	-6.000000e-01	1.478343e-04	6.293899e-07	6.293899e-07
-6.000000e-01	-2.000000e-01	1.512025e-04	6.365195e-07	6.365195e-07
-2.000000e-01	2.000000e-01	1.459184e-04	6.252983e-07	6.252983e-07
2.000000e-01	6.000000e-01	1.507979e-04	6.356673e-07	6.356673e-07
6.000000e-01	1.000000e+00	1.474056e-04	6.284766e-07	6.284766e-07
1.000000e+00	1.400000e+00	1.417999e-04	6.164107e-07	6.164107e-07
1.400000e+00	1.800000e+00	1.349081e-04	6.012445e-07	6.012445e-07
1.800000e+00	2.200000e+00	1.289434e-04	5.878028e-07	5.878028e-07
2.200000e+00	2.600000e+00	1.188843e-04	5.644096e-07	5.644096e-07
2.600000e+00	3.000000e+00	1.043744e-04	5.288460e-07	5.288460e-07
3.000000e+00	3.400000e+00	8.893210e-05	4.881592e-07	4.881592e-07
3.400000e+00	3.800000e+00	7.325933e-05	4.430611e-07	4.430611e-07
3.800000e+00	4.200000e+00	5.891292e-05	3.973173e-07	3.973173e-07
4.200000e+00	4.600000e+00	4.586075e-05	3.505523e-07	3.505523e-07
4.600000e+00	5.000000e+00	3.441902e-05	3.036906e-07	3.036906e-07
# END HISTO1D


# BEGIN HISTO1D //eos/home-y/youpeng/valid/genValidation/mg352VBS_merged.yoda.gz/MC_JETS:ENERGY=13600/jets_deta_13
ErrorBars=1
LineColor=blue
LineStyle=solid
Path=//eos/home-y/youpeng/valid/genValidation/mg352VBS_merged.yoda.gz/MC_JETS:ENERGY=13600/jets_deta_13
ScaledBy=1.07425781250000051e-09
Title=VBSZZ@LO(v352)
# xlow	 xhigh	 val	 errminus	 errplus
-5.000000e+00	-4.600000e+00	3.565730e-05	3.094557e-07	3.094557e-07
-4.600000e+00	-4.200000e+00	4.624413e-05	3.524135e-07	3.524135e-07
-4.200000e+00	-3.800000e+00	5.937692e-05	3.993311e-07	3.993311e-07
-3.800000e+00	-3.400000e+00	7.412380e-05	4.461728e-07	4.461728e-07
-3.400000e+00	-3.000000e+00	8.974888e-05	4.909517e-07	4.909517e-07
-3.000000e+00	-2.600000e+00	1.058332e-04	5.331325e-07	5.331325e-07
-2.600000e+00	-2.200000e+00	1.187404e-04	5.647074e-07	5.647074e-07
-2.200000e+00	-1.800000e+00	1.307586e-04	5.925971e-07	5.925971e-07
-1.800000e+00	-1.400000e+00	1.374244e-04	6.075139e-07	6.075139e-07
-1.400000e+00	-1.000000e+00	1.401181e-04	6.134391e-07	6.134391e-07
-1.000000e+00	-6.000000e-01	1.472727e-04	6.289054e-07	6.289054e-07
-6.000000e-01	-2.000000e-01	1.513710e-04	6.375960e-07	6.375960e-07
-2.000000e-01	2.000000e-01	1.444984e-04	6.229538e-07	6.229538e-07
2.000000e-01	6.000000e-01	1.512985e-04	6.374433e-07	6.374433e-07
6.000000e-01	1.000000e+00	1.475440e-04	6.294844e-07	6.294844e-07
1.000000e+00	1.400000e+00	1.412139e-04	6.158330e-07	6.158330e-07
1.400000e+00	1.800000e+00	1.367584e-04	6.060400e-07	6.060400e-07
1.800000e+00	2.200000e+00	1.285134e-04	5.874874e-07	5.874874e-07
2.200000e+00	2.600000e+00	1.171908e-04	5.610105e-07	5.610105e-07
2.600000e+00	3.000000e+00	1.041171e-04	5.287924e-07	5.287924e-07
3.000000e+00	3.400000e+00	8.877935e-05	4.882927e-07	4.882927e-07
3.400000e+00	3.800000e+00	7.335838e-05	4.438632e-07	4.438632e-07
3.800000e+00	4.200000e+00	5.886665e-05	3.976115e-07	3.976115e-07
4.200000e+00	4.600000e+00	4.599973e-05	3.514810e-07	3.514810e-07
4.600000e+00	5.000000e+00	3.508795e-05	3.069752e-07	3.069752e-07
# END HISTO1D


# BEGIN HISTO1D //eos/home-y/youpeng/valid/genValidation/mg35xVBS_merged.yoda.gz/MC_JETS:ENERGY=13600/jets_deta_13
ErrorBars=1
LineColor=green
LineStyle=solid
Path=//eos/home-y/youpeng/valid/genValidation/mg35xVBS_merged.yoda.gz/MC_JETS:ENERGY=13600/jets_deta_13
ScaledBy=5.51937791219804204e-10
Title=VBSZZ@LO(v35x)
# xlow	 xhigh	 val	 errminus	 errplus
-5.000000e+00	-4.600000e+00	1.767719e-05	1.561786e-07	1.561786e-07
-4.600000e+00	-4.200000e+00	2.351393e-05	1.801265e-07	1.801265e-07
-4.200000e+00	-3.800000e+00	3.030277e-05	2.044825e-07	2.044825e-07
-3.800000e+00	-3.400000e+00	3.751108e-05	2.275070e-07	2.275070e-07
-3.400000e+00	-3.000000e+00	4.531960e-05	2.500680e-07	2.500680e-07
-3.000000e+00	-2.600000e+00	5.317645e-05	2.708787e-07	2.708787e-07
-2.600000e+00	-2.200000e+00	5.998323e-05	2.876934e-07	2.876934e-07
-2.200000e+00	-1.800000e+00	6.512727e-05	2.997757e-07	2.997757e-07
-1.800000e+00	-1.400000e+00	6.948897e-05	3.096513e-07	3.096513e-07
-1.400000e+00	-1.000000e+00	7.115858e-05	3.133492e-07	3.133492e-07
-1.000000e+00	-6.000000e-01	7.418457e-05	3.199425e-07	3.199425e-07
-6.000000e-01	-2.000000e-01	7.642408e-05	3.247358e-07	3.247358e-07
-2.000000e-01	2.000000e-01	7.325457e-05	3.179306e-07	3.179306e-07
2.000000e-01	6.000000e-01	7.629988e-05	3.244718e-07	3.244718e-07
6.000000e-01	1.000000e+00	7.415975e-05	3.198889e-07	3.198889e-07
1.000000e+00	1.400000e+00	7.065080e-05	3.122293e-07	3.122293e-07
1.400000e+00	1.800000e+00	6.873005e-05	3.079559e-07	3.079559e-07
1.800000e+00	2.200000e+00	6.443597e-05	2.981805e-07	2.981805e-07
2.200000e+00	2.600000e+00	5.887935e-05	2.850339e-07	2.850339e-07
2.600000e+00	3.000000e+00	5.202565e-05	2.679315e-07	2.679315e-07
3.000000e+00	3.400000e+00	4.438683e-05	2.474812e-07	2.474812e-07
3.400000e+00	3.800000e+00	3.704468e-05	2.260883e-07	2.260883e-07
3.800000e+00	4.200000e+00	2.983500e-05	2.028981e-07	2.028981e-07
4.200000e+00	4.600000e+00	2.331385e-05	1.793585e-07	1.793585e-07
4.600000e+00	5.000000e+00	1.745365e-05	1.551880e-07	1.551880e-07
# END HISTO1D

