# BEGIN PLOT
Legend=1
LogY=1
Title=Azimuthal separation between jets
LegendXPos=0.1
XLabel=$\Delta\phi(\mathrm{jet~1,~jet~3})$
YLabel=$\mathrm{d}\sigma/\mathrm{d}\Delta\phi(\mathrm{jet~1,~jet~3})$ [pb]
RemoveOptions=1
DrawOnly=//ospool/cms-user/youpeng/genvalid/genValidation/masterVBS_merged.yoda.gz/MC_JETS:ENERGY=13600/jets_dphi_13 //ospool/cms-user/youpeng/genvalid/genValidation/mg352VBS_merged.yoda.gz/MC_JETS:ENERGY=13600/jets_dphi_13 //ospool/cms-user/youpeng/genvalid/genValidation/mg35xVBS_merged.yoda.gz/MC_JETS:ENERGY=13600/jets_dphi_13
LegendOnly=//ospool/cms-user/youpeng/genvalid/genValidation/masterVBS_merged.yoda.gz/MC_JETS:ENERGY=13600/jets_dphi_13 //ospool/cms-user/youpeng/genvalid/genValidation/mg352VBS_merged.yoda.gz/MC_JETS:ENERGY=13600/jets_dphi_13 //ospool/cms-user/youpeng/genvalid/genValidation/mg35xVBS_merged.yoda.gz/MC_JETS:ENERGY=13600/jets_dphi_13
RatioPlot=1
RatioPlotReference=//ospool/cms-user/youpeng/genvalid/genValidation/masterVBS_merged.yoda.gz/MC_JETS:ENERGY=13600/jets_dphi_13
RatioPlotYLabel=Ratio
# END PLOT

# BEGIN HISTO1D //ospool/cms-user/youpeng/genvalid/genValidation/masterVBS_merged.yoda.gz/MC_JETS:ENERGY=13600/jets_dphi_13
ErrorBars=1
LineColor=red
LineStyle=solid
Path=//ospool/cms-user/youpeng/genvalid/genValidation/masterVBS_merged.yoda.gz/MC_JETS:ENERGY=13600/jets_dphi_13
ScaledBy=1.07182617187499956e-09
Title=VBSZZ@LO(v2918)
# xlow	 xhigh	 val	 errminus	 errplus
0.000000e+00	1.256637e-01	8.889258e-05	8.707430e-07	8.707430e-07
1.256637e-01	2.513274e-01	9.396755e-05	8.952537e-07	8.952537e-07
2.513274e-01	3.769911e-01	1.013966e-04	9.299700e-07	9.299700e-07
3.769911e-01	5.026548e-01	1.235131e-04	1.026393e-06	1.026393e-06
5.026548e-01	6.283185e-01	1.248607e-04	1.031978e-06	1.031978e-06
6.283185e-01	7.539822e-01	1.286904e-04	1.047684e-06	1.047684e-06
7.539822e-01	8.796459e-01	1.327760e-04	1.064185e-06	1.064185e-06
8.796459e-01	1.005310e+00	1.423283e-04	1.101799e-06	1.101799e-06
1.005310e+00	1.130973e+00	1.565907e-04	1.155690e-06	1.155690e-06
1.130973e+00	1.256637e+00	1.764798e-04	1.226886e-06	1.226886e-06
1.256637e+00	1.382301e+00	1.990057e-04	1.302835e-06	1.302835e-06
1.382301e+00	1.507964e+00	2.294656e-04	1.398999e-06	1.398999e-06
1.507964e+00	1.633628e+00	2.660545e-04	1.506406e-06	1.506406e-06
1.633628e+00	1.759292e+00	3.116180e-04	1.630302e-06	1.630302e-06
1.759292e+00	1.884956e+00	3.573180e-04	1.745759e-06	1.745759e-06
1.884956e+00	2.010619e+00	4.104418e-04	1.871045e-06	1.871045e-06
2.010619e+00	2.136283e+00	4.674569e-04	1.996768e-06	1.996768e-06
2.136283e+00	2.261947e+00	5.202533e-04	2.106513e-06	2.106513e-06
2.261947e+00	2.387610e+00	5.755960e-04	2.215733e-06	2.215733e-06
2.387610e+00	2.513274e+00	6.239099e-04	2.306841e-06	2.306841e-06
2.513274e+00	2.638938e+00	6.599718e-04	2.372572e-06	2.372572e-06
2.638938e+00	2.764602e+00	6.921016e-04	2.429639e-06	2.429639e-06
2.764602e+00	2.890265e+00	7.066241e-04	2.455007e-06	2.455007e-06
2.890265e+00	3.015929e+00	7.126146e-04	2.465381e-06	2.465381e-06
3.015929e+00	3.141593e+00	7.191480e-04	2.476657e-06	2.476657e-06
# END HISTO1D


# BEGIN HISTO1D //ospool/cms-user/youpeng/genvalid/genValidation/mg352VBS_merged.yoda.gz/MC_JETS:ENERGY=13600/jets_dphi_13
ErrorBars=1
LineColor=blue
LineStyle=solid
Path=//ospool/cms-user/youpeng/genvalid/genValidation/mg352VBS_merged.yoda.gz/MC_JETS:ENERGY=13600/jets_dphi_13
ScaledBy=1.07425781250000051e-09
Title=VBSZZ@LO(v352)
# xlow	 xhigh	 val	 errminus	 errplus
0.000000e+00	1.256637e-01	9.055606e-05	8.798491e-07	8.798491e-07
1.256637e-01	2.513274e-01	9.261632e-05	8.898014e-07	8.898014e-07
2.513274e-01	3.769911e-01	1.033876e-04	9.401209e-07	9.401209e-07
3.769911e-01	5.026548e-01	1.230838e-04	1.025769e-06	1.025769e-06
5.026548e-01	6.283185e-01	1.268025e-04	1.041150e-06	1.041150e-06
6.283185e-01	7.539822e-01	1.271615e-04	1.042623e-06	1.042623e-06
7.539822e-01	8.796459e-01	1.319403e-04	1.062033e-06	1.062033e-06
8.796459e-01	1.005310e+00	1.428735e-04	1.105158e-06	1.105158e-06
1.005310e+00	1.130973e+00	1.576812e-04	1.161022e-06	1.161022e-06
1.130973e+00	1.256637e+00	1.743669e-04	1.220902e-06	1.220902e-06
1.256637e+00	1.382301e+00	1.997649e-04	1.306798e-06	1.306798e-06
1.382301e+00	1.507964e+00	2.301914e-04	1.402798e-06	1.402798e-06
1.507964e+00	1.633628e+00	2.690945e-04	1.516705e-06	1.516705e-06
1.633628e+00	1.759292e+00	3.067684e-04	1.619400e-06	1.619400e-06
1.759292e+00	1.884956e+00	3.560599e-04	1.744658e-06	1.744658e-06
1.884956e+00	2.010619e+00	4.121765e-04	1.877121e-06	1.877121e-06
2.010619e+00	2.136283e+00	4.694236e-04	2.003232e-06	2.003232e-06
2.136283e+00	2.261947e+00	5.220576e-04	2.112555e-06	2.112555e-06
2.261947e+00	2.387610e+00	5.748074e-04	2.216724e-06	2.216724e-06
2.387610e+00	2.513274e+00	6.265307e-04	2.314302e-06	2.314302e-06
2.513274e+00	2.638938e+00	6.651023e-04	2.384476e-06	2.384476e-06
2.638938e+00	2.764602e+00	6.931162e-04	2.434175e-06	2.434175e-06
2.764602e+00	2.890265e+00	7.083298e-04	2.460755e-06	2.460755e-06
2.890265e+00	3.015929e+00	7.160265e-04	2.474078e-06	2.474078e-06
3.015929e+00	3.141593e+00	7.207881e-04	2.482291e-06	2.482291e-06
# END HISTO1D


# BEGIN HISTO1D //ospool/cms-user/youpeng/genvalid/genValidation/mg35xVBS_merged.yoda.gz/MC_JETS:ENERGY=13600/jets_dphi_13
ErrorBars=1
LineColor=green
LineStyle=solid
Path=//ospool/cms-user/youpeng/genvalid/genValidation/mg35xVBS_merged.yoda.gz/MC_JETS:ENERGY=13600/jets_dphi_13
ScaledBy=5.51937791219804204e-10
Title=VBSZZ@LO(v35x)
# xlow	 xhigh	 val	 errminus	 errplus
0.000000e+00	1.256637e-01	4.538880e-05	4.464928e-07	4.464928e-07
1.256637e-01	2.513274e-01	4.659226e-05	4.523734e-07	4.523734e-07
2.513274e-01	3.769911e-01	5.131386e-05	4.747418e-07	4.747418e-07
3.769911e-01	5.026548e-01	6.166623e-05	5.204318e-07	5.204318e-07
5.026548e-01	6.283185e-01	6.335722e-05	5.275191e-07	5.275191e-07
6.283185e-01	7.539822e-01	6.585198e-05	5.378046e-07	5.378046e-07
7.539822e-01	8.796459e-01	6.767473e-05	5.451970e-07	5.451970e-07
8.796459e-01	1.005310e+00	7.254982e-05	5.644918e-07	5.644918e-07
1.005310e+00	1.130973e+00	7.997772e-05	5.926875e-07	5.926875e-07
1.130973e+00	1.256637e+00	8.928842e-05	6.262349e-07	6.262349e-07
1.256637e+00	1.382301e+00	1.006291e-04	6.648157e-07	6.648157e-07
1.382301e+00	1.507964e+00	1.159454e-04	7.136220e-07	7.136220e-07
1.507964e+00	1.633628e+00	1.336538e-04	7.661790e-07	7.661790e-07
1.633628e+00	1.759292e+00	1.555399e-04	8.265338e-07	8.265338e-07
1.759292e+00	1.884956e+00	1.781157e-04	8.844857e-07	8.844857e-07
1.884956e+00	2.010619e+00	2.066621e-04	9.527341e-07	9.527341e-07
2.010619e+00	2.136283e+00	2.354994e-04	1.017032e-06	1.017032e-06
2.136283e+00	2.261947e+00	2.634732e-04	1.075741e-06	1.075741e-06
2.261947e+00	2.387610e+00	2.882912e-04	1.125271e-06	1.125271e-06
2.387610e+00	2.513274e+00	3.142730e-04	1.174879e-06	1.174879e-06
2.513274e+00	2.638938e+00	3.353730e-04	1.213679e-06	1.213679e-06
2.638938e+00	2.764602e+00	3.488921e-04	1.237899e-06	1.237899e-06
2.764602e+00	2.890265e+00	3.587861e-04	1.255334e-06	1.255334e-06
2.890265e+00	3.015929e+00	3.604830e-04	1.258294e-06	1.258294e-06
3.015929e+00	3.141593e+00	3.615679e-04	1.260186e-06	1.260186e-06
# END HISTO1D

