# BEGIN PLOT
Legend=1
LogY=1
Title=$\Delta{R}$ between photons and associated leptons
XLabel=$\Delta{R}$
RemoveOptions=1
DrawOnly=//eos/home-y/youpeng/valid/genValidation/masterVBS_merged.yoda.gz/MC_PHOTONS:ENERGY=13600/DeltaR //eos/home-y/youpeng/valid/genValidation/mg352VBS_merged.yoda.gz/MC_PHOTONS:ENERGY=13600/DeltaR //eos/home-y/youpeng/valid/genValidation/mg35xVBS_merged.yoda.gz/MC_PHOTONS:ENERGY=13600/DeltaR
LegendOnly=//eos/home-y/youpeng/valid/genValidation/masterVBS_merged.yoda.gz/MC_PHOTONS:ENERGY=13600/DeltaR //eos/home-y/youpeng/valid/genValidation/mg352VBS_merged.yoda.gz/MC_PHOTONS:ENERGY=13600/DeltaR //eos/home-y/youpeng/valid/genValidation/mg35xVBS_merged.yoda.gz/MC_PHOTONS:ENERGY=13600/DeltaR
RatioPlot=1
RatioPlotReference=//eos/home-y/youpeng/valid/genValidation/masterVBS_merged.yoda.gz/MC_PHOTONS:ENERGY=13600/DeltaR
RatioPlotYLabel=Ratio
# END PLOT

# BEGIN HISTO1D //eos/home-y/youpeng/valid/genValidation/masterVBS_merged.yoda.gz/MC_PHOTONS:ENERGY=13600/DeltaR
ErrorBars=1
LineColor=red
LineStyle=solid
Path=//eos/home-y/youpeng/valid/genValidation/masterVBS_merged.yoda.gz/MC_PHOTONS:ENERGY=13600/DeltaR
ScaledBy=5.93496800354887326e-09
Title=VBSZZ@LO(v2918)
# xlow	 xhigh	 val	 errminus	 errplus
0.000000e+00	4.000000e-02	1.160901e-01	1.312432e-04	1.312432e-04
4.000000e-02	8.000000e-02	4.497295e-02	8.168736e-05	8.168736e-05
8.000000e-02	1.200000e-01	4.851823e-02	8.484604e-05	8.484604e-05
1.200000e-01	1.600000e-01	5.708905e-02	9.203556e-05	9.203556e-05
1.600000e-01	2.000000e-01	6.727435e-02	9.990883e-05	9.990883e-05
2.000000e-01	2.400000e-01	7.805803e-02	1.076188e-04	1.076188e-04
2.400000e-01	2.800000e-01	8.927215e-02	1.150899e-04	1.150899e-04
2.800000e-01	3.200000e-01	1.002636e-01	1.219694e-04	1.219694e-04
3.200000e-01	3.600000e-01	1.118957e-01	1.288504e-04	1.288504e-04
3.600000e-01	4.000000e-01	1.226980e-01	1.349267e-04	1.349267e-04
4.000000e-01	4.400000e-01	1.334122e-01	1.406944e-04	1.406944e-04
4.400000e-01	4.800000e-01	1.438485e-01	1.460938e-04	1.460938e-04
4.800000e-01	5.200000e-01	1.540632e-01	1.511919e-04	1.511919e-04
5.200000e-01	5.600000e-01	1.637328e-01	1.558645e-04	1.558645e-04
5.600000e-01	6.000000e-01	1.731708e-01	1.602937e-04	1.602937e-04
6.000000e-01	6.400000e-01	1.822588e-01	1.644461e-04	1.644461e-04
6.400000e-01	6.800000e-01	1.908424e-01	1.682739e-04	1.682739e-04
6.800000e-01	7.200000e-01	1.993675e-01	1.719912e-04	1.719912e-04
7.200000e-01	7.600000e-01	2.071906e-01	1.753332e-04	1.753332e-04
7.600000e-01	8.000000e-01	2.151221e-01	1.786577e-04	1.786577e-04
8.000000e-01	8.400000e-01	2.219993e-01	1.814909e-04	1.814909e-04
8.400000e-01	8.800000e-01	2.286206e-01	1.841776e-04	1.841776e-04
8.800000e-01	9.200000e-01	2.350605e-01	1.867536e-04	1.867536e-04
9.200000e-01	9.600000e-01	2.407576e-01	1.890032e-04	1.890032e-04
9.600000e-01	1.000000e+00	2.464182e-01	1.912122e-04	1.912122e-04
1.000000e+00	1.040000e+00	2.514335e-01	1.931483e-04	1.931483e-04
1.040000e+00	1.080000e+00	2.563875e-01	1.950418e-04	1.950418e-04
1.080000e+00	1.120000e+00	2.609197e-01	1.967581e-04	1.967581e-04
1.120000e+00	1.160000e+00	2.645878e-01	1.981363e-04	1.981363e-04
1.160000e+00	1.200000e+00	2.684207e-01	1.995663e-04	1.995663e-04
1.200000e+00	1.240000e+00	2.716625e-01	2.007678e-04	2.007678e-04
1.240000e+00	1.280000e+00	2.748352e-01	2.019368e-04	2.019368e-04
1.280000e+00	1.320000e+00	2.774217e-01	2.028848e-04	2.028848e-04
1.320000e+00	1.360000e+00	2.797727e-01	2.037426e-04	2.037426e-04
1.360000e+00	1.400000e+00	2.818553e-01	2.044995e-04	2.044995e-04
1.400000e+00	1.440000e+00	2.837392e-01	2.051818e-04	2.051818e-04
1.440000e+00	1.480000e+00	2.851640e-01	2.056964e-04	2.056964e-04
1.480000e+00	1.520000e+00	2.862187e-01	2.060764e-04	2.060764e-04
1.520000e+00	1.560000e+00	2.868470e-01	2.063025e-04	2.063025e-04
1.560000e+00	1.600000e+00	2.877135e-01	2.066138e-04	2.066138e-04
1.600000e+00	1.640000e+00	2.880283e-01	2.067267e-04	2.067267e-04
1.640000e+00	1.680000e+00	2.885815e-01	2.069253e-04	2.069253e-04
1.680000e+00	1.720000e+00	2.882482e-01	2.068057e-04	2.068057e-04
1.720000e+00	1.760000e+00	2.876557e-01	2.065930e-04	2.065930e-04
1.760000e+00	1.800000e+00	2.872990e-01	2.064649e-04	2.064649e-04
1.800000e+00	1.840000e+00	2.868260e-01	2.062949e-04	2.062949e-04
1.840000e+00	1.880000e+00	2.864103e-01	2.061453e-04	2.061453e-04
1.880000e+00	1.920000e+00	2.854167e-01	2.057875e-04	2.057875e-04
1.920000e+00	1.960000e+00	2.842445e-01	2.053644e-04	2.053644e-04
1.960000e+00	2.000000e+00	2.828685e-01	2.048668e-04	2.048668e-04
# END HISTO1D


# BEGIN HISTO1D //eos/home-y/youpeng/valid/genValidation/mg352VBS_merged.yoda.gz/MC_PHOTONS:ENERGY=13600/DeltaR
ErrorBars=1
LineColor=blue
LineStyle=solid
Path=//eos/home-y/youpeng/valid/genValidation/mg352VBS_merged.yoda.gz/MC_PHOTONS:ENERGY=13600/DeltaR
ScaledBy=5.94484193738332485e-09
Title=VBSZZ@LO(v352)
# xlow	 xhigh	 val	 errminus	 errplus
0.000000e+00	4.000000e-02	1.162918e-01	1.314664e-04	1.314664e-04
4.000000e-02	8.000000e-02	4.511480e-02	8.188414e-05	8.188414e-05
8.000000e-02	1.200000e-01	4.860785e-02	8.499500e-05	8.499500e-05
1.200000e-01	1.600000e-01	5.690312e-02	9.196198e-05	9.196198e-05
1.600000e-01	2.000000e-01	6.733425e-02	1.000364e-04	1.000364e-04
2.000000e-01	2.400000e-01	7.807985e-02	1.077233e-04	1.077233e-04
2.400000e-01	2.800000e-01	8.927875e-02	1.151898e-04	1.151898e-04
2.800000e-01	3.200000e-01	1.003467e-01	1.221214e-04	1.221214e-04
3.200000e-01	3.600000e-01	1.116864e-01	1.288369e-04	1.288369e-04
3.600000e-01	4.000000e-01	1.227583e-01	1.350721e-04	1.350721e-04
4.000000e-01	4.400000e-01	1.333308e-01	1.407684e-04	1.407684e-04
4.400000e-01	4.800000e-01	1.438589e-01	1.462206e-04	1.462206e-04
4.800000e-01	5.200000e-01	1.538449e-01	1.512104e-04	1.512104e-04
5.200000e-01	5.600000e-01	1.636185e-01	1.559396e-04	1.559396e-04
5.600000e-01	6.000000e-01	1.730991e-01	1.603938e-04	1.603938e-04
6.000000e-01	6.400000e-01	1.828167e-01	1.648345e-04	1.648345e-04
6.400000e-01	6.800000e-01	1.910592e-01	1.685094e-04	1.685094e-04
6.800000e-01	7.200000e-01	1.995437e-01	1.722103e-04	1.722103e-04
7.200000e-01	7.600000e-01	2.075106e-01	1.756145e-04	1.756145e-04
7.600000e-01	8.000000e-01	2.144865e-01	1.785419e-04	1.785419e-04
8.000000e-01	8.400000e-01	2.220651e-01	1.816688e-04	1.816688e-04
8.400000e-01	8.800000e-01	2.285529e-01	1.843035e-04	1.843035e-04
8.800000e-01	9.200000e-01	2.347682e-01	1.867926e-04	1.867926e-04
9.200000e-01	9.600000e-01	2.410916e-01	1.892915e-04	1.892915e-04
9.600000e-01	1.000000e+00	2.463841e-01	1.913580e-04	1.913580e-04
1.000000e+00	1.040000e+00	2.513392e-01	1.932726e-04	1.932726e-04
1.040000e+00	1.080000e+00	2.562415e-01	1.951483e-04	1.951483e-04
1.080000e+00	1.120000e+00	2.608120e-01	1.968811e-04	1.968811e-04
1.120000e+00	1.160000e+00	2.645213e-01	1.982761e-04	1.982761e-04
1.160000e+00	1.200000e+00	2.682782e-01	1.996792e-04	1.996792e-04
1.200000e+00	1.240000e+00	2.719162e-01	2.010285e-04	2.010285e-04
1.240000e+00	1.280000e+00	2.747642e-01	2.020786e-04	2.020786e-04
1.280000e+00	1.320000e+00	2.774957e-01	2.030806e-04	2.030806e-04
1.320000e+00	1.360000e+00	2.798377e-01	2.039357e-04	2.039357e-04
1.360000e+00	1.400000e+00	2.819073e-01	2.046884e-04	2.046884e-04
1.400000e+00	1.440000e+00	2.834127e-01	2.052343e-04	2.052343e-04
1.440000e+00	1.480000e+00	2.850427e-01	2.058236e-04	2.058236e-04
1.480000e+00	1.520000e+00	2.861962e-01	2.062396e-04	2.062396e-04
1.520000e+00	1.560000e+00	2.864010e-01	2.063134e-04	2.063134e-04
1.560000e+00	1.600000e+00	2.872087e-01	2.066041e-04	2.066041e-04
1.600000e+00	1.640000e+00	2.883545e-01	2.070158e-04	2.070158e-04
1.640000e+00	1.680000e+00	2.882587e-01	2.069815e-04	2.069815e-04
1.680000e+00	1.720000e+00	2.882507e-01	2.069786e-04	2.069786e-04
1.720000e+00	1.760000e+00	2.880650e-01	2.069118e-04	2.069118e-04
1.760000e+00	1.800000e+00	2.870947e-01	2.065632e-04	2.065632e-04
1.800000e+00	1.840000e+00	2.869927e-01	2.065264e-04	2.065264e-04
1.840000e+00	1.880000e+00	2.865890e-01	2.063811e-04	2.063811e-04
1.880000e+00	1.920000e+00	2.854142e-01	2.059577e-04	2.059577e-04
1.920000e+00	1.960000e+00	2.846352e-01	2.056764e-04	2.056764e-04
1.960000e+00	2.000000e+00	2.836240e-01	2.053108e-04	2.053108e-04
# END HISTO1D


# BEGIN HISTO1D //eos/home-y/youpeng/valid/genValidation/mg35xVBS_merged.yoda.gz/MC_PHOTONS:ENERGY=13600/DeltaR
ErrorBars=1
LineColor=green
LineStyle=solid
Path=//eos/home-y/youpeng/valid/genValidation/mg35xVBS_merged.yoda.gz/MC_PHOTONS:ENERGY=13600/DeltaR
ScaledBy=6.05877873294020601e-09
Title=VBSZZ@LO(v35x)
# xlow	 xhigh	 val	 errminus	 errplus
0.000000e+00	4.000000e-02	1.159775e-01	1.325407e-04	1.325407e-04
4.000000e-02	8.000000e-02	4.522863e-02	8.276930e-05	8.276930e-05
8.000000e-02	1.200000e-01	4.852885e-02	8.573586e-05	8.573586e-05
1.200000e-01	1.600000e-01	5.703855e-02	9.294945e-05	9.294945e-05
1.600000e-01	2.000000e-01	6.711370e-02	1.008250e-04	1.008250e-04
2.000000e-01	2.400000e-01	7.828670e-02	1.088946e-04	1.088946e-04
2.400000e-01	2.800000e-01	8.946937e-02	1.164125e-04	1.164125e-04
2.800000e-01	3.200000e-01	1.004208e-01	1.233316e-04	1.233316e-04
3.200000e-01	3.600000e-01	1.117312e-01	1.300917e-04	1.300917e-04
3.600000e-01	4.000000e-01	1.224150e-01	1.361695e-04	1.361695e-04
4.000000e-01	4.400000e-01	1.338456e-01	1.423851e-04	1.423851e-04
4.400000e-01	4.800000e-01	1.437430e-01	1.475557e-04	1.475557e-04
4.800000e-01	5.200000e-01	1.538659e-01	1.526630e-04	1.526630e-04
5.200000e-01	5.600000e-01	1.638709e-01	1.575482e-04	1.575482e-04
5.600000e-01	6.000000e-01	1.729660e-01	1.618613e-04	1.618613e-04
6.000000e-01	6.400000e-01	1.823300e-01	1.661849e-04	1.661849e-04
6.400000e-01	6.800000e-01	1.914983e-01	1.703119e-04	1.703119e-04
6.800000e-01	7.200000e-01	1.997307e-01	1.739342e-04	1.739342e-04
7.200000e-01	7.600000e-01	2.075016e-01	1.772856e-04	1.772856e-04
7.600000e-01	8.000000e-01	2.148463e-01	1.803958e-04	1.803958e-04
8.000000e-01	8.400000e-01	2.222178e-01	1.834645e-04	1.834645e-04
8.400000e-01	8.800000e-01	2.287963e-01	1.861603e-04	1.861603e-04
8.800000e-01	9.200000e-01	2.350851e-01	1.887014e-04	1.887014e-04
9.200000e-01	9.600000e-01	2.413415e-01	1.911959e-04	1.911959e-04
9.600000e-01	1.000000e+00	2.467038e-01	1.933083e-04	1.933083e-04
1.000000e+00	1.040000e+00	2.516417e-01	1.952333e-04	1.952333e-04
1.040000e+00	1.080000e+00	2.566810e-01	1.971785e-04	1.971785e-04
1.080000e+00	1.120000e+00	2.607575e-01	1.987380e-04	1.987380e-04
1.120000e+00	1.160000e+00	2.652055e-01	2.004259e-04	2.004259e-04
1.160000e+00	1.200000e+00	2.690162e-01	2.018607e-04	2.018607e-04
1.200000e+00	1.240000e+00	2.719435e-01	2.029560e-04	2.029560e-04
1.240000e+00	1.280000e+00	2.750512e-01	2.041123e-04	2.041123e-04
1.280000e+00	1.320000e+00	2.773557e-01	2.049657e-04	2.049657e-04
1.320000e+00	1.360000e+00	2.801502e-01	2.059956e-04	2.059956e-04
1.360000e+00	1.400000e+00	2.818213e-01	2.066091e-04	2.066091e-04
1.400000e+00	1.440000e+00	2.836937e-01	2.072944e-04	2.072944e-04
1.440000e+00	1.480000e+00	2.853090e-01	2.078837e-04	2.078837e-04
1.480000e+00	1.520000e+00	2.861285e-01	2.081820e-04	2.081820e-04
1.520000e+00	1.560000e+00	2.870482e-01	2.085163e-04	2.085163e-04
1.560000e+00	1.600000e+00	2.874232e-01	2.086524e-04	2.086524e-04
1.600000e+00	1.640000e+00	2.882098e-01	2.089377e-04	2.089377e-04
1.640000e+00	1.680000e+00	2.881642e-01	2.089212e-04	2.089212e-04
1.680000e+00	1.720000e+00	2.881815e-01	2.089275e-04	2.089275e-04
1.720000e+00	1.760000e+00	2.875307e-01	2.086915e-04	2.086915e-04
1.760000e+00	1.800000e+00	2.873655e-01	2.086315e-04	2.086315e-04
1.800000e+00	1.840000e+00	2.871780e-01	2.085634e-04	2.085634e-04
1.840000e+00	1.880000e+00	2.861600e-01	2.081934e-04	2.081934e-04
1.880000e+00	1.920000e+00	2.852080e-01	2.078468e-04	2.078468e-04
1.920000e+00	1.960000e+00	2.843905e-01	2.075488e-04	2.075488e-04
1.960000e+00	2.000000e+00	2.832060e-01	2.071161e-04	2.071161e-04
# END HISTO1D

