# BEGIN PLOT
Legend=1
LogY=1
Title=Phase-space \& $p_\perp$-weighted $\Delta{R}$ between photons and associated leptons
XLabel=$\Delta{R}$
RemoveOptions=1
DrawOnly=//ospool/cms-user/youpeng/genvalid/genValidation/masterVBS_merged.yoda.gz/MC_PHOTONS:ENERGY=13600/DeltaR_R_ptweighted //ospool/cms-user/youpeng/genvalid/genValidation/mg352VBS_merged.yoda.gz/MC_PHOTONS:ENERGY=13600/DeltaR_R_ptweighted //ospool/cms-user/youpeng/genvalid/genValidation/mg35xVBS_merged.yoda.gz/MC_PHOTONS:ENERGY=13600/DeltaR_R_ptweighted
LegendOnly=//ospool/cms-user/youpeng/genvalid/genValidation/masterVBS_merged.yoda.gz/MC_PHOTONS:ENERGY=13600/DeltaR_R_ptweighted //ospool/cms-user/youpeng/genvalid/genValidation/mg352VBS_merged.yoda.gz/MC_PHOTONS:ENERGY=13600/DeltaR_R_ptweighted //ospool/cms-user/youpeng/genvalid/genValidation/mg35xVBS_merged.yoda.gz/MC_PHOTONS:ENERGY=13600/DeltaR_R_ptweighted
RatioPlot=1
RatioPlotReference=//ospool/cms-user/youpeng/genvalid/genValidation/masterVBS_merged.yoda.gz/MC_PHOTONS:ENERGY=13600/DeltaR_R_ptweighted
RatioPlotYLabel=Ratio
# END PLOT

# BEGIN HISTO1D //ospool/cms-user/youpeng/genvalid/genValidation/masterVBS_merged.yoda.gz/MC_PHOTONS:ENERGY=13600/DeltaR_R_ptweighted
ErrorBars=1
LineColor=red
LineStyle=solid
Path=//ospool/cms-user/youpeng/genvalid/genValidation/masterVBS_merged.yoda.gz/MC_PHOTONS:ENERGY=13600/DeltaR_R_ptweighted
ScaledBy=4.45785631131728420e-11
Title=VBSZZ@LO(v2918)
# xlow	 xhigh	 val	 errminus	 errplus
0.000000e+00	4.000000e-02	2.486334e+01	2.927860e-01	2.927860e-01
4.000000e-02	8.000000e-02	1.619152e-02	1.248548e-04	1.248548e-04
8.000000e-02	1.200000e-01	6.487733e-03	5.732130e-05	5.732130e-05
1.200000e-01	1.600000e-01	4.275862e-03	3.615972e-05	3.615972e-05
1.600000e-01	2.000000e-01	3.396900e-03	2.887400e-05	2.887400e-05
2.000000e-01	2.400000e-01	3.014595e-03	2.337076e-05	2.337076e-05
2.400000e-01	2.800000e-01	2.765607e-03	1.987133e-05	1.987133e-05
2.800000e-01	3.200000e-01	2.600685e-03	1.774583e-05	1.774583e-05
3.200000e-01	3.600000e-01	2.482440e-03	1.564618e-05	1.564618e-05
3.600000e-01	4.000000e-01	2.396454e-03	1.440380e-05	1.440380e-05
4.000000e-01	4.400000e-01	2.323710e-03	1.278530e-05	1.278530e-05
4.400000e-01	4.800000e-01	2.298172e-03	1.222754e-05	1.222754e-05
4.800000e-01	5.200000e-01	2.218924e-03	1.126651e-05	1.126651e-05
5.200000e-01	5.600000e-01	2.191801e-03	1.065871e-05	1.065871e-05
5.600000e-01	6.000000e-01	2.147510e-03	1.029053e-05	1.029053e-05
6.000000e-01	6.400000e-01	2.088959e-03	9.532369e-06	9.532369e-06
6.400000e-01	6.800000e-01	2.060736e-03	9.206336e-06	9.206336e-06
6.800000e-01	7.200000e-01	2.017523e-03	8.633239e-06	8.633239e-06
7.200000e-01	7.600000e-01	1.996540e-03	8.494392e-06	8.494392e-06
7.600000e-01	8.000000e-01	1.963143e-03	8.124581e-06	8.124581e-06
8.000000e-01	8.400000e-01	1.910260e-03	7.655234e-06	7.655234e-06
8.400000e-01	8.800000e-01	1.877978e-03	7.741872e-06	7.741872e-06
8.800000e-01	9.200000e-01	1.843063e-03	7.302248e-06	7.302248e-06
9.200000e-01	9.600000e-01	1.804026e-03	6.988759e-06	6.988759e-06
9.600000e-01	1.000000e+00	1.762372e-03	6.532352e-06	6.532352e-06
1.000000e+00	1.040000e+00	1.739759e-03	6.435049e-06	6.435049e-06
1.040000e+00	1.080000e+00	1.702693e-03	6.317090e-06	6.317090e-06
1.080000e+00	1.120000e+00	1.655363e-03	5.995318e-06	5.995318e-06
1.120000e+00	1.160000e+00	1.631506e-03	5.898054e-06	5.898054e-06
1.160000e+00	1.200000e+00	1.599279e-03	5.690014e-06	5.690014e-06
1.200000e+00	1.240000e+00	1.580192e-03	5.592664e-06	5.592664e-06
1.240000e+00	1.280000e+00	1.543071e-03	5.411093e-06	5.411093e-06
1.280000e+00	1.320000e+00	1.524224e-03	5.374224e-06	5.374224e-06
1.320000e+00	1.360000e+00	1.488716e-03	5.210466e-06	5.210466e-06
1.360000e+00	1.400000e+00	1.463377e-03	5.076542e-06	5.076542e-06
1.400000e+00	1.440000e+00	1.434851e-03	4.979989e-06	4.979989e-06
1.440000e+00	1.480000e+00	1.403356e-03	4.870554e-06	4.870554e-06
1.480000e+00	1.520000e+00	1.368375e-03	4.715534e-06	4.715534e-06
1.520000e+00	1.560000e+00	1.337318e-03	4.585697e-06	4.585697e-06
1.560000e+00	1.600000e+00	1.312924e-03	4.510315e-06	4.510315e-06
1.600000e+00	1.640000e+00	1.283516e-03	4.407204e-06	4.407204e-06
1.640000e+00	1.680000e+00	1.267536e-03	4.318007e-06	4.318007e-06
1.680000e+00	1.720000e+00	1.238331e-03	4.227447e-06	4.227447e-06
1.720000e+00	1.760000e+00	1.209000e-03	4.170714e-06	4.170714e-06
1.760000e+00	1.800000e+00	1.180412e-03	3.997939e-06	3.997939e-06
1.800000e+00	1.840000e+00	1.150933e-03	4.002327e-06	4.002327e-06
1.840000e+00	1.880000e+00	1.136804e-03	3.949254e-06	3.949254e-06
1.880000e+00	1.920000e+00	1.101752e-03	3.819520e-06	3.819520e-06
1.920000e+00	1.960000e+00	1.073005e-03	3.675197e-06	3.675197e-06
1.960000e+00	2.000000e+00	1.045909e-03	3.649430e-06	3.649430e-06
# END HISTO1D


# BEGIN HISTO1D //ospool/cms-user/youpeng/genvalid/genValidation/mg352VBS_merged.yoda.gz/MC_PHOTONS:ENERGY=13600/DeltaR_R_ptweighted
ErrorBars=1
LineColor=blue
LineStyle=solid
Path=//ospool/cms-user/youpeng/genvalid/genValidation/mg352VBS_merged.yoda.gz/MC_PHOTONS:ENERGY=13600/DeltaR_R_ptweighted
ScaledBy=4.54995221458186166e-11
Title=VBSZZ@LO(v352)
# xlow	 xhigh	 val	 errminus	 errplus
0.000000e+00	4.000000e-02	2.486090e+01	2.837264e-01	2.837264e-01
4.000000e-02	8.000000e-02	1.620632e-02	1.232870e-04	1.232870e-04
8.000000e-02	1.200000e-01	6.624423e-03	5.807799e-05	5.807799e-05
1.200000e-01	1.600000e-01	4.364810e-03	3.833306e-05	3.833306e-05
1.600000e-01	2.000000e-01	3.437287e-03	2.684277e-05	2.684277e-05
2.000000e-01	2.400000e-01	3.005278e-03	2.280833e-05	2.280833e-05
2.400000e-01	2.800000e-01	2.809325e-03	2.051445e-05	2.051445e-05
2.800000e-01	3.200000e-01	2.668733e-03	1.798235e-05	1.798235e-05
3.200000e-01	3.600000e-01	2.569518e-03	1.637554e-05	1.637554e-05
3.600000e-01	4.000000e-01	2.457754e-03	1.470292e-05	1.470292e-05
4.000000e-01	4.400000e-01	2.402916e-03	1.353942e-05	1.353942e-05
4.400000e-01	4.800000e-01	2.341624e-03	1.250880e-05	1.250880e-05
4.800000e-01	5.200000e-01	2.301084e-03	1.188708e-05	1.188708e-05
5.200000e-01	5.600000e-01	2.234589e-03	1.107494e-05	1.107494e-05
5.600000e-01	6.000000e-01	2.174384e-03	1.031818e-05	1.031818e-05
6.000000e-01	6.400000e-01	2.132387e-03	9.685285e-06	9.685285e-06
6.400000e-01	6.800000e-01	2.114366e-03	9.486612e-06	9.486612e-06
6.800000e-01	7.200000e-01	2.076968e-03	8.977183e-06	8.977183e-06
7.200000e-01	7.600000e-01	2.031531e-03	8.674878e-06	8.674878e-06
7.600000e-01	8.000000e-01	1.978418e-03	8.243092e-06	8.243092e-06
8.000000e-01	8.400000e-01	1.945791e-03	7.986747e-06	7.986747e-06
8.400000e-01	8.800000e-01	1.889972e-03	7.540881e-06	7.540881e-06
8.800000e-01	9.200000e-01	1.882308e-03	7.305750e-06	7.305750e-06
9.200000e-01	9.600000e-01	1.843218e-03	7.041520e-06	7.041520e-06
9.600000e-01	1.000000e+00	1.797381e-03	6.877658e-06	6.877658e-06
1.000000e+00	1.040000e+00	1.761145e-03	6.593068e-06	6.593068e-06
1.040000e+00	1.080000e+00	1.745136e-03	6.441417e-06	6.441417e-06
1.080000e+00	1.120000e+00	1.694989e-03	6.134586e-06	6.134586e-06
1.120000e+00	1.160000e+00	1.673846e-03	5.961121e-06	5.961121e-06
1.160000e+00	1.200000e+00	1.633726e-03	5.759092e-06	5.759092e-06
1.200000e+00	1.240000e+00	1.614233e-03	5.731519e-06	5.731519e-06
1.240000e+00	1.280000e+00	1.574674e-03	5.576693e-06	5.576693e-06
1.280000e+00	1.320000e+00	1.540354e-03	5.414083e-06	5.414083e-06
1.320000e+00	1.360000e+00	1.530241e-03	5.431704e-06	5.431704e-06
1.360000e+00	1.400000e+00	1.486670e-03	5.085664e-06	5.085664e-06
1.400000e+00	1.440000e+00	1.454204e-03	5.078432e-06	5.078432e-06
1.440000e+00	1.480000e+00	1.434279e-03	5.005637e-06	5.005637e-06
1.480000e+00	1.520000e+00	1.391247e-03	4.785458e-06	4.785458e-06
1.520000e+00	1.560000e+00	1.370673e-03	4.704942e-06	4.704942e-06
1.560000e+00	1.600000e+00	1.338389e-03	4.647355e-06	4.647355e-06
1.600000e+00	1.640000e+00	1.319757e-03	4.433323e-06	4.433323e-06
1.640000e+00	1.680000e+00	1.284800e-03	4.459207e-06	4.459207e-06
1.680000e+00	1.720000e+00	1.261284e-03	4.367629e-06	4.367629e-06
1.720000e+00	1.760000e+00	1.237037e-03	4.264442e-06	4.264442e-06
1.760000e+00	1.800000e+00	1.209326e-03	4.205493e-06	4.205493e-06
1.800000e+00	1.840000e+00	1.171874e-03	3.991796e-06	3.991796e-06
1.840000e+00	1.880000e+00	1.148810e-03	3.979819e-06	3.979819e-06
1.880000e+00	1.920000e+00	1.120664e-03	3.841739e-06	3.841739e-06
1.920000e+00	1.960000e+00	1.104569e-03	3.805154e-06	3.805154e-06
1.960000e+00	2.000000e+00	1.077916e-03	3.746981e-06	3.746981e-06
# END HISTO1D


# BEGIN HISTO1D //ospool/cms-user/youpeng/genvalid/genValidation/mg35xVBS_merged.yoda.gz/MC_PHOTONS:ENERGY=13600/DeltaR_R_ptweighted
ErrorBars=1
LineColor=green
LineStyle=solid
Path=//ospool/cms-user/youpeng/genvalid/genValidation/mg35xVBS_merged.yoda.gz/MC_PHOTONS:ENERGY=13600/DeltaR_R_ptweighted
ScaledBy=4.58104661229587361e-11
Title=VBSZZ@LO(v35x)
# xlow	 xhigh	 val	 errminus	 errplus
0.000000e+00	4.000000e-02	2.486241e+01	2.897703e-01	2.897703e-01
4.000000e-02	8.000000e-02	1.647083e-02	1.271564e-04	1.271564e-04
8.000000e-02	1.200000e-01	6.561725e-03	5.678323e-05	5.678323e-05
1.200000e-01	1.600000e-01	4.217077e-03	3.623025e-05	3.623025e-05
1.600000e-01	2.000000e-01	3.358005e-03	2.830511e-05	2.830511e-05
2.000000e-01	2.400000e-01	2.976003e-03	2.285683e-05	2.285683e-05
2.400000e-01	2.800000e-01	2.759565e-03	2.043131e-05	2.043131e-05
2.800000e-01	3.200000e-01	2.631125e-03	1.807017e-05	1.807017e-05
3.200000e-01	3.600000e-01	2.506925e-03	1.659484e-05	1.659484e-05
3.600000e-01	4.000000e-01	2.440547e-03	1.480422e-05	1.480422e-05
4.000000e-01	4.400000e-01	2.420477e-03	1.394466e-05	1.394466e-05
4.400000e-01	4.800000e-01	2.319225e-03	1.275828e-05	1.275828e-05
4.800000e-01	5.200000e-01	2.245136e-03	1.162138e-05	1.162138e-05
5.200000e-01	5.600000e-01	2.185493e-03	1.090120e-05	1.090120e-05
5.600000e-01	6.000000e-01	2.149698e-03	1.035527e-05	1.035527e-05
6.000000e-01	6.400000e-01	2.134494e-03	9.913526e-06	9.913526e-06
6.400000e-01	6.800000e-01	2.094404e-03	9.350632e-06	9.350632e-06
6.800000e-01	7.200000e-01	2.031632e-03	8.917248e-06	8.917248e-06
7.200000e-01	7.600000e-01	1.992888e-03	8.465803e-06	8.465803e-06
7.600000e-01	8.000000e-01	1.960020e-03	8.224004e-06	8.224004e-06
8.000000e-01	8.400000e-01	1.927870e-03	7.823408e-06	7.823408e-06
8.400000e-01	8.800000e-01	1.889775e-03	7.639316e-06	7.639316e-06
8.800000e-01	9.200000e-01	1.843919e-03	7.163224e-06	7.163224e-06
9.200000e-01	9.600000e-01	1.827177e-03	7.228200e-06	7.228200e-06
9.600000e-01	1.000000e+00	1.774560e-03	6.727073e-06	6.727073e-06
1.000000e+00	1.040000e+00	1.733972e-03	6.414769e-06	6.414769e-06
1.040000e+00	1.080000e+00	1.704176e-03	6.265947e-06	6.265947e-06
1.080000e+00	1.120000e+00	1.676754e-03	6.123325e-06	6.123325e-06
1.120000e+00	1.160000e+00	1.659927e-03	6.100601e-06	6.100601e-06
1.160000e+00	1.200000e+00	1.600291e-03	5.698901e-06	5.698901e-06
1.200000e+00	1.240000e+00	1.585873e-03	5.665318e-06	5.665318e-06
1.240000e+00	1.280000e+00	1.566659e-03	5.628452e-06	5.628452e-06
1.280000e+00	1.320000e+00	1.519592e-03	5.435085e-06	5.435085e-06
1.320000e+00	1.360000e+00	1.498449e-03	5.277473e-06	5.277473e-06
1.360000e+00	1.400000e+00	1.460750e-03	5.081884e-06	5.081884e-06
1.400000e+00	1.440000e+00	1.443497e-03	5.142127e-06	5.142127e-06
1.440000e+00	1.480000e+00	1.409668e-03	4.877393e-06	4.877393e-06
1.480000e+00	1.520000e+00	1.376330e-03	4.732415e-06	4.732415e-06
1.520000e+00	1.560000e+00	1.351088e-03	4.698923e-06	4.698923e-06
1.560000e+00	1.600000e+00	1.327310e-03	4.600865e-06	4.600865e-06
1.600000e+00	1.640000e+00	1.299273e-03	4.469261e-06	4.469261e-06
1.640000e+00	1.680000e+00	1.267005e-03	4.389900e-06	4.389900e-06
1.680000e+00	1.720000e+00	1.242971e-03	4.295654e-06	4.295654e-06
1.720000e+00	1.760000e+00	1.206309e-03	4.223853e-06	4.223853e-06
1.760000e+00	1.800000e+00	1.185339e-03	4.115602e-06	4.115602e-06
1.800000e+00	1.840000e+00	1.168861e-03	4.135719e-06	4.135719e-06
1.840000e+00	1.880000e+00	1.126821e-03	3.876209e-06	3.876209e-06
1.880000e+00	1.920000e+00	1.101853e-03	3.776794e-06	3.776794e-06
1.920000e+00	1.960000e+00	1.083564e-03	3.748487e-06	3.748487e-06
1.960000e+00	2.000000e+00	1.056453e-03	3.725926e-06	3.725926e-06
# END HISTO1D

