# BEGIN PLOT
Legend=1
LogY=1
Title=$p_\perp$-weighted $\Delta{R}$ between photons and associated leptons
XLabel=$\Delta{R}$
RemoveOptions=1
DrawOnly=//eos/home-y/youpeng/valid/genValidation/masterVBS_merged.yoda.gz/MC_PHOTONS:ENERGY=13600/DeltaR_ptweighted //eos/home-y/youpeng/valid/genValidation/mg352VBS_merged.yoda.gz/MC_PHOTONS:ENERGY=13600/DeltaR_ptweighted //eos/home-y/youpeng/valid/genValidation/mg35xVBS_merged.yoda.gz/MC_PHOTONS:ENERGY=13600/DeltaR_ptweighted
LegendOnly=//eos/home-y/youpeng/valid/genValidation/masterVBS_merged.yoda.gz/MC_PHOTONS:ENERGY=13600/DeltaR_ptweighted //eos/home-y/youpeng/valid/genValidation/mg352VBS_merged.yoda.gz/MC_PHOTONS:ENERGY=13600/DeltaR_ptweighted //eos/home-y/youpeng/valid/genValidation/mg35xVBS_merged.yoda.gz/MC_PHOTONS:ENERGY=13600/DeltaR_ptweighted
RatioPlot=1
RatioPlotReference=//eos/home-y/youpeng/valid/genValidation/masterVBS_merged.yoda.gz/MC_PHOTONS:ENERGY=13600/DeltaR_ptweighted
RatioPlotYLabel=Ratio
# END PLOT

# BEGIN HISTO1D //eos/home-y/youpeng/valid/genValidation/masterVBS_merged.yoda.gz/MC_PHOTONS:ENERGY=13600/DeltaR_ptweighted
ErrorBars=1
LineColor=red
LineStyle=solid
Path=//eos/home-y/youpeng/valid/genValidation/masterVBS_merged.yoda.gz/MC_PHOTONS:ENERGY=13600/DeltaR_ptweighted
ScaledBy=6.84361283902830260e-09
Title=VBSZZ@LO(v2918)
# xlow	 xhigh	 val	 errminus	 errplus
0.000000e+00	4.000000e-02	7.244747e-01	2.738525e-03	2.738525e-03
4.000000e-02	8.000000e-02	1.384551e-01	1.037547e-03	1.037547e-03
8.000000e-02	1.200000e-01	9.767730e-02	8.541677e-04	8.541677e-04
1.200000e-01	1.600000e-01	9.130930e-02	7.710349e-04	7.710349e-04
1.600000e-01	2.000000e-01	9.363975e-02	7.928371e-04	7.928371e-04
2.000000e-01	2.400000e-01	1.017050e-01	7.875991e-04	7.875991e-04
2.400000e-01	2.800000e-01	1.102583e-01	7.911827e-04	7.911827e-04
2.800000e-01	3.200000e-01	1.197053e-01	8.165059e-04	8.165059e-04
3.200000e-01	3.600000e-01	1.294973e-01	8.150928e-04	8.150928e-04
3.600000e-01	4.000000e-01	1.397828e-01	8.396893e-04	8.396893e-04
4.000000e-01	4.400000e-01	1.497660e-01	8.226569e-04	8.226569e-04
4.400000e-01	4.800000e-01	1.622845e-01	8.631831e-04	8.631831e-04
4.800000e-01	5.200000e-01	1.702775e-01	8.637158e-04	8.637158e-04
5.200000e-01	5.600000e-01	1.816884e-01	8.831393e-04	8.831393e-04
5.600000e-01	6.000000e-01	1.911925e-01	9.162311e-04	9.162311e-04
6.000000e-01	6.400000e-01	1.988252e-01	9.064222e-04	9.064222e-04
6.400000e-01	6.800000e-01	2.087766e-01	9.320602e-04	9.320602e-04
6.800000e-01	7.200000e-01	2.167809e-01	9.274939e-04	9.274939e-04
7.200000e-01	7.600000e-01	2.267886e-01	9.647688e-04	9.647688e-04
7.600000e-01	8.000000e-01	2.350582e-01	9.727548e-04	9.727548e-04
8.000000e-01	8.400000e-01	2.404370e-01	9.633996e-04	9.633996e-04
8.400000e-01	8.800000e-01	2.479286e-01	1.020462e-03	1.020462e-03
8.800000e-01	9.200000e-01	2.546207e-01	1.007977e-03	1.007977e-03
9.200000e-01	9.600000e-01	2.603003e-01	1.008123e-03	1.008123e-03
9.600000e-01	1.000000e+00	2.651387e-01	9.827048e-04	9.827048e-04
1.000000e+00	1.040000e+00	2.724160e-01	1.007440e-03	1.007440e-03
1.040000e+00	1.080000e+00	2.770545e-01	1.027619e-03	1.027619e-03
1.080000e+00	1.120000e+00	2.795082e-01	1.011915e-03	1.011915e-03
1.120000e+00	1.160000e+00	2.855175e-01	1.032473e-03	1.032473e-03
1.160000e+00	1.200000e+00	2.897045e-01	1.030703e-03	1.030703e-03
1.200000e+00	1.240000e+00	2.959555e-01	1.047336e-03	1.047336e-03
1.240000e+00	1.280000e+00	2.984610e-01	1.046582e-03	1.046582e-03
1.280000e+00	1.320000e+00	3.041810e-01	1.072253e-03	1.072253e-03
1.320000e+00	1.360000e+00	3.062475e-01	1.072031e-03	1.072031e-03
1.360000e+00	1.400000e+00	3.100025e-01	1.075171e-03	1.075171e-03
1.400000e+00	1.440000e+00	3.127875e-01	1.085563e-03	1.085563e-03
1.440000e+00	1.480000e+00	3.145142e-01	1.091347e-03	1.091347e-03
1.480000e+00	1.520000e+00	3.150935e-01	1.085776e-03	1.085776e-03
1.520000e+00	1.560000e+00	3.161602e-01	1.084298e-03	1.084298e-03
1.560000e+00	1.600000e+00	3.184625e-01	1.094177e-03	1.094177e-03
1.600000e+00	1.640000e+00	3.191920e-01	1.095899e-03	1.095899e-03
1.640000e+00	1.680000e+00	3.230072e-01	1.100268e-03	1.100268e-03
1.680000e+00	1.720000e+00	3.231477e-01	1.102764e-03	1.102764e-03
1.720000e+00	1.760000e+00	3.229355e-01	1.113848e-03	1.113848e-03
1.760000e+00	1.800000e+00	3.225560e-01	1.092511e-03	1.092511e-03
1.800000e+00	1.840000e+00	3.215617e-01	1.118309e-03	1.118309e-03
1.840000e+00	1.880000e+00	3.245918e-01	1.127527e-03	1.127527e-03
1.880000e+00	1.920000e+00	3.213437e-01	1.113916e-03	1.113916e-03
1.920000e+00	1.960000e+00	3.195560e-01	1.094432e-03	1.094432e-03
1.960000e+00	2.000000e+00	3.178982e-01	1.108852e-03	1.108852e-03
# END HISTO1D


# BEGIN HISTO1D //eos/home-y/youpeng/valid/genValidation/mg352VBS_merged.yoda.gz/MC_PHOTONS:ENERGY=13600/DeltaR_ptweighted
ErrorBars=1
LineColor=blue
LineStyle=solid
Path=//eos/home-y/youpeng/valid/genValidation/mg352VBS_merged.yoda.gz/MC_PHOTONS:ENERGY=13600/DeltaR_ptweighted
ScaledBy=6.84942419014155000e-09
Title=VBSZZ@LO(v352)
# xlow	 xhigh	 val	 errminus	 errplus
0.000000e+00	4.000000e-02	7.235525e-01	2.732740e-03	2.732740e-03
4.000000e-02	8.000000e-02	1.362456e-01	1.013556e-03	1.013556e-03
8.000000e-02	1.200000e-01	9.762683e-02	8.357743e-04	8.357743e-04
1.200000e-01	1.600000e-01	9.131912e-02	7.945337e-04	7.945337e-04
1.600000e-01	2.000000e-01	9.280662e-02	7.216058e-04	7.216058e-04
2.000000e-01	2.400000e-01	9.932220e-02	7.508715e-04	7.508715e-04
2.400000e-01	2.800000e-01	1.098293e-01	8.008628e-04	8.008628e-04
2.800000e-01	3.200000e-01	1.204571e-01	8.122380e-04	8.122380e-04
3.200000e-01	3.600000e-01	1.314939e-01	8.368658e-04	8.368658e-04
3.600000e-01	4.000000e-01	1.405518e-01	8.406196e-04	8.406196e-04
4.000000e-01	4.400000e-01	1.519134e-01	8.552671e-04	8.552671e-04
4.400000e-01	4.800000e-01	1.620944e-01	8.651517e-04	8.651517e-04
4.800000e-01	5.200000e-01	1.732086e-01	8.948362e-04	8.948362e-04
5.200000e-01	5.600000e-01	1.816429e-01	8.991030e-04	8.991030e-04
5.600000e-01	6.000000e-01	1.898056e-01	9.005786e-04	9.005786e-04
6.000000e-01	6.400000e-01	1.990140e-01	9.033230e-04	9.033230e-04
6.400000e-01	6.800000e-01	2.100457e-01	9.420785e-04	9.420785e-04
6.800000e-01	7.200000e-01	2.188500e-01	9.458340e-04	9.458340e-04
7.200000e-01	7.600000e-01	2.262801e-01	9.661593e-04	9.661593e-04
7.600000e-01	8.000000e-01	2.322947e-01	9.682397e-04	9.682397e-04
8.000000e-01	8.400000e-01	2.402011e-01	9.853829e-04	9.853829e-04
8.400000e-01	8.800000e-01	2.446587e-01	9.754919e-04	9.754919e-04
8.800000e-01	9.200000e-01	2.550127e-01	9.894509e-04	9.894509e-04
9.200000e-01	9.600000e-01	2.607965e-01	9.961033e-04	9.961033e-04
9.600000e-01	1.000000e+00	2.651510e-01	1.014227e-03	1.014227e-03
1.000000e+00	1.040000e+00	2.704332e-01	1.012858e-03	1.012858e-03
1.040000e+00	1.080000e+00	2.784505e-01	1.027783e-03	1.027783e-03
1.080000e+00	1.120000e+00	2.806775e-01	1.015817e-03	1.015817e-03
1.120000e+00	1.160000e+00	2.872320e-01	1.022792e-03	1.022792e-03
1.160000e+00	1.200000e+00	2.901895e-01	1.023254e-03	1.023254e-03
1.200000e+00	1.240000e+00	2.964592e-01	1.052988e-03	1.052988e-03
1.240000e+00	1.280000e+00	2.986610e-01	1.057494e-03	1.057494e-03
1.280000e+00	1.320000e+00	3.014217e-01	1.059015e-03	1.059015e-03
1.320000e+00	1.360000e+00	3.086637e-01	1.095457e-03	1.095457e-03
1.360000e+00	1.400000e+00	3.088313e-01	1.056485e-03	1.056485e-03
1.400000e+00	1.440000e+00	3.108422e-01	1.085313e-03	1.085313e-03
1.440000e+00	1.480000e+00	3.152112e-01	1.099819e-03	1.099819e-03
1.480000e+00	1.520000e+00	3.141380e-01	1.080507e-03	1.080507e-03
1.520000e+00	1.560000e+00	3.177650e-01	1.090799e-03	1.090799e-03
1.560000e+00	1.600000e+00	3.183092e-01	1.104869e-03	1.104869e-03
1.600000e+00	1.640000e+00	3.218323e-01	1.081069e-03	1.081069e-03
1.640000e+00	1.680000e+00	3.210570e-01	1.114341e-03	1.114341e-03
1.680000e+00	1.720000e+00	3.227735e-01	1.117598e-03	1.117598e-03
1.720000e+00	1.760000e+00	3.240232e-01	1.117332e-03	1.117332e-03
1.760000e+00	1.800000e+00	3.240557e-01	1.126940e-03	1.126940e-03
1.800000e+00	1.840000e+00	3.210595e-01	1.093832e-03	1.093832e-03
1.840000e+00	1.880000e+00	3.216610e-01	1.114379e-03	1.114379e-03
1.880000e+00	1.920000e+00	3.205310e-01	1.098956e-03	1.098956e-03
1.920000e+00	1.960000e+00	3.225720e-01	1.111230e-03	1.111230e-03
1.960000e+00	2.000000e+00	3.212755e-01	1.116771e-03	1.116771e-03
# END HISTO1D


# BEGIN HISTO1D //eos/home-y/youpeng/valid/genValidation/mg35xVBS_merged.yoda.gz/MC_PHOTONS:ENERGY=13600/DeltaR_ptweighted
ErrorBars=1
LineColor=green
LineStyle=solid
Path=//eos/home-y/youpeng/valid/genValidation/mg35xVBS_merged.yoda.gz/MC_PHOTONS:ENERGY=13600/DeltaR_ptweighted
ScaledBy=6.99575818498635682e-09
Title=VBSZZ@LO(v35x)
# xlow	 xhigh	 val	 errminus	 errplus
0.000000e+00	4.000000e-02	7.203250e-01	2.751105e-03	2.751105e-03
4.000000e-02	8.000000e-02	1.403086e-01	1.066015e-03	1.066015e-03
8.000000e-02	1.200000e-01	9.827675e-02	8.452082e-04	8.452082e-04
1.200000e-01	1.600000e-01	8.951847e-02	7.620254e-04	7.620254e-04
1.600000e-01	2.000000e-01	9.200847e-02	7.733083e-04	7.733083e-04
2.000000e-01	2.400000e-01	9.971543e-02	7.615165e-04	7.615165e-04
2.400000e-01	2.800000e-01	1.094274e-01	8.075445e-04	8.075445e-04
2.800000e-01	3.200000e-01	1.204901e-01	8.279817e-04	8.279817e-04
3.200000e-01	3.600000e-01	1.301753e-01	8.633369e-04	8.633369e-04
3.600000e-01	4.000000e-01	1.416560e-01	8.595475e-04	8.595475e-04
4.000000e-01	4.400000e-01	1.552134e-01	8.934368e-04	8.934368e-04
4.400000e-01	4.800000e-01	1.628961e-01	8.954768e-04	8.954768e-04
4.800000e-01	5.200000e-01	1.713946e-01	8.866588e-04	8.866588e-04
5.200000e-01	5.600000e-01	1.801999e-01	8.983662e-04	8.983662e-04
5.600000e-01	6.000000e-01	1.903724e-01	9.167156e-04	9.167156e-04
6.000000e-01	6.400000e-01	2.020838e-01	9.383526e-04	9.383526e-04
6.400000e-01	6.800000e-01	2.111078e-01	9.431142e-04	9.431142e-04
6.800000e-01	7.200000e-01	2.171512e-01	9.527644e-04	9.527644e-04
7.200000e-01	7.600000e-01	2.252151e-01	9.566416e-04	9.566416e-04
7.600000e-01	8.000000e-01	2.334349e-01	9.792060e-04	9.792060e-04
8.000000e-01	8.400000e-01	2.414430e-01	9.797139e-04	9.797139e-04
8.400000e-01	8.800000e-01	2.481599e-01	1.003297e-03	1.003297e-03
8.800000e-01	9.200000e-01	2.534100e-01	9.844126e-04	9.844126e-04
9.200000e-01	9.600000e-01	2.622935e-01	1.038046e-03	1.038046e-03
9.600000e-01	1.000000e+00	2.655372e-01	1.006436e-03	1.006436e-03
1.000000e+00	1.040000e+00	2.700960e-01	9.993363e-04	9.993363e-04
1.040000e+00	1.080000e+00	2.758290e-01	1.013991e-03	1.013991e-03
1.080000e+00	1.120000e+00	2.816750e-01	1.028746e-03	1.028746e-03
1.120000e+00	1.160000e+00	2.889690e-01	1.061893e-03	1.061893e-03
1.160000e+00	1.200000e+00	2.883455e-01	1.026636e-03	1.026636e-03
1.200000e+00	1.240000e+00	2.954387e-01	1.055291e-03	1.055291e-03
1.240000e+00	1.280000e+00	3.014237e-01	1.082644e-03	1.082644e-03
1.280000e+00	1.320000e+00	3.016400e-01	1.078620e-03	1.078620e-03
1.320000e+00	1.360000e+00	3.066150e-01	1.079922e-03	1.079922e-03
1.360000e+00	1.400000e+00	3.078143e-01	1.070557e-03	1.070557e-03
1.400000e+00	1.440000e+00	3.130052e-01	1.114806e-03	1.114806e-03
1.440000e+00	1.480000e+00	3.142842e-01	1.087389e-03	1.087389e-03
1.480000e+00	1.520000e+00	3.152545e-01	1.083930e-03	1.083930e-03
1.520000e+00	1.560000e+00	3.177327e-01	1.105138e-03	1.105138e-03
1.560000e+00	1.600000e+00	3.202397e-01	1.109870e-03	1.109870e-03
1.600000e+00	1.640000e+00	3.214153e-01	1.105586e-03	1.105586e-03
1.640000e+00	1.680000e+00	3.211765e-01	1.112822e-03	1.112822e-03
1.680000e+00	1.720000e+00	3.226675e-01	1.115063e-03	1.115063e-03
1.720000e+00	1.760000e+00	3.205302e-01	1.122526e-03	1.122526e-03
1.760000e+00	1.800000e+00	3.221892e-01	1.118759e-03	1.118759e-03
1.800000e+00	1.840000e+00	3.248455e-01	1.148995e-03	1.148995e-03
1.840000e+00	1.880000e+00	3.200568e-01	1.100990e-03	1.100990e-03
1.880000e+00	1.920000e+00	3.196927e-01	1.095516e-03	1.095516e-03
1.920000e+00	1.960000e+00	3.209982e-01	1.110347e-03	1.110347e-03
1.960000e+00	2.000000e+00	3.194375e-01	1.126739e-03	1.126739e-03
# END HISTO1D

