# BEGIN PLOT
Legend=1
LogY=1
Title=Photon $p_\perp$
XLabel=$p_\perp^\gamma$ [GeV]
RemoveOptions=1
DrawOnly=//ospool/cms-user/youpeng/genvalid/genValidation/masterVBS_merged.yoda.gz/MC_PHOTONS:ENERGY=13600/Ptgamma //ospool/cms-user/youpeng/genvalid/genValidation/mg352VBS_merged.yoda.gz/MC_PHOTONS:ENERGY=13600/Ptgamma //ospool/cms-user/youpeng/genvalid/genValidation/mg35xVBS_merged.yoda.gz/MC_PHOTONS:ENERGY=13600/Ptgamma
LegendOnly=//ospool/cms-user/youpeng/genvalid/genValidation/masterVBS_merged.yoda.gz/MC_PHOTONS:ENERGY=13600/Ptgamma //ospool/cms-user/youpeng/genvalid/genValidation/mg352VBS_merged.yoda.gz/MC_PHOTONS:ENERGY=13600/Ptgamma //ospool/cms-user/youpeng/genvalid/genValidation/mg35xVBS_merged.yoda.gz/MC_PHOTONS:ENERGY=13600/Ptgamma
RatioPlot=1
RatioPlotReference=//ospool/cms-user/youpeng/genvalid/genValidation/masterVBS_merged.yoda.gz/MC_PHOTONS:ENERGY=13600/Ptgamma
RatioPlotYLabel=Ratio
# END PLOT

# BEGIN HISTO1D //ospool/cms-user/youpeng/genvalid/genValidation/masterVBS_merged.yoda.gz/MC_PHOTONS:ENERGY=13600/Ptgamma
ErrorBars=1
LineColor=red
LineStyle=solid
Path=//ospool/cms-user/youpeng/genvalid/genValidation/masterVBS_merged.yoda.gz/MC_PHOTONS:ENERGY=13600/Ptgamma
ScaledBy=5.71460739769985554e-09
Title=VBSZZ@LO(v2918)
# xlow	 xhigh	 val	 errminus	 errplus
1.000000e-02	1.173660e-02	1.958077e+00	2.538389e-03	2.538389e-03
1.173660e-02	1.377479e-02	2.172414e+00	2.467983e-03	2.467983e-03
1.377479e-02	1.616692e-02	2.387838e+00	2.388379e-03	2.388379e-03
1.616692e-02	1.897447e-02	2.584141e+00	2.293441e-03	2.293441e-03
1.897447e-02	2.226959e-02	2.765265e+00	2.189908e-03	2.189908e-03
2.226959e-02	2.613693e-02	2.917781e+00	2.076411e-03	2.076411e-03
2.613693e-02	3.067588e-02	3.044325e+00	1.957767e-03	1.957767e-03
3.067588e-02	3.600306e-02	3.128087e+00	1.831825e-03	1.831825e-03
3.600306e-02	4.225536e-02	3.180270e+00	1.704925e-03	1.704925e-03
4.225536e-02	4.959344e-02	3.193537e+00	1.577023e-03	1.577023e-03
4.959344e-02	5.820586e-02	3.158969e+00	1.447782e-03	1.447782e-03
5.820586e-02	6.831390e-02	3.081999e+00	1.320006e-03	1.320006e-03
6.831390e-02	8.017732e-02	2.962330e+00	1.194552e-03	1.194552e-03
8.017732e-02	9.410094e-02	2.801302e+00	1.072253e-03	1.072253e-03
9.410094e-02	1.104425e-01	2.614583e+00	9.561976e-04	9.561976e-04
1.104425e-01	1.296220e-01	2.402697e+00	8.461045e-04	8.461045e-04
1.296220e-01	1.521322e-01	2.176531e+00	7.433373e-04	7.433373e-04
1.521322e-01	1.785516e-01	1.939013e+00	6.476227e-04	6.476227e-04
1.785516e-01	2.095589e-01	1.696006e+00	5.590813e-04	5.590813e-04
2.095589e-01	2.459509e-01	1.454477e+00	4.779073e-04	4.779073e-04
2.459509e-01	2.886629e-01	1.218929e+00	4.038383e-04	4.038383e-04
2.886629e-01	3.387922e-01	9.983912e-01	3.373632e-04	3.373632e-04
3.387922e-01	3.976269e-01	7.959441e-01	2.780467e-04	2.780467e-04
3.976269e-01	4.666789e-01	6.182332e-01	2.261941e-04	2.261941e-04
4.666789e-01	5.477226e-01	4.671673e-01	1.814972e-04	1.814972e-04
5.477226e-01	6.428402e-01	3.443868e-01	1.438421e-04	1.438421e-04
6.428402e-01	7.544761e-01	2.493832e-01	1.129860e-04	1.129860e-04
7.544761e-01	8.854986e-01	1.783317e-01	8.819310e-05	8.819310e-05
8.854986e-01	1.039275e+00	1.271231e-01	6.873226e-05	6.873226e-05
1.039275e+00	1.219755e+00	9.036503e-02	5.349078e-05	5.349078e-05
1.219755e+00	1.431579e+00	6.403613e-02	4.156407e-05	4.156407e-05
1.431579e+00	1.680187e+00	4.525707e-02	3.225365e-05	3.225365e-05
1.680187e+00	1.971969e+00	3.198021e-02	2.502676e-05	2.502676e-05
1.971969e+00	2.314421e+00	2.273099e-02	1.947612e-05	1.947612e-05
2.314421e+00	2.716345e+00	1.638661e-02	1.526391e-05	1.526391e-05
2.716345e+00	3.188066e+00	1.209018e-02	1.210227e-05	1.210227e-05
3.188066e+00	3.741707e+00	9.069027e-03	9.675188e-06	9.675188e-06
3.741707e+00	4.391493e+00	6.927498e-03	7.805419e-06	7.805419e-06
4.391493e+00	5.154121e+00	5.341815e-03	6.326759e-06	6.326759e-06
5.154121e+00	6.049187e+00	4.132167e-03	5.136350e-06	5.136350e-06
6.049187e+00	7.099691e+00	3.194630e-03	4.168738e-06	4.168738e-06
7.099691e+00	8.332625e+00	2.458590e-03	3.375719e-06	3.375719e-06
8.332625e+00	9.779672e+00	1.888109e-03	2.730646e-06	2.730646e-06
9.779672e+00	1.147801e+01	1.434222e-03	2.196794e-06	2.196794e-06
1.147801e+01	1.347129e+01	1.080537e-03	1.760065e-06	1.760065e-06
1.347129e+01	1.581072e+01	8.044075e-04	1.401768e-06	1.401768e-06
1.581072e+01	1.855641e+01	5.943300e-04	1.112196e-06	1.112196e-06
1.855641e+01	2.177892e+01	4.358429e-04	8.791460e-07	8.791460e-07
2.177892e+01	2.556106e+01	3.136224e-04	6.883795e-07	6.883795e-07
2.556106e+01	3.000000e+01	2.228392e-04	5.356109e-07	5.356109e-07
# END HISTO1D


# BEGIN HISTO1D //ospool/cms-user/youpeng/genvalid/genValidation/mg352VBS_merged.yoda.gz/MC_PHOTONS:ENERGY=13600/Ptgamma
ErrorBars=1
LineColor=blue
LineStyle=solid
Path=//ospool/cms-user/youpeng/genvalid/genValidation/mg352VBS_merged.yoda.gz/MC_PHOTONS:ENERGY=13600/Ptgamma
ScaledBy=5.72321658118403634e-09
Title=VBSZZ@LO(v352)
# xlow	 xhigh	 val	 errminus	 errplus
1.000000e-02	1.173660e-02	1.953480e+00	2.537317e-03	2.537317e-03
1.173660e-02	1.377479e-02	2.174412e+00	2.470977e-03	2.470977e-03
1.377479e-02	1.616692e-02	2.382547e+00	2.387528e-03	2.387528e-03
1.616692e-02	1.897447e-02	2.584363e+00	2.295266e-03	2.295266e-03
1.897447e-02	2.226959e-02	2.761543e+00	2.190082e-03	2.190082e-03
2.226959e-02	2.613693e-02	2.915960e+00	2.077326e-03	2.077326e-03
2.613693e-02	3.067588e-02	3.043457e+00	1.958962e-03	1.958962e-03
3.067588e-02	3.600306e-02	3.130317e+00	1.833857e-03	1.833857e-03
3.600306e-02	4.225536e-02	3.182167e+00	1.706717e-03	1.706717e-03
4.225536e-02	4.959344e-02	3.188349e+00	1.576928e-03	1.576928e-03
4.959344e-02	5.820586e-02	3.157092e+00	1.448442e-03	1.448442e-03
5.820586e-02	6.831390e-02	3.083829e+00	1.321392e-03	1.321392e-03
6.831390e-02	8.017732e-02	2.963256e+00	1.195638e-03	1.195638e-03
8.017732e-02	9.410094e-02	2.802519e+00	1.073293e-03	1.073293e-03
9.410094e-02	1.104425e-01	2.614484e+00	9.568993e-04	9.568993e-04
1.104425e-01	1.296220e-01	2.403162e+00	8.468236e-04	8.468236e-04
1.296220e-01	1.521322e-01	2.176832e+00	7.439485e-04	7.439485e-04
1.521322e-01	1.785516e-01	1.939582e+00	6.482054e-04	6.482054e-04
1.785516e-01	2.095589e-01	1.695227e+00	5.593737e-04	5.593737e-04
2.095589e-01	2.459509e-01	1.453870e+00	4.781673e-04	4.781673e-04
2.459509e-01	2.886629e-01	1.218223e+00	4.040252e-04	4.040252e-04
2.886629e-01	3.387922e-01	9.968286e-01	3.373530e-04	3.373530e-04
3.387922e-01	3.976269e-01	7.955112e-01	2.781804e-04	2.781804e-04
3.976269e-01	4.666789e-01	6.177694e-01	2.262795e-04	2.262795e-04
4.666789e-01	5.477226e-01	4.673032e-01	1.816602e-04	1.816602e-04
5.477226e-01	6.428402e-01	3.448379e-01	1.440447e-04	1.440447e-04
6.428402e-01	7.544761e-01	2.492731e-01	1.130462e-04	1.130462e-04
7.544761e-01	8.854986e-01	1.784118e-01	8.827932e-05	8.827932e-05
8.854986e-01	1.039275e+00	1.272854e-01	6.882790e-05	6.882790e-05
1.039275e+00	1.219755e+00	9.039982e-02	5.354135e-05	5.354135e-05
1.219755e+00	1.431579e+00	6.408570e-02	4.161147e-05	4.161147e-05
1.431579e+00	1.680187e+00	4.532368e-02	3.230168e-05	3.230168e-05
1.680187e+00	1.971969e+00	3.196988e-02	2.504156e-05	2.504156e-05
1.971969e+00	2.314421e+00	2.276009e-02	1.950326e-05	1.950326e-05
2.314421e+00	2.716345e+00	1.643039e-02	1.529579e-05	1.529579e-05
2.716345e+00	3.188066e+00	1.210125e-02	1.211693e-05	1.211693e-05
3.188066e+00	3.741707e+00	9.093080e-03	9.695305e-06	9.695305e-06
3.741707e+00	4.391493e+00	6.943765e-03	7.820462e-06	7.820462e-06
4.391493e+00	5.154121e+00	5.353480e-03	6.338432e-06	6.338432e-06
5.154121e+00	6.049187e+00	4.131507e-03	5.139807e-06	5.139807e-06
6.049187e+00	7.099691e+00	3.201519e-03	4.176373e-06	4.176373e-06
7.099691e+00	8.332625e+00	2.465567e-03	3.383051e-06	3.383051e-06
8.332625e+00	9.779672e+00	1.890538e-03	2.734460e-06	2.734460e-06
9.779672e+00	1.147801e+01	1.434964e-03	2.199017e-06	2.199017e-06
1.147801e+01	1.347129e+01	1.079472e-03	1.760522e-06	1.760522e-06
1.347129e+01	1.581072e+01	8.081439e-04	1.406078e-06	1.406078e-06
1.581072e+01	1.855641e+01	5.980060e-04	1.116470e-06	1.116470e-06
1.855641e+01	2.177892e+01	4.356080e-04	8.795707e-07	8.795707e-07
2.177892e+01	2.556106e+01	3.146184e-04	6.899910e-07	6.899910e-07
2.556106e+01	3.000000e+01	2.228139e-04	5.359837e-07	5.359837e-07
# END HISTO1D


# BEGIN HISTO1D //ospool/cms-user/youpeng/genvalid/genValidation/mg35xVBS_merged.yoda.gz/MC_PHOTONS:ENERGY=13600/Ptgamma
ErrorBars=1
LineColor=green
LineStyle=solid
Path=//ospool/cms-user/youpeng/genvalid/genValidation/mg35xVBS_merged.yoda.gz/MC_PHOTONS:ENERGY=13600/Ptgamma
ScaledBy=5.83141457440079661e-09
Title=VBSZZ@LO(v35x)
# xlow	 xhigh	 val	 errminus	 errplus
1.000000e-02	1.173660e-02	1.959229e+00	2.564955e-03	2.564955e-03
1.173660e-02	1.377479e-02	2.172019e+00	2.492852e-03	2.492852e-03
1.377479e-02	1.616692e-02	2.383461e+00	2.410453e-03	2.410453e-03
1.616692e-02	1.897447e-02	2.582040e+00	2.315819e-03	2.315819e-03
1.897447e-02	2.226959e-02	2.767294e+00	2.212988e-03	2.212988e-03
2.226959e-02	2.613693e-02	2.919707e+00	2.098217e-03	2.098217e-03
2.613693e-02	3.067588e-02	3.041056e+00	1.976612e-03	1.976612e-03
3.067588e-02	3.600306e-02	3.128516e+00	1.850578e-03	1.850578e-03
3.600306e-02	4.225536e-02	3.181044e+00	1.722471e-03	1.722471e-03
4.225536e-02	4.959344e-02	3.191534e+00	1.592559e-03	1.592559e-03
4.959344e-02	5.820586e-02	3.160111e+00	1.462768e-03	1.462768e-03
5.820586e-02	6.831390e-02	3.085087e+00	1.334096e-03	1.334096e-03
6.831390e-02	8.017732e-02	2.964804e+00	1.207202e-03	1.207202e-03
8.017732e-02	9.410094e-02	2.805339e+00	1.083936e-03	1.083936e-03
9.410094e-02	1.104425e-01	2.612287e+00	9.654963e-04	9.654963e-04
1.104425e-01	1.296220e-01	2.401213e+00	8.544440e-04	8.544440e-04
1.296220e-01	1.521322e-01	2.175688e+00	7.507505e-04	7.507505e-04
1.521322e-01	1.785516e-01	1.939560e+00	6.543002e-04	6.543002e-04
1.785516e-01	2.095589e-01	1.695563e+00	5.646925e-04	5.646925e-04
2.095589e-01	2.459509e-01	1.453930e+00	4.826761e-04	4.826761e-04
2.459509e-01	2.886629e-01	1.218991e+00	4.079550e-04	4.079550e-04
2.886629e-01	3.387922e-01	9.975785e-01	3.406549e-04	3.406549e-04
3.387922e-01	3.976269e-01	7.961722e-01	2.809142e-04	2.809142e-04
3.976269e-01	4.666789e-01	6.180891e-01	2.284675e-04	2.284675e-04
4.666789e-01	5.477226e-01	4.670763e-01	1.833248e-04	1.833248e-04
5.477226e-01	6.428402e-01	3.445915e-01	1.453479e-04	1.453479e-04
6.428402e-01	7.544761e-01	2.495191e-01	1.141661e-04	1.141661e-04
7.544761e-01	8.854986e-01	1.782918e-01	8.907992e-05	8.907992e-05
8.854986e-01	1.039275e+00	1.271337e-01	6.943407e-05	6.943407e-05
1.039275e+00	1.219755e+00	9.047573e-02	5.406778e-05	5.406778e-05
1.219755e+00	1.431579e+00	6.416143e-02	4.202778e-05	4.202778e-05
1.431579e+00	1.680187e+00	4.527634e-02	3.258856e-05	3.258856e-05
1.680187e+00	1.971969e+00	3.187586e-02	2.523996e-05	2.523996e-05
1.971969e+00	2.314421e+00	2.272827e-02	1.967299e-05	1.967299e-05
2.314421e+00	2.716345e+00	1.639873e-02	1.542482e-05	1.542482e-05
2.716345e+00	3.188066e+00	1.208766e-02	1.222406e-05	1.222406e-05
3.188066e+00	3.741707e+00	9.085664e-03	9.782530e-06	9.782530e-06
3.741707e+00	4.391493e+00	6.921171e-03	7.881187e-06	7.881187e-06
4.391493e+00	5.154121e+00	5.338714e-03	6.389236e-06	6.389236e-06
5.154121e+00	6.049187e+00	4.133093e-03	5.189159e-06	5.189159e-06
6.049187e+00	7.099691e+00	3.191312e-03	4.208940e-06	4.208940e-06
7.099691e+00	8.332625e+00	2.453714e-03	3.406662e-06	3.406662e-06
8.332625e+00	9.779672e+00	1.882902e-03	2.754606e-06	2.754606e-06
9.779672e+00	1.147801e+01	1.431873e-03	2.217314e-06	2.217314e-06
1.147801e+01	1.347129e+01	1.079234e-03	1.776890e-06	1.776890e-06
1.347129e+01	1.581072e+01	8.077630e-04	1.418972e-06	1.418972e-06
1.581072e+01	1.855641e+01	5.944742e-04	1.123641e-06	1.123641e-06
1.855641e+01	2.177892e+01	4.344945e-04	8.867109e-07	8.867109e-07
2.177892e+01	2.556106e+01	3.123869e-04	6.940082e-07	6.940082e-07
2.556106e+01	3.000000e+01	2.228526e-04	5.410734e-07	5.410734e-07
# END HISTO1D

