# BEGIN PLOT
Legend=1
LogY=1
Title=Sum of photon energies
XLabel=$\sum{E_\gamma}$ [GeV]
YLabel=$1/\sigma \, \mathrm{d}\sigma/\mathrm{d}\sum{E_\gamma}$ [GeV$^{-1}$]
RemoveOptions=1
DrawOnly=//eos/home-y/youpeng/valid/genValidation/masterVBS_merged.yoda.gz/MC_PHOTONS:ENERGY=13600/sumEgamma //eos/home-y/youpeng/valid/genValidation/mg352VBS_merged.yoda.gz/MC_PHOTONS:ENERGY=13600/sumEgamma //eos/home-y/youpeng/valid/genValidation/mg35xVBS_merged.yoda.gz/MC_PHOTONS:ENERGY=13600/sumEgamma
LegendOnly=//eos/home-y/youpeng/valid/genValidation/masterVBS_merged.yoda.gz/MC_PHOTONS:ENERGY=13600/sumEgamma //eos/home-y/youpeng/valid/genValidation/mg352VBS_merged.yoda.gz/MC_PHOTONS:ENERGY=13600/sumEgamma //eos/home-y/youpeng/valid/genValidation/mg35xVBS_merged.yoda.gz/MC_PHOTONS:ENERGY=13600/sumEgamma
RatioPlot=1
RatioPlotReference=//eos/home-y/youpeng/valid/genValidation/masterVBS_merged.yoda.gz/MC_PHOTONS:ENERGY=13600/sumEgamma
RatioPlotYLabel=Ratio
# END PLOT

# BEGIN HISTO1D //eos/home-y/youpeng/valid/genValidation/masterVBS_merged.yoda.gz/MC_PHOTONS:ENERGY=13600/sumEgamma
ErrorBars=1
LineColor=red
LineStyle=solid
Path=//eos/home-y/youpeng/valid/genValidation/masterVBS_merged.yoda.gz/MC_PHOTONS:ENERGY=13600/sumEgamma
ScaledBy=9.76562500000000020e-07
Title=VBSZZ@LO(v2918)
# xlow	 xhigh	 val	 errminus	 errplus
0.000000e+00	5.440000e+01	4.936667e-06	2.976922e-07	2.976922e-07
5.440000e+01	1.088000e+02	3.376680e-05	7.785661e-07	7.785661e-07
1.088000e+02	1.632000e+02	9.112189e-05	1.278975e-06	1.278975e-06
1.632000e+02	2.176000e+02	1.688161e-04	1.740834e-06	1.740834e-06
2.176000e+02	2.720000e+02	2.509801e-04	2.122610e-06	2.122610e-06
2.720000e+02	3.264000e+02	3.380631e-04	2.463482e-06	2.463482e-06
3.264000e+02	3.808000e+02	4.147699e-04	2.728690e-06	2.728690e-06
3.808000e+02	4.352000e+02	4.968800e-04	2.986595e-06	2.986595e-06
4.352000e+02	4.896000e+02	5.748614e-04	3.212419e-06	3.212419e-06
4.896000e+02	5.440000e+02	6.429695e-04	3.397393e-06	3.397393e-06
5.440000e+02	5.984000e+02	7.022274e-04	3.550499e-06	3.550499e-06
5.984000e+02	6.528000e+02	7.532994e-04	3.677345e-06	3.677345e-06
6.528000e+02	7.072000e+02	7.985373e-04	3.786153e-06	3.786153e-06
7.072000e+02	7.616000e+02	8.272956e-04	3.853727e-06	3.853727e-06
7.616000e+02	8.160000e+02	8.545101e-04	3.916600e-06	3.916600e-06
8.160000e+02	8.704000e+02	8.693561e-04	3.950476e-06	3.950476e-06
8.704000e+02	9.248000e+02	8.710614e-04	3.954349e-06	3.954349e-06
9.248000e+02	9.792000e+02	8.611702e-04	3.931833e-06	3.931833e-06
9.792000e+02	1.033600e+03	8.283189e-04	3.856109e-06	3.856109e-06
1.033600e+03	1.088000e+03	7.965088e-04	3.781341e-06	3.781341e-06
1.088000e+03	1.142400e+03	7.625625e-04	3.699885e-06	3.699885e-06
1.142400e+03	1.196800e+03	7.075949e-04	3.564043e-06	3.564043e-06
1.196800e+03	1.251200e+03	6.476728e-04	3.409796e-06	3.409796e-06
1.251200e+03	1.305600e+03	5.989702e-04	3.279089e-06	3.279089e-06
1.305600e+03	1.360000e+03	5.454029e-04	3.129027e-06	3.129027e-06
1.360000e+03	1.414400e+03	4.898250e-04	2.965317e-06	2.965317e-06
1.414400e+03	1.468800e+03	4.323801e-04	2.786015e-06	2.786015e-06
1.468800e+03	1.523200e+03	3.857243e-04	2.631413e-06	2.631413e-06
1.523200e+03	1.577600e+03	3.435202e-04	2.483286e-06	2.483286e-06
1.577600e+03	1.632000e+03	3.013700e-04	2.325951e-06	2.325951e-06
1.632000e+03	1.686400e+03	2.625768e-04	2.171094e-06	2.171094e-06
1.686400e+03	1.740800e+03	2.276971e-04	2.021759e-06	2.021759e-06
1.740800e+03	1.795200e+03	1.988489e-04	1.889349e-06	1.889349e-06
1.795200e+03	1.849600e+03	1.730526e-04	1.762543e-06	1.762543e-06
1.849600e+03	1.904000e+03	1.509004e-04	1.645871e-06	1.645871e-06
1.904000e+03	1.958400e+03	1.282995e-04	1.517620e-06	1.517620e-06
1.958400e+03	2.012800e+03	1.122688e-04	1.419646e-06	1.419646e-06
2.012800e+03	2.067200e+03	9.745879e-05	1.322699e-06	1.322699e-06
2.067200e+03	2.121600e+03	8.275649e-05	1.218854e-06	1.218854e-06
2.121600e+03	2.176000e+03	7.399616e-05	1.152538e-06	1.152538e-06
2.176000e+03	2.230400e+03	6.302778e-05	1.063694e-06	1.063694e-06
2.230400e+03	2.284800e+03	5.599077e-05	1.002556e-06	1.002556e-06
2.284800e+03	2.339200e+03	4.721248e-05	9.206170e-07	9.206170e-07
2.339200e+03	2.393600e+03	4.058838e-05	8.535942e-07	8.535942e-07
2.393600e+03	2.448000e+03	3.565171e-05	8.000014e-07	8.000014e-07
2.448000e+03	2.502400e+03	3.051757e-05	7.401599e-07	7.401599e-07
2.502400e+03	2.556800e+03	2.615537e-05	6.852213e-07	6.852213e-07
2.556800e+03	2.611200e+03	2.136230e-05	6.192622e-07	6.192622e-07
2.611200e+03	2.665600e+03	2.173928e-05	6.247026e-07	6.247026e-07
2.665600e+03	2.720000e+03	1.683852e-05	5.497972e-07	5.497972e-07
# END HISTO1D


# BEGIN HISTO1D //eos/home-y/youpeng/valid/genValidation/mg352VBS_merged.yoda.gz/MC_PHOTONS:ENERGY=13600/sumEgamma
ErrorBars=1
LineColor=blue
LineStyle=solid
Path=//eos/home-y/youpeng/valid/genValidation/mg352VBS_merged.yoda.gz/MC_PHOTONS:ENERGY=13600/sumEgamma
ScaledBy=9.76562500000000020e-07
Title=VBSZZ@LO(v352)
# xlow	 xhigh	 val	 errminus	 errplus
0.000000e+00	5.440000e+01	4.362219e-06	2.798365e-07	2.798365e-07
5.440000e+01	1.088000e+02	3.383860e-05	7.793936e-07	7.793936e-07
1.088000e+02	1.632000e+02	9.099623e-05	1.278092e-06	1.278092e-06
1.632000e+02	2.176000e+02	1.688340e-04	1.740927e-06	1.740927e-06
2.176000e+02	2.720000e+02	2.543191e-04	2.136683e-06	2.136683e-06
2.720000e+02	3.264000e+02	3.375244e-04	2.461519e-06	2.461519e-06
3.264000e+02	3.808000e+02	4.199577e-04	2.745702e-06	2.745702e-06
3.808000e+02	4.352000e+02	4.950131e-04	2.980979e-06	2.980979e-06
4.352000e+02	4.896000e+02	5.682912e-04	3.194008e-06	3.194008e-06
4.896000e+02	5.440000e+02	6.392535e-04	3.387561e-06	3.387561e-06
5.440000e+02	5.984000e+02	7.010068e-04	3.547412e-06	3.547412e-06
5.984000e+02	6.528000e+02	7.546458e-04	3.680630e-06	3.680630e-06
6.528000e+02	7.072000e+02	8.007993e-04	3.791512e-06	3.791512e-06
7.072000e+02	7.616000e+02	8.294140e-04	3.858657e-06	3.858657e-06
7.616000e+02	8.160000e+02	8.546358e-04	3.916888e-06	3.916888e-06
8.160000e+02	8.704000e+02	8.693919e-04	3.950558e-06	3.950558e-06
8.704000e+02	9.248000e+02	8.636296e-04	3.937443e-06	3.937443e-06
9.248000e+02	9.792000e+02	8.558386e-04	3.919643e-06	3.919643e-06
9.792000e+02	1.033600e+03	8.290728e-04	3.857864e-06	3.857864e-06
1.033600e+03	1.088000e+03	7.999914e-04	3.789599e-06	3.789599e-06
1.088000e+03	1.142400e+03	7.537123e-04	3.678353e-06	3.678353e-06
1.142400e+03	1.196800e+03	7.024428e-04	3.551044e-06	3.551044e-06
1.196800e+03	1.251200e+03	6.575281e-04	3.435641e-06	3.435641e-06
1.251200e+03	1.305600e+03	6.020221e-04	3.287432e-06	3.287432e-06
1.305600e+03	1.360000e+03	5.418665e-04	3.118866e-06	3.118866e-06
1.360000e+03	1.414400e+03	4.913509e-04	2.969932e-06	2.969932e-06
1.414400e+03	1.468800e+03	4.406917e-04	2.812665e-06	2.812665e-06
1.468800e+03	1.523200e+03	3.859037e-04	2.632026e-06	2.632026e-06
1.523200e+03	1.577600e+03	3.439511e-04	2.484843e-06	2.484843e-06
1.577600e+03	1.632000e+03	3.009572e-04	2.324357e-06	2.324357e-06
1.632000e+03	1.686400e+03	2.598662e-04	2.159859e-06	2.159859e-06
1.686400e+03	1.740800e+03	2.272482e-04	2.019765e-06	2.019765e-06
1.740800e+03	1.795200e+03	2.000338e-04	1.894969e-06	1.894969e-06
1.795200e+03	1.849600e+03	1.768224e-04	1.781637e-06	1.781637e-06
1.849600e+03	1.904000e+03	1.490694e-04	1.635855e-06	1.635855e-06
1.904000e+03	1.958400e+03	1.324642e-04	1.542055e-06	1.542055e-06
1.958400e+03	2.012800e+03	1.128073e-04	1.423047e-06	1.423047e-06
2.012800e+03	2.067200e+03	9.769215e-05	1.324282e-06	1.324282e-06
2.067200e+03	2.121600e+03	8.632884e-05	1.244883e-06	1.244883e-06
2.121600e+03	2.176000e+03	7.184197e-05	1.135637e-06	1.135637e-06
2.176000e+03	2.230400e+03	6.204044e-05	1.055329e-06	1.055329e-06
2.230400e+03	2.284800e+03	5.527272e-05	9.961070e-07	9.961070e-07
2.284800e+03	2.339200e+03	4.681756e-05	9.167586e-07	9.167586e-07
2.339200e+03	2.393600e+03	4.071404e-05	8.549144e-07	8.549144e-07
2.393600e+03	2.448000e+03	3.319235e-05	7.719153e-07	7.719153e-07
2.448000e+03	2.502400e+03	3.094842e-05	7.453664e-07	7.453664e-07
2.502400e+03	2.556800e+03	2.662210e-05	6.913082e-07	6.913082e-07
2.556800e+03	2.611200e+03	2.283434e-05	6.402429e-07	6.402429e-07
2.611200e+03	2.665600e+03	2.030316e-05	6.037158e-07	6.037158e-07
2.665600e+03	2.720000e+03	1.712575e-05	5.544665e-07	5.544665e-07
# END HISTO1D


# BEGIN HISTO1D //eos/home-y/youpeng/valid/genValidation/mg35xVBS_merged.yoda.gz/MC_PHOTONS:ENERGY=13600/sumEgamma
ErrorBars=1
LineColor=green
LineStyle=solid
Path=//eos/home-y/youpeng/valid/genValidation/mg35xVBS_merged.yoda.gz/MC_PHOTONS:ENERGY=13600/sumEgamma
ScaledBy=9.96492346938775600e-07
Title=VBSZZ@LO(v35x)
# xlow	 xhigh	 val	 errminus	 errplus
0.000000e+00	5.440000e+01	4.487879e-06	2.867201e-07	2.867201e-07
5.440000e+01	1.088000e+02	3.451088e-05	7.950885e-07	7.950885e-07
1.088000e+02	1.632000e+02	9.223050e-05	1.299795e-06	1.299795e-06
1.632000e+02	2.176000e+02	1.687443e-04	1.758134e-06	1.758134e-06
2.176000e+02	2.720000e+02	2.486469e-04	2.134170e-06	2.134170e-06
2.720000e+02	3.264000e+02	3.418847e-04	2.502520e-06	2.502520e-06
3.264000e+02	3.808000e+02	4.153395e-04	2.758285e-06	2.758285e-06
3.808000e+02	4.352000e+02	4.953520e-04	3.012274e-06	3.012274e-06
4.352000e+02	4.896000e+02	5.657476e-04	3.219207e-06	3.219207e-06
4.896000e+02	5.440000e+02	6.329191e-04	3.404957e-06	3.404957e-06
5.440000e+02	5.984000e+02	6.983140e-04	3.576538e-06	3.576538e-06
5.984000e+02	6.528000e+02	7.592210e-04	3.729251e-06	3.729251e-06
6.528000e+02	7.072000e+02	7.958384e-04	3.818124e-06	3.818124e-06
7.072000e+02	7.616000e+02	8.319978e-04	3.903899e-06	3.903899e-06
7.616000e+02	8.160000e+02	8.513415e-04	3.949021e-06	3.949021e-06
8.160000e+02	8.704000e+02	8.674063e-04	3.986106e-06	3.986106e-06
8.704000e+02	9.248000e+02	8.702272e-04	3.992582e-06	3.992582e-06
9.248000e+02	9.792000e+02	8.487954e-04	3.943111e-06	3.943111e-06
9.792000e+02	1.033600e+03	8.329688e-04	3.906176e-06	3.906176e-06
1.033600e+03	1.088000e+03	8.007842e-04	3.829969e-06	3.829969e-06
1.088000e+03	1.142400e+03	7.629211e-04	3.738328e-06	3.738328e-06
1.142400e+03	1.196800e+03	7.114112e-04	3.609923e-06	3.609923e-06
1.196800e+03	1.251200e+03	6.548824e-04	3.463532e-06	3.463532e-06
1.251200e+03	1.305600e+03	5.992509e-04	3.313156e-06	3.313156e-06
1.305600e+03	1.360000e+03	5.461658e-04	3.163004e-06	3.163004e-06
1.360000e+03	1.414400e+03	4.922013e-04	3.002679e-06	3.002679e-06
1.414400e+03	1.468800e+03	4.389145e-04	2.835486e-06	2.835486e-06
1.468800e+03	1.523200e+03	3.832283e-04	2.649514e-06	2.649514e-06
1.523200e+03	1.577600e+03	3.460430e-04	2.517692e-06	2.517692e-06
1.577600e+03	1.632000e+03	3.031974e-04	2.356679e-06	2.356679e-06
1.632000e+03	1.686400e+03	2.598024e-04	2.181520e-06	2.181520e-06
1.686400e+03	1.740800e+03	2.297428e-04	2.051438e-06	2.051438e-06
1.740800e+03	1.795200e+03	2.013500e-04	1.920496e-06	1.920496e-06
1.795200e+03	1.849600e+03	1.721880e-04	1.775984e-06	1.775984e-06
1.849600e+03	1.904000e+03	1.502798e-04	1.659159e-06	1.659159e-06
1.904000e+03	1.958400e+03	1.295806e-04	1.540663e-06	1.540663e-06
1.958400e+03	2.012800e+03	1.128381e-04	1.437691e-06	1.437691e-06
2.012800e+03	2.067200e+03	9.648024e-05	1.329403e-06	1.329403e-06
2.067200e+03	2.121600e+03	8.415232e-05	1.241568e-06	1.241568e-06
2.121600e+03	2.176000e+03	7.149467e-05	1.144391e-06	1.144391e-06
2.176000e+03	2.230400e+03	6.224414e-05	1.067792e-06	1.067792e-06
2.230400e+03	2.284800e+03	5.515511e-05	1.005149e-06	1.005149e-06
2.284800e+03	2.339200e+03	4.737002e-05	9.315138e-07	9.315138e-07
2.339200e+03	2.393600e+03	4.070232e-05	8.634696e-07	8.634696e-07
2.393600e+03	2.448000e+03	3.535349e-05	8.047365e-07	8.047365e-07
2.448000e+03	2.502400e+03	3.027945e-05	7.447517e-07	7.447517e-07
2.502400e+03	2.556800e+03	2.573662e-05	6.866150e-07	6.866150e-07
2.556800e+03	2.611200e+03	2.381324e-05	6.604603e-07	6.604603e-07
2.611200e+03	2.665600e+03	2.062592e-05	6.146733e-07	6.146733e-07
2.665600e+03	2.720000e+03	1.749357e-05	5.660786e-07	5.660786e-07
# END HISTO1D

