# BEGIN PLOT
Legend=1
LogY=1
Title=HT
XLabel=$H_T$ [GeV]
YLabel=$\mathrm{d}\sigma/\mathrm{d}H_T$ [pb/GeV]
LogX=1
LegendXPos=0.10
LegendYPos=0.5
RemoveOptions=1
DrawOnly=//ospool/cms-user/youpeng/genvalid/genValidation/masterVBS_merged.yoda.gz/MC_ZZJETS:ENERGY=13600/HT //ospool/cms-user/youpeng/genvalid/genValidation/mg352VBS_merged.yoda.gz/MC_ZZJETS:ENERGY=13600/HT //ospool/cms-user/youpeng/genvalid/genValidation/mg35xVBS_merged.yoda.gz/MC_ZZJETS:ENERGY=13600/HT
LegendOnly=//ospool/cms-user/youpeng/genvalid/genValidation/masterVBS_merged.yoda.gz/MC_ZZJETS:ENERGY=13600/HT //ospool/cms-user/youpeng/genvalid/genValidation/mg352VBS_merged.yoda.gz/MC_ZZJETS:ENERGY=13600/HT //ospool/cms-user/youpeng/genvalid/genValidation/mg35xVBS_merged.yoda.gz/MC_ZZJETS:ENERGY=13600/HT
RatioPlot=1
RatioPlotReference=//ospool/cms-user/youpeng/genvalid/genValidation/masterVBS_merged.yoda.gz/MC_ZZJETS:ENERGY=13600/HT
RatioPlotYLabel=Ratio
# END PLOT

# BEGIN HISTO1D //ospool/cms-user/youpeng/genvalid/genValidation/masterVBS_merged.yoda.gz/MC_ZZJETS:ENERGY=13600/HT
ErrorBars=1
LineColor=red
LineStyle=solid
Path=//ospool/cms-user/youpeng/genvalid/genValidation/masterVBS_merged.yoda.gz/MC_ZZJETS:ENERGY=13600/HT
ScaledBy=1.07182617187499956e-09
Title=VBSZZ@LO(v2918)
# xlow	 xhigh	 val	 errminus	 errplus
1.000000e+02	1.043098e+02	0.000000e+00	0.000000e+00	0.000000e+00
1.043098e+02	1.088053e+02	0.000000e+00	0.000000e+00	0.000000e+00
1.088053e+02	1.134946e+02	0.000000e+00	0.000000e+00	0.000000e+00
1.134946e+02	1.183860e+02	0.000000e+00	0.000000e+00	0.000000e+00
1.183860e+02	1.234882e+02	0.000000e+00	0.000000e+00	0.000000e+00
1.234882e+02	1.288103e+02	0.000000e+00	0.000000e+00	0.000000e+00
1.288103e+02	1.343617e+02	0.000000e+00	0.000000e+00	0.000000e+00
1.343617e+02	1.401525e+02	0.000000e+00	0.000000e+00	0.000000e+00
1.401525e+02	1.461927e+02	3.548975e-10	2.509505e-10	2.509505e-10
1.461927e+02	1.524933e+02	1.701149e-10	1.701149e-10	1.701149e-10
1.524933e+02	1.590655e+02	4.892546e-10	2.824712e-10	2.824712e-10
1.590655e+02	1.659209e+02	3.126954e-10	2.211091e-10	2.211091e-10
1.659209e+02	1.730717e+02	5.995560e-10	2.997780e-10	2.997780e-10
1.730717e+02	1.805308e+02	8.621626e-10	3.519764e-10	3.519764e-10
1.805308e+02	1.883113e+02	2.479644e-09	5.844577e-10	5.844577e-10
1.883113e+02	1.964271e+02	3.433732e-09	6.734102e-10	6.734102e-10
1.964271e+02	2.048927e+02	4.178116e-09	7.273167e-10	7.273167e-10
2.048927e+02	2.137232e+02	7.525420e-09	9.557293e-10	9.557293e-10
2.137232e+02	2.229342e+02	1.268365e-08	1.214873e-09	1.214873e-09
2.229342e+02	2.325422e+02	1.539467e-08	1.310482e-09	1.310482e-09
2.325422e+02	2.425643e+02	2.556016e-08	1.653349e-09	1.653349e-09
2.425643e+02	2.530183e+02	3.660244e-08	1.937207e-09	1.937207e-09
2.530183e+02	2.639229e+02	5.061997e-08	2.230582e-09	2.230582e-09
2.639229e+02	2.752974e+02	6.718643e-08	2.516152e-09	2.516152e-09
2.752974e+02	2.871622e+02	8.157398e-08	2.714613e-09	2.714613e-09
2.871622e+02	2.995383e+02	9.933541e-08	2.933069e-09	2.933069e-09
2.995383e+02	3.124478e+02	1.205540e-07	3.163721e-09	3.163721e-09
3.124478e+02	3.259136e+02	1.369850e-07	3.302042e-09	3.302042e-09
3.259136e+02	3.399598e+02	1.583374e-07	3.475959e-09	3.475959e-09
3.399598e+02	3.546114e+02	1.739607e-07	3.567346e-09	3.567346e-09
3.546114e+02	3.698944e+02	1.866912e-07	3.618427e-09	3.618427e-09
3.698944e+02	3.858361e+02	2.000215e-07	3.667188e-09	3.667188e-09
3.858361e+02	4.024648e+02	2.066472e-07	3.649621e-09	3.649621e-09
4.024648e+02	4.198102e+02	2.189948e-07	3.678636e-09	3.678636e-09
4.198102e+02	4.379032e+02	2.244597e-07	3.646499e-09	3.646499e-09
4.379032e+02	4.567759e+02	2.204113e-07	3.538035e-09	3.538035e-09
4.567759e+02	4.764620e+02	2.189267e-07	3.452484e-09	3.452484e-09
4.764620e+02	4.969966e+02	2.160397e-07	3.358040e-09	3.358040e-09
4.969966e+02	5.184161e+02	2.110176e-07	3.249502e-09	3.249502e-09
5.184161e+02	5.407588e+02	2.021544e-07	3.114124e-09	3.114124e-09
5.407588e+02	5.640644e+02	1.949059e-07	2.993950e-09	2.993950e-09
5.640644e+02	5.883744e+02	1.849573e-07	2.855653e-09	2.855653e-09
5.883744e+02	6.137321e+02	1.775267e-07	2.739297e-09	2.739297e-09
6.137321e+02	6.401827e+02	1.648022e-07	2.584199e-09	2.584199e-09
6.401827e+02	6.677732e+02	1.496800e-07	2.411372e-09	2.411372e-09
6.677732e+02	6.965529e+02	1.358232e-07	2.249086e-09	2.249086e-09
6.965529e+02	7.265729e+02	1.265698e-07	2.125797e-09	2.125797e-09
7.265729e+02	7.578867e+02	1.174040e-07	2.004637e-09	2.004637e-09
7.578867e+02	7.905500e+02	1.045466e-07	1.852197e-09	1.852197e-09
7.905500e+02	8.246211e+02	9.402949e-08	1.719892e-09	1.719892e-09
8.246211e+02	8.601606e+02	8.058414e-08	1.558947e-09	1.558947e-09
8.601606e+02	8.972318e+02	7.176118e-08	1.440418e-09	1.440418e-09
8.972318e+02	9.359006e+02	6.275380e-08	1.318870e-09	1.318870e-09
9.359006e+02	9.762360e+02	5.543094e-08	1.213655e-09	1.213655e-09
9.762360e+02	1.018310e+03	4.822377e-08	1.108373e-09	1.108373e-09
1.018310e+03	1.062197e+03	4.063889e-08	9.962426e-10	9.962426e-10
1.062197e+03	1.107975e+03	3.828118e-08	9.467307e-10	9.467307e-10
1.107975e+03	1.155727e+03	3.268091e-08	8.564725e-10	8.564725e-10
1.155727e+03	1.205536e+03	2.715664e-08	7.644450e-10	7.644450e-10
1.205536e+03	1.257492e+03	2.236238e-08	6.792086e-10	6.792086e-10
1.257492e+03	1.311688e+03	2.031082e-08	6.337855e-10	6.337855e-10
1.311688e+03	1.368219e+03	1.530070e-08	5.386101e-10	5.386101e-10
1.368219e+03	1.427186e+03	1.303270e-08	4.867152e-10	4.867152e-10
1.427186e+03	1.488695e+03	1.116976e-08	4.411789e-10	4.411789e-10
1.488695e+03	1.552855e+03	8.603343e-09	3.791086e-10	3.791086e-10
1.552855e+03	1.619779e+03	7.142946e-09	3.382283e-10	3.382283e-10
1.619779e+03	1.689589e+03	6.156744e-09	3.074531e-10	3.074531e-10
1.689589e+03	1.762406e+03	5.107649e-09	2.741930e-10	2.741930e-10
1.762406e+03	1.838362e+03	3.429009e-09	2.199710e-10	2.199710e-10
1.838362e+03	1.917592e+03	2.854415e-09	1.965061e-10	1.965061e-10
1.917592e+03	2.000236e+03	1.997256e-09	1.609435e-10	1.609435e-10
2.000236e+03	2.086442e+03	2.001763e-09	1.577610e-10	1.577610e-10
2.086442e+03	2.176364e+03	1.239629e-09	1.215556e-10	1.215556e-10
2.176364e+03	2.270161e+03	8.913125e-10	1.009213e-10	1.009213e-10
2.270161e+03	2.368000e+03	8.873549e-10	9.859499e-11	9.859499e-11
2.368000e+03	2.470056e+03	4.305957e-10	6.724775e-11	6.724775e-11
2.470056e+03	2.576510e+03	5.034222e-10	7.119465e-11	7.119465e-11
2.576510e+03	2.687552e+03	3.571403e-10	5.871350e-11	5.871350e-11
2.687552e+03	2.803380e+03	2.128328e-10	4.437871e-11	4.437871e-11
2.803380e+03	2.924200e+03	1.419402e-10	3.548506e-11	3.548506e-11
2.924200e+03	3.050227e+03	1.360758e-10	3.401894e-11	3.401894e-11
3.050227e+03	3.181686e+03	1.386063e-10	3.361696e-11	3.361696e-11
3.181686e+03	3.318810e+03	7.034827e-11	2.344942e-11	2.344942e-11
3.318810e+03	3.461844e+03	3.746753e-11	1.675599e-11	1.675599e-11
3.461844e+03	3.611042e+03	2.873567e-11	1.436784e-11	1.436784e-11
3.611042e+03	3.766671e+03	2.066118e-11	1.192874e-11	1.192874e-11
3.766671e+03	3.929007e+03	1.980755e-11	1.143589e-11	1.143589e-11
3.929007e+03	4.098339e+03	1.265946e-11	8.951593e-12	8.951593e-12
4.098339e+03	4.274969e+03	1.213640e-11	8.581731e-12	8.581731e-12
4.274969e+03	4.459211e+03	5.817490e-12	5.817490e-12	5.817490e-12
4.459211e+03	4.651394e+03	5.577111e-12	5.577111e-12	5.577111e-12
4.651394e+03	4.851859e+03	5.346699e-12	5.346699e-12	5.346699e-12
4.851859e+03	5.060964e+03	0.000000e+00	0.000000e+00	0.000000e+00
5.060964e+03	5.279082e+03	4.913973e-12	4.913973e-12	4.913973e-12
5.279082e+03	5.506599e+03	0.000000e+00	0.000000e+00	0.000000e+00
5.506599e+03	5.743922e+03	0.000000e+00	0.000000e+00	0.000000e+00
5.743922e+03	5.991474e+03	0.000000e+00	0.000000e+00	0.000000e+00
5.991474e+03	6.249694e+03	0.000000e+00	0.000000e+00	0.000000e+00
6.249694e+03	6.519043e+03	0.000000e+00	0.000000e+00	0.000000e+00
6.519043e+03	6.800000e+03	0.000000e+00	0.000000e+00	0.000000e+00
# END HISTO1D


# BEGIN HISTO1D //ospool/cms-user/youpeng/genvalid/genValidation/mg352VBS_merged.yoda.gz/MC_ZZJETS:ENERGY=13600/HT
ErrorBars=1
LineColor=blue
LineStyle=solid
Path=//ospool/cms-user/youpeng/genvalid/genValidation/mg352VBS_merged.yoda.gz/MC_ZZJETS:ENERGY=13600/HT
ScaledBy=1.07425781250000051e-09
Title=VBSZZ@LO(v352)
# xlow	 xhigh	 val	 errminus	 errplus
1.000000e+02	1.043098e+02	0.000000e+00	0.000000e+00	0.000000e+00
1.043098e+02	1.088053e+02	0.000000e+00	0.000000e+00	0.000000e+00
1.088053e+02	1.134946e+02	0.000000e+00	0.000000e+00	0.000000e+00
1.134946e+02	1.183860e+02	0.000000e+00	0.000000e+00	0.000000e+00
1.183860e+02	1.234882e+02	0.000000e+00	0.000000e+00	0.000000e+00
1.234882e+02	1.288103e+02	0.000000e+00	0.000000e+00	0.000000e+00
1.288103e+02	1.343617e+02	0.000000e+00	0.000000e+00	0.000000e+00
1.343617e+02	1.401525e+02	0.000000e+00	0.000000e+00	0.000000e+00
1.401525e+02	1.461927e+02	0.000000e+00	0.000000e+00	0.000000e+00
1.461927e+02	1.524933e+02	1.705009e-10	1.705009e-10	1.705009e-10
1.524933e+02	1.590655e+02	6.538193e-10	3.269096e-10	3.269096e-10
1.590655e+02	1.659209e+02	3.134049e-10	2.216107e-10	2.216107e-10
1.659209e+02	1.730717e+02	1.201832e-09	4.249119e-10	4.249119e-10
1.730717e+02	1.805308e+02	5.760790e-10	2.880395e-10	2.880395e-10
1.805308e+02	1.883113e+02	1.932988e-09	5.166127e-10	5.166127e-10
1.883113e+02	1.964271e+02	4.368086e-09	7.603860e-10	7.603860e-10
1.964271e+02	2.048927e+02	5.964151e-09	8.699608e-10	8.699608e-10
2.048927e+02	2.137232e+02	1.021886e-08	1.114969e-09	1.114969e-09
2.137232e+02	2.229342e+02	1.294567e-08	1.228749e-09	1.228749e-09
2.229342e+02	2.325422e+02	1.721854e-08	1.387509e-09	1.387509e-09
2.325422e+02	2.425643e+02	2.583252e-08	1.664019e-09	1.664019e-09
2.425643e+02	2.530183e+02	3.401371e-08	1.869563e-09	1.869563e-09
2.530183e+02	2.639229e+02	4.768087e-08	2.167312e-09	2.167312e-09
2.639229e+02	2.752974e+02	6.488330e-08	2.475452e-09	2.475452e-09
2.752974e+02	2.871622e+02	8.148742e-08	2.716248e-09	2.716248e-09
2.871622e+02	2.995383e+02	1.040744e-07	3.005622e-09	3.005622e-09
2.995383e+02	3.124478e+02	1.238232e-07	3.209967e-09	3.209967e-09
3.124478e+02	3.259136e+02	1.414442e-07	3.359160e-09	3.359160e-09
3.259136e+02	3.399598e+02	1.611440e-07	3.510605e-09	3.510605e-09
3.399598e+02	3.546114e+02	1.780947e-07	3.613577e-09	3.613577e-09
3.546114e+02	3.698944e+02	1.913322e-07	3.667279e-09	3.667279e-09
3.698944e+02	3.858361e+02	2.023621e-07	3.692764e-09	3.692764e-09
3.858361e+02	4.024648e+02	2.110568e-07	3.692537e-09	3.692537e-09
4.024648e+02	4.198102e+02	2.105732e-07	3.611301e-09	3.611301e-09
4.198102e+02	4.379032e+02	2.216440e-07	3.627663e-09	3.627663e-09
4.379032e+02	4.567759e+02	2.169838e-07	3.514398e-09	3.514398e-09
4.567759e+02	4.764620e+02	2.225338e-07	3.484757e-09	3.484757e-09
4.764620e+02	4.969966e+02	2.188840e-07	3.383905e-09	3.383905e-09
4.969966e+02	5.184161e+02	2.120480e-07	3.261119e-09	3.261119e-09
5.184161e+02	5.407588e+02	1.973241e-07	3.080183e-09	3.080183e-09
5.407588e+02	5.640644e+02	1.959934e-07	3.005695e-09	3.005695e-09
5.640644e+02	5.883744e+02	1.884702e-07	2.885912e-09	2.885912e-09
5.883744e+02	6.137321e+02	1.761926e-07	2.732078e-09	2.732078e-09
6.137321e+02	6.401827e+02	1.690344e-07	2.620137e-09	2.620137e-09
6.401827e+02	6.677732e+02	1.497471e-07	2.414647e-09	2.414647e-09
6.677732e+02	6.965529e+02	1.371391e-07	2.262517e-09	2.262517e-09
6.965529e+02	7.265729e+02	1.266064e-07	2.128515e-09	2.128515e-09
7.265729e+02	7.578867e+02	1.139309e-07	1.977002e-09	1.977002e-09
7.578867e+02	7.905500e+02	1.014620e-07	1.826737e-09	1.826737e-09
7.905500e+02	8.246211e+02	9.184655e-08	1.701738e-09	1.701738e-09
8.246211e+02	8.601606e+02	8.061582e-08	1.561021e-09	1.561021e-09
8.601606e+02	8.972318e+02	7.169215e-08	1.441358e-09	1.441358e-09
8.972318e+02	9.359006e+02	6.461861e-08	1.339839e-09	1.339839e-09
9.359006e+02	9.762360e+02	5.683509e-08	1.230324e-09	1.230324e-09
9.762360e+02	1.018310e+03	4.820552e-08	1.109419e-09	1.109419e-09
1.018310e+03	1.062197e+03	4.195498e-08	1.013393e-09	1.013393e-09
1.062197e+03	1.107975e+03	3.721816e-08	9.345515e-10	9.345515e-10
1.107975e+03	1.155727e+03	3.039291e-08	8.268840e-10	8.268840e-10
1.155727e+03	1.205536e+03	2.719667e-08	7.658757e-10	7.658757e-10
1.205536e+03	1.257492e+03	2.139997e-08	6.651859e-10	6.651859e-10
1.257492e+03	1.311688e+03	1.974243e-08	6.255629e-10	6.255629e-10
1.311688e+03	1.368219e+03	1.394819e-08	5.148372e-10	5.148372e-10
1.368219e+03	1.427186e+03	1.216959e-08	4.708556e-10	4.708556e-10
1.427186e+03	1.488695e+03	1.053143e-08	4.288728e-10	4.288728e-10
1.488695e+03	1.552855e+03	8.756808e-09	3.829085e-10	3.829085e-10
1.552855e+03	1.619779e+03	7.849383e-09	3.549613e-10	3.549613e-10
1.619779e+03	1.689589e+03	6.170712e-09	3.081506e-10	3.081506e-10
1.689589e+03	1.762406e+03	4.337336e-09	2.529586e-10	2.529586e-10
1.762406e+03	1.838362e+03	3.719651e-09	2.293635e-10	2.293635e-10
1.838362e+03	1.917592e+03	2.711746e-09	1.917493e-10	1.917493e-10
1.917592e+03	2.000236e+03	2.040783e-09	1.628722e-10	1.628722e-10
2.000236e+03	2.086442e+03	1.906612e-09	1.541405e-10	1.541405e-10
2.086442e+03	2.176364e+03	1.278281e-09	1.235761e-10	1.235761e-10
2.176364e+03	2.270161e+03	1.145301e-09	1.145301e-10	1.145301e-10
2.270161e+03	2.368000e+03	5.819322e-10	7.993453e-11	7.993453e-11
2.368000e+03	2.470056e+03	5.999912e-10	7.947077e-11	7.947077e-11
2.470056e+03	2.576510e+03	4.440166e-10	6.693802e-11	6.693802e-11
2.576510e+03	2.687552e+03	3.289275e-10	5.641059e-11	5.641059e-11
2.687552e+03	2.803380e+03	2.782378e-10	5.079905e-11	5.079905e-11
2.803380e+03	2.924200e+03	1.511536e-10	3.666015e-11	3.666015e-11
2.924200e+03	3.050227e+03	1.619566e-10	3.715538e-11	3.715538e-11
3.050227e+03	3.181686e+03	5.720266e-11	2.162057e-11	2.162057e-11
3.181686e+03	3.318810e+03	8.617631e-11	2.598313e-11	2.598313e-11
3.318810e+03	3.461844e+03	3.755253e-11	1.679400e-11	1.679400e-11
3.461844e+03	3.611042e+03	2.880086e-11	1.440043e-11	1.440043e-11
3.611042e+03	3.766671e+03	2.070805e-11	1.195580e-11	1.195580e-11
3.766671e+03	3.929007e+03	1.323499e-11	9.358553e-12	9.358553e-12
3.929007e+03	4.098339e+03	0.000000e+00	0.000000e+00	0.000000e+00
4.098339e+03	4.274969e+03	0.000000e+00	0.000000e+00	0.000000e+00
4.274969e+03	4.459211e+03	0.000000e+00	0.000000e+00	0.000000e+00
4.459211e+03	4.651394e+03	0.000000e+00	0.000000e+00	0.000000e+00
4.651394e+03	4.851859e+03	5.358831e-12	5.358830e-12	5.358830e-12
4.851859e+03	5.060964e+03	0.000000e+00	0.000000e+00	0.000000e+00
5.060964e+03	5.279082e+03	0.000000e+00	0.000000e+00	0.000000e+00
5.279082e+03	5.506599e+03	0.000000e+00	0.000000e+00	0.000000e+00
5.506599e+03	5.743922e+03	4.526565e-12	4.526565e-12	4.526565e-12
5.743922e+03	5.991474e+03	0.000000e+00	0.000000e+00	0.000000e+00
5.991474e+03	6.249694e+03	0.000000e+00	0.000000e+00	0.000000e+00
6.249694e+03	6.519043e+03	0.000000e+00	0.000000e+00	0.000000e+00
6.519043e+03	6.800000e+03	0.000000e+00	0.000000e+00	0.000000e+00
# END HISTO1D


# BEGIN HISTO1D //ospool/cms-user/youpeng/genvalid/genValidation/mg35xVBS_merged.yoda.gz/MC_ZZJETS:ENERGY=13600/HT
ErrorBars=1
LineColor=green
LineStyle=solid
Path=//ospool/cms-user/youpeng/genvalid/genValidation/mg35xVBS_merged.yoda.gz/MC_ZZJETS:ENERGY=13600/HT
ScaledBy=5.51937791219804204e-10
Title=VBSZZ@LO(v35x)
# xlow	 xhigh	 val	 errminus	 errplus
1.000000e+02	1.043098e+02	0.000000e+00	0.000000e+00	0.000000e+00
1.043098e+02	1.088053e+02	0.000000e+00	0.000000e+00	0.000000e+00
1.088053e+02	1.134946e+02	0.000000e+00	0.000000e+00	0.000000e+00
1.134946e+02	1.183860e+02	0.000000e+00	0.000000e+00	0.000000e+00
1.183860e+02	1.234882e+02	0.000000e+00	0.000000e+00	0.000000e+00
1.234882e+02	1.288103e+02	0.000000e+00	0.000000e+00	0.000000e+00
1.288103e+02	1.343617e+02	0.000000e+00	0.000000e+00	0.000000e+00
1.343617e+02	1.401525e+02	0.000000e+00	0.000000e+00	0.000000e+00
1.401525e+02	1.461927e+02	0.000000e+00	0.000000e+00	0.000000e+00
1.461927e+02	1.524933e+02	0.000000e+00	0.000000e+00	0.000000e+00
1.524933e+02	1.590655e+02	2.519420e-10	1.454588e-10	1.454588e-10
1.590655e+02	1.659209e+02	3.220455e-10	1.610228e-10	1.610228e-10
1.659209e+02	1.730717e+02	2.315563e-10	1.336891e-10	1.336891e-10
1.730717e+02	1.805308e+02	7.399523e-10	2.339934e-10	2.339934e-10
1.805308e+02	1.883113e+02	1.773464e-09	3.546930e-10	3.546930e-10
1.883113e+02	1.964271e+02	1.496172e-09	3.189849e-10	3.189849e-10
1.964271e+02	2.048927e+02	3.911863e-09	5.050193e-10	5.050193e-10
2.048927e+02	2.137232e+02	4.125235e-09	5.077814e-10	5.077814e-10
2.137232e+02	2.229342e+02	6.531454e-09	6.255998e-10	6.255998e-10
2.229342e+02	2.325422e+02	1.039766e-08	7.728521e-10	7.728521e-10
2.325422e+02	2.425643e+02	1.431874e-08	8.880104e-10	8.880104e-10
2.425643e+02	2.530183e+02	1.921804e-08	1.007299e-09	1.007299e-09
2.530183e+02	2.639229e+02	2.404219e-08	1.103131e-09	1.103131e-09
2.639229e+02	2.752974e+02	3.372428e-08	1.279235e-09	1.279235e-09
2.752974e+02	2.871622e+02	4.256482e-08	1.407149e-09	1.407149e-09
2.871622e+02	2.995383e+02	5.249075e-08	1.530011e-09	1.530011e-09
2.995383e+02	3.124478e+02	6.225039e-08	1.631403e-09	1.631403e-09
3.124478e+02	3.259136e+02	6.824521e-08	1.672496e-09	1.672496e-09
3.259136e+02	3.399598e+02	8.118231e-08	1.786062e-09	1.786062e-09
3.399598e+02	3.546114e+02	8.863947e-08	1.827326e-09	1.827326e-09
3.546114e+02	3.698944e+02	9.295871e-08	1.832254e-09	1.832254e-09
3.698944e+02	3.858361e+02	9.753094e-08	1.837591e-09	1.837591e-09
3.858361e+02	4.024648e+02	1.069775e-07	1.884352e-09	1.884352e-09
4.024648e+02	4.198102e+02	1.077757e-07	1.851883e-09	1.851883e-09
4.198102e+02	4.379032e+02	1.125352e-07	1.852823e-09	1.852823e-09
4.379032e+02	4.567759e+02	1.116293e-07	1.806829e-09	1.806829e-09
4.567759e+02	4.764620e+02	1.095683e-07	1.752701e-09	1.752701e-09
4.764620e+02	4.969966e+02	1.132926e-07	1.745029e-09	1.745029e-09
4.969966e+02	5.184161e+02	1.081741e-07	1.669560e-09	1.669560e-09
5.184161e+02	5.407588e+02	1.047666e-07	1.608750e-09	1.608750e-09
5.407588e+02	5.640644e+02	9.870919e-08	1.528951e-09	1.528951e-09
5.640644e+02	5.883744e+02	9.263291e-08	1.450224e-09	1.450224e-09
5.883744e+02	6.137321e+02	8.943682e-08	1.395238e-09	1.395238e-09
6.137321e+02	6.401827e+02	8.156809e-08	1.304630e-09	1.304630e-09
6.401827e+02	6.677732e+02	7.489734e-08	1.224048e-09	1.224048e-09
6.677732e+02	6.965529e+02	7.134227e-08	1.169702e-09	1.169702e-09
6.965529e+02	7.265729e+02	6.560007e-08	1.098226e-09	1.098226e-09
7.265729e+02	7.578867e+02	5.717882e-08	1.003910e-09	1.003910e-09
7.578867e+02	7.905500e+02	5.268733e-08	9.435569e-10	9.435569e-10
7.905500e+02	8.246211e+02	4.678440e-08	8.705677e-10	8.705677e-10
8.246211e+02	8.601606e+02	4.053400e-08	7.934126e-10	7.934126e-10
8.601606e+02	8.972318e+02	3.629837e-08	7.351405e-10	7.351405e-10
8.972318e+02	9.359006e+02	3.182982e-08	6.740341e-10	6.740341e-10
9.359006e+02	9.762360e+02	2.880420e-08	6.278123e-10	6.278123e-10
9.762360e+02	1.018310e+03	2.436060e-08	5.653043e-10	5.653043e-10
1.018310e+03	1.062197e+03	2.121629e-08	5.165493e-10	5.165493e-10
1.062197e+03	1.107975e+03	1.824199e-08	4.689783e-10	4.689783e-10
1.107975e+03	1.155727e+03	1.539582e-08	4.218429e-10	4.218429e-10
1.155727e+03	1.205536e+03	1.358541e-08	3.879963e-10	3.879963e-10
1.205536e+03	1.257492e+03	1.199357e-08	3.569451e-10	3.569451e-10
1.257492e+03	1.311688e+03	9.236984e-09	3.067090e-10	3.067090e-10
1.311688e+03	1.368219e+03	8.220828e-09	2.833084e-10	2.833084e-10
1.368219e+03	1.427186e+03	6.224475e-09	2.413748e-10	2.413748e-10
1.427186e+03	1.488695e+03	5.195532e-09	2.159190e-10	2.159190e-10
1.488695e+03	1.552855e+03	4.284055e-09	1.919731e-10	1.919731e-10
1.552855e+03	1.619779e+03	3.323634e-09	1.655620e-10	1.655620e-10
1.619779e+03	1.689589e+03	2.846263e-09	1.500112e-10	1.500112e-10
1.689589e+03	1.762406e+03	2.387635e-09	1.345280e-10	1.345280e-10
1.762406e+03	1.838362e+03	1.867502e-09	1.164916e-10	1.164916e-10
1.838362e+03	1.917592e+03	1.539547e-09	1.035611e-10	1.035611e-10
1.917592e+03	2.000236e+03	1.101952e-09	8.578686e-11	8.578686e-11
2.000236e+03	2.086442e+03	9.603818e-10	7.841484e-11	7.841484e-11
2.086442e+03	2.176364e+03	6.444860e-10	6.289539e-11	6.289539e-11
2.176364e+03	2.270161e+03	5.413636e-10	5.644105e-11	5.644105e-11
2.270161e+03	2.368000e+03	3.610423e-10	4.513029e-11	4.513029e-11
2.368000e+03	2.470056e+03	3.082665e-10	4.083090e-11	4.083090e-11
2.470056e+03	2.576510e+03	1.970207e-10	3.196097e-11	3.196097e-11
2.576510e+03	2.687552e+03	1.689980e-10	2.898293e-11	2.898293e-11
2.687552e+03	2.803380e+03	1.095985e-10	2.285286e-11	2.285286e-11
2.803380e+03	2.924200e+03	9.136534e-11	2.042990e-11	2.042990e-11
2.924200e+03	3.050227e+03	4.817472e-11	1.452523e-11	1.452523e-11
3.050227e+03	3.181686e+03	4.618410e-11	1.392503e-11	1.392503e-11
3.181686e+03	3.318810e+03	2.817570e-11	1.064941e-11	1.064941e-11
3.318810e+03	3.461844e+03	3.087030e-11	1.091430e-11	1.091430e-11
3.461844e+03	3.611042e+03	2.959491e-11	1.046338e-11	1.046338e-11
3.611042e+03	3.766671e+03	3.546497e-12	3.546497e-12	3.546497e-12
3.766671e+03	3.929007e+03	0.000000e+00	0.000000e+00	0.000000e+00
3.929007e+03	4.098339e+03	3.259501e-12	3.259501e-12	3.259501e-12
4.098339e+03	4.274969e+03	3.124825e-12	3.124825e-12	3.124825e-12
4.274969e+03	4.459211e+03	0.000000e+00	0.000000e+00	0.000000e+00
4.459211e+03	4.651394e+03	2.871939e-12	2.871939e-12	2.871939e-12
4.651394e+03	4.851859e+03	0.000000e+00	0.000000e+00	0.000000e+00
4.851859e+03	5.060964e+03	0.000000e+00	0.000000e+00	0.000000e+00
5.060964e+03	5.279082e+03	0.000000e+00	0.000000e+00	0.000000e+00
5.279082e+03	5.506599e+03	0.000000e+00	0.000000e+00	0.000000e+00
5.506599e+03	5.743922e+03	0.000000e+00	0.000000e+00	0.000000e+00
5.743922e+03	5.991474e+03	0.000000e+00	0.000000e+00	0.000000e+00
5.991474e+03	6.249694e+03	0.000000e+00	0.000000e+00	0.000000e+00
6.249694e+03	6.519043e+03	0.000000e+00	0.000000e+00	0.000000e+00
6.519043e+03	6.800000e+03	0.000000e+00	0.000000e+00	0.000000e+00
# END HISTO1D

