# BEGIN PLOT
Legend=1
LogY=1
Title=Mass of first jet
XLabel=$m(\mathrm{jet~1})$
YLabel=$\mathrm{d}\sigma/\mathrm{d}m(\mathrm{jet~1})$ [pb/GeV]
RemoveOptions=1
DrawOnly=//eos/home-y/youpeng/valid/genValidation/masterVBS_merged.yoda.gz/MC_ZZJETS:ENERGY=13600/jet_mass_1 //eos/home-y/youpeng/valid/genValidation/mg352VBS_merged.yoda.gz/MC_ZZJETS:ENERGY=13600/jet_mass_1 //eos/home-y/youpeng/valid/genValidation/mg35xVBS_merged.yoda.gz/MC_ZZJETS:ENERGY=13600/jet_mass_1
LegendOnly=//eos/home-y/youpeng/valid/genValidation/masterVBS_merged.yoda.gz/MC_ZZJETS:ENERGY=13600/jet_mass_1 //eos/home-y/youpeng/valid/genValidation/mg352VBS_merged.yoda.gz/MC_ZZJETS:ENERGY=13600/jet_mass_1 //eos/home-y/youpeng/valid/genValidation/mg35xVBS_merged.yoda.gz/MC_ZZJETS:ENERGY=13600/jet_mass_1
RatioPlot=1
RatioPlotReference=//eos/home-y/youpeng/valid/genValidation/masterVBS_merged.yoda.gz/MC_ZZJETS:ENERGY=13600/jet_mass_1
RatioPlotYLabel=Ratio
# END PLOT

# BEGIN HISTO1D //eos/home-y/youpeng/valid/genValidation/masterVBS_merged.yoda.gz/MC_ZZJETS:ENERGY=13600/jet_mass_1
ErrorBars=1
LineColor=red
LineStyle=solid
Path=//eos/home-y/youpeng/valid/genValidation/masterVBS_merged.yoda.gz/MC_ZZJETS:ENERGY=13600/jet_mass_1
ScaledBy=1.07182617187499956e-09
Title=VBSZZ@LO(v2918)
# xlow	 xhigh	 val	 errminus	 errplus
1.000000e+00	1.047129e+00	2.274239e-08	2.274239e-08	2.274239e-08
1.047129e+00	1.096478e+00	6.515794e-08	3.761895e-08	3.761895e-08
1.096478e+00	1.148154e+00	0.000000e+00	0.000000e+00	0.000000e+00
1.148154e+00	1.202264e+00	3.961656e-08	2.801314e-08	2.801314e-08
1.202264e+00	1.258925e+00	1.891647e-08	1.891647e-08	1.891647e-08
1.258925e+00	1.318257e+00	3.612978e-08	2.554762e-08	2.554762e-08
1.318257e+00	1.380384e+00	3.450435e-08	2.439827e-08	2.439827e-08
1.380384e+00	1.445440e+00	4.942633e-08	2.853630e-08	2.853630e-08
1.445440e+00	1.513561e+00	9.440491e-08	3.854064e-08	3.854064e-08
1.513561e+00	1.584893e+00	4.507765e-08	2.602559e-08	2.602559e-08
1.584893e+00	1.659587e+00	7.174781e-08	3.208660e-08	3.208660e-08
1.659587e+00	1.737801e+00	4.111130e-08	2.373561e-08	2.373561e-08
1.737801e+00	1.819701e+00	9.160907e-08	3.462497e-08	3.462497e-08
1.819701e+00	1.905461e+00	1.499756e-07	4.329425e-08	4.329425e-08
1.905461e+00	1.995262e+00	5.967785e-08	2.668875e-08	2.668875e-08
1.995262e+00	2.089296e+00	1.367794e-07	3.948482e-08	3.948482e-08
2.089296e+00	2.187762e+00	1.415081e-07	3.924730e-08	3.924730e-08
2.187762e+00	2.290868e+00	1.559307e-07	4.026114e-08	4.026114e-08
2.290868e+00	2.398833e+00	3.176811e-07	5.615861e-08	5.615861e-08
2.398833e+00	2.511886e+00	2.844223e-07	5.192815e-08	5.192815e-08
2.511886e+00	2.630268e+00	2.987807e-07	5.201105e-08	5.201105e-08
2.630268e+00	2.754229e+00	4.063845e-07	5.927727e-08	5.927727e-08
2.754229e+00	2.884032e+00	4.376385e-07	6.011427e-08	6.011427e-08
2.884032e+00	3.019952e+00	6.150856e-07	6.964473e-08	6.964473e-08
3.019952e+00	3.162278e+00	5.497471e-07	6.434304e-08	6.434304e-08
3.162278e+00	3.311311e+00	6.041172e-07	6.591459e-08	6.591459e-08
3.311311e+00	3.467369e+00	8.035711e-07	7.429015e-08	7.429015e-08
3.467369e+00	3.630781e+00	8.067620e-07	7.274330e-08	7.274330e-08
3.630781e+00	3.801894e+00	9.771607e-07	7.823547e-08	7.823547e-08
3.801894e+00	3.981072e+00	1.160490e-06	8.331833e-08	8.331833e-08
3.981072e+00	4.168694e+00	1.342482e-06	8.757387e-08	8.757387e-08
4.168694e+00	4.365158e+00	1.587575e-06	9.306532e-08	9.306532e-08
4.365158e+00	4.570882e+00	1.682837e-06	9.363553e-08	9.363553e-08
4.570882e+00	4.786301e+00	1.860853e-06	9.622239e-08	9.622239e-08
4.786301e+00	5.011872e+00	2.085958e-06	9.955736e-08	9.955736e-08
5.011872e+00	5.248075e+00	2.600121e-06	1.086216e-07	1.086216e-07
5.248075e+00	5.495409e+00	2.773451e-06	1.096303e-07	1.096303e-07
5.495409e+00	5.754399e+00	3.174218e-06	1.146144e-07	1.146144e-07
5.754399e+00	6.025596e+00	3.335661e-06	1.148182e-07	1.148182e-07
6.025596e+00	6.309573e+00	3.815858e-06	1.200098e-07	1.200098e-07
6.309573e+00	6.606934e+00	3.997347e-06	1.200345e-07	1.200345e-07
6.606934e+00	6.918310e+00	4.509313e-06	1.245876e-07	1.245876e-07
6.918310e+00	7.244360e+00	4.497034e-06	1.215859e-07	1.215859e-07
7.244360e+00	7.585776e+00	5.129707e-06	1.269014e-07	1.269014e-07
7.585776e+00	7.943282e+00	5.339552e-06	1.265240e-07	1.265240e-07
7.943282e+00	8.317638e+00	5.396980e-06	1.243069e-07	1.243069e-07
8.317638e+00	8.709636e+00	5.864997e-06	1.266351e-07	1.266351e-07
8.709636e+00	9.120108e+00	6.110217e-06	1.263132e-07	1.263132e-07
9.120108e+00	9.549926e+00	6.381313e-06	1.261464e-07	1.261464e-07
9.549926e+00	1.000000e+01	6.525158e-06	1.246567e-07	1.246567e-07
1.000000e+01	1.047129e+01	6.449742e-06	1.211126e-07	1.211126e-07
1.047129e+01	1.096478e+01	6.763393e-06	1.212008e-07	1.212008e-07
1.096478e+01	1.148154e+01	6.496168e-06	1.160770e-07	1.160770e-07
1.148154e+01	1.202264e+01	6.493155e-06	1.134100e-07	1.134100e-07
1.202264e+01	1.258925e+01	6.365392e-06	1.097318e-07	1.097318e-07
1.258925e+01	1.318257e+01	6.371488e-06	1.072848e-07	1.072848e-07
1.318257e+01	1.380384e+01	6.234938e-06	1.037142e-07	1.037142e-07
1.380384e+01	1.445440e+01	5.911387e-06	9.868774e-08	9.868774e-08
1.445440e+01	1.513561e+01	5.807475e-06	9.559064e-08	9.559064e-08
1.513561e+01	1.584893e+01	5.451389e-06	9.050522e-08	9.050522e-08
1.584893e+01	1.659587e+01	5.174452e-06	8.616909e-08	8.616909e-08
1.659587e+01	1.737801e+01	4.668873e-06	7.998820e-08	7.998820e-08
1.737801e+01	1.819701e+01	4.469214e-06	7.647788e-08	7.647788e-08
1.819701e+01	1.905461e+01	4.075589e-06	7.136988e-08	7.136988e-08
1.905461e+01	1.995262e+01	3.820577e-06	6.752833e-08	6.752833e-08
1.995262e+01	2.089296e+01	3.395548e-06	6.221208e-08	6.221208e-08
2.089296e+01	2.187762e+01	3.244891e-06	5.943183e-08	5.943183e-08
2.187762e+01	2.290868e+01	2.835860e-06	5.429534e-08	5.429534e-08
2.290868e+01	2.398833e+01	2.448129e-06	4.929898e-08	4.929898e-08
2.398833e+01	2.511886e+01	2.250728e-06	4.619369e-08	4.619369e-08
2.511886e+01	2.630268e+01	1.978291e-06	4.232183e-08	4.232183e-08
2.630268e+01	2.754229e+01	1.796738e-06	3.941505e-08	3.941505e-08
2.754229e+01	2.884032e+01	1.554030e-06	3.582197e-08	3.582197e-08
2.884032e+01	3.019952e+01	1.287737e-06	3.186648e-08	3.186648e-08
3.019952e+01	3.162278e+01	1.177061e-06	2.977279e-08	2.977279e-08
3.162278e+01	3.311311e+01	9.896016e-07	2.667787e-08	2.667787e-08
3.311311e+01	3.467369e+01	8.248619e-07	2.380180e-08	2.380180e-08
3.467369e+01	3.630781e+01	7.057529e-07	2.151526e-08	2.151526e-08
3.630781e+01	3.801894e+01	6.100992e-07	1.954883e-08	1.954883e-08
3.801894e+01	3.981072e+01	5.024802e-07	1.733721e-08	1.733721e-08
3.981072e+01	4.168694e+01	4.513025e-07	1.605662e-08	1.605662e-08
4.168694e+01	4.365158e+01	3.715254e-07	1.423688e-08	1.423688e-08
4.365158e+01	4.570882e+01	3.183322e-07	1.287834e-08	1.287834e-08
4.570882e+01	4.786301e+01	2.746499e-07	1.168988e-08	1.168988e-08
4.786301e+01	5.011872e+01	2.280775e-07	1.041026e-08	1.041026e-08
5.011872e+01	5.248075e+01	1.846858e-07	9.154532e-09	9.154532e-09
5.248075e+01	5.495409e+01	1.516731e-07	8.107269e-09	8.107269e-09
5.495409e+01	5.754399e+01	1.204299e-07	7.059726e-09	7.059726e-09
5.754399e+01	6.025596e+01	1.078952e-07	6.530115e-09	6.530115e-09
6.025596e+01	6.309573e+01	1.049267e-07	6.293085e-09	6.293085e-09
6.309573e+01	6.606934e+01	6.956612e-08	5.007478e-09	5.007478e-09
6.606934e+01	6.918310e+01	5.576403e-08	4.381236e-09	4.381236e-09
6.918310e+01	7.244360e+01	5.029578e-08	4.066173e-09	4.066173e-09
7.244360e+01	7.585776e+01	3.516077e-08	3.322382e-09	3.322382e-09
7.585776e+01	7.943282e+01	2.998064e-08	2.998064e-09	2.998064e-09
7.943282e+01	8.317638e+01	2.490915e-08	2.670541e-09	2.670541e-09
8.317638e+01	8.709636e+01	1.859300e-08	2.254732e-09	2.254732e-09
8.709636e+01	9.120108e+01	1.775619e-08	2.153254e-09	2.153254e-09
9.120108e+01	9.549926e+01	1.521142e-08	1.947622e-09	1.947622e-09
9.549926e+01	1.000000e+02	1.166908e-08	1.667011e-09	1.667011e-09
# END HISTO1D


# BEGIN HISTO1D //eos/home-y/youpeng/valid/genValidation/mg352VBS_merged.yoda.gz/MC_ZZJETS:ENERGY=13600/jet_mass_1
ErrorBars=1
LineColor=blue
LineStyle=solid
Path=//eos/home-y/youpeng/valid/genValidation/mg352VBS_merged.yoda.gz/MC_ZZJETS:ENERGY=13600/jet_mass_1
ScaledBy=1.07425781250000051e-09
Title=VBSZZ@LO(v352)
# xlow	 xhigh	 val	 errminus	 errplus
1.000000e+00	1.047129e+00	2.279399e-08	2.279399e-08	2.279399e-08
1.047129e+00	1.096478e+00	2.176859e-08	2.176858e-08	2.176858e-08
1.096478e+00	1.148154e+00	0.000000e+00	0.000000e+00	0.000000e+00
1.148154e+00	1.202264e+00	1.985322e-08	1.985322e-08	1.985322e-08
1.202264e+00	1.258925e+00	3.791878e-08	2.681262e-08	2.681262e-08
1.258925e+00	1.318257e+00	1.810588e-08	1.810588e-08	1.810588e-08
1.318257e+00	1.380384e+00	1.729132e-08	1.729132e-08	1.729132e-08
1.380384e+00	1.445440e+00	1.651282e-08	1.651282e-08	1.651282e-08
1.445440e+00	1.513561e+00	6.307939e-08	3.153969e-08	3.153969e-08
1.513561e+00	1.584893e+00	3.011995e-08	2.129802e-08	2.129802e-08
1.584893e+00	1.659587e+00	8.629270e-08	3.522885e-08	3.522885e-08
1.659587e+00	1.737801e+00	6.867427e-08	3.071206e-08	3.071206e-08
1.737801e+00	1.819701e+00	1.049336e-07	3.709963e-08	3.709963e-08
1.819701e+00	1.905461e+00	1.252633e-07	3.961173e-08	3.961173e-08
1.905461e+00	1.995262e+00	1.555144e-07	4.313195e-08	4.313195e-08
1.995262e+00	2.089296e+00	1.827863e-07	4.569657e-08	4.569657e-08
2.089296e+00	2.187762e+00	2.400186e-07	5.117214e-08	5.117214e-08
2.187762e+00	2.290868e+00	2.083793e-07	4.659503e-08	4.659503e-08
2.290868e+00	2.398833e+00	2.487514e-07	4.975028e-08	4.975028e-08
2.398833e+00	2.511886e+00	1.710405e-07	4.031463e-08	4.031463e-08
2.511886e+00	2.630268e+00	2.722351e-07	4.970310e-08	4.970310e-08
2.630268e+00	2.754229e+00	3.726421e-07	5.682738e-08	5.682738e-08
2.754229e+00	2.884032e+00	4.800116e-07	6.302862e-08	6.302862e-08
2.884032e+00	3.019952e+00	4.267946e-07	5.807939e-08	5.807939e-08
3.019952e+00	3.162278e+00	5.283508e-07	6.314999e-08	6.314999e-08
3.162278e+00	3.311311e+00	5.838632e-07	6.487369e-08	6.487369e-08
3.311311e+00	3.467369e+00	7.159056e-07	7.020033e-08	7.020033e-08
3.467369e+00	3.630781e+00	6.639659e-07	6.606710e-08	6.606710e-08
3.630781e+00	3.801894e+00	1.117495e-06	8.375978e-08	8.375978e-08
3.801894e+00	3.981072e+00	1.097173e-06	8.110533e-08	8.110533e-08
3.981072e+00	4.168694e+00	1.305448e-06	8.645541e-08	8.645541e-08
4.168694e+00	4.365158e+00	1.361523e-06	8.628299e-08	8.628299e-08
4.365158e+00	4.570882e+00	1.623992e-06	9.208815e-08	9.208815e-08
4.570882e+00	4.786301e+00	1.870061e-06	9.656954e-08	9.656954e-08
4.786301e+00	5.011872e+00	2.133552e-06	1.008009e-07	1.008009e-07
5.011872e+00	5.248075e+00	2.333138e-06	1.030106e-07	1.030106e-07
5.248075e+00	5.495409e+00	2.692876e-06	1.081485e-07	1.081485e-07
5.495409e+00	5.754399e+00	3.144088e-06	1.141984e-07	1.141984e-07
5.754399e+00	6.025596e+00	3.501676e-06	1.177741e-07	1.177741e-07
6.025596e+00	6.309573e+00	3.922871e-06	1.218189e-07	1.218189e-07
6.309573e+00	6.606934e+00	3.757144e-06	1.165041e-07	1.165041e-07
6.606934e+00	6.918310e+00	4.536795e-06	1.251083e-07	1.251083e-07
6.918310e+00	7.244360e+00	4.708217e-06	1.245491e-07	1.245491e-07
7.244360e+00	7.585776e+00	4.732303e-06	1.220249e-07	1.220249e-07
7.585776e+00	7.943282e+00	5.489891e-06	1.284383e-07	1.284383e-07
7.943282e+00	8.317638e+00	5.561316e-06	1.263283e-07	1.263283e-07
8.317638e+00	8.709636e+00	5.979701e-06	1.280124e-07	1.280124e-07
8.709636e+00	9.120108e+00	6.087441e-06	1.262205e-07	1.262205e-07
9.120108e+00	9.549926e+00	6.193345e-06	1.244155e-07	1.244155e-07
9.549926e+00	1.000000e+01	6.239218e-06	1.220330e-07	1.220330e-07
1.000000e+01	1.047129e+01	6.724227e-06	1.238030e-07	1.238030e-07
1.047129e+01	1.096478e+01	6.524045e-06	1.191718e-07	1.191718e-07
1.096478e+01	1.148154e+01	6.396569e-06	1.153144e-07	1.153144e-07
1.148154e+01	1.202264e+01	6.613108e-06	1.145825e-07	1.145825e-07
1.202264e+01	1.258925e+01	6.563740e-06	1.115547e-07	1.115547e-07
1.258925e+01	1.318257e+01	6.275497e-06	1.065943e-07	1.065943e-07
1.318257e+01	1.380384e+01	6.186833e-06	1.034304e-07	1.034304e-07
1.380384e+01	1.445440e+01	6.007363e-06	9.959844e-08	9.959844e-08
1.445440e+01	1.513561e+01	5.582527e-06	9.382729e-08	9.382729e-08
1.513561e+01	1.584893e+01	5.439661e-06	9.051030e-08	9.051030e-08
1.584893e+01	1.659587e+01	5.074011e-06	8.542541e-08	8.542541e-08
1.659587e+01	1.737801e+01	4.988498e-06	8.277457e-08	8.277457e-08
1.737801e+01	1.819701e+01	4.365238e-06	7.566870e-08	7.566870e-08
1.819701e+01	1.905461e+01	4.212604e-06	7.264189e-08	7.264189e-08
1.905461e+01	1.995262e+01	3.806514e-06	6.748037e-08	6.748037e-08
1.995262e+01	2.089296e+01	3.476367e-06	6.301945e-08	6.301945e-08
2.089296e+01	2.187762e+01	3.134425e-06	5.847767e-08	5.847767e-08
2.187762e+01	2.290868e+01	2.894388e-06	5.491496e-08	5.491496e-08
2.290868e+01	2.398833e+01	2.537264e-06	5.024532e-08	5.024532e-08
2.398833e+01	2.511886e+01	2.181717e-06	4.553155e-08	4.553155e-08
2.511886e+01	2.630268e+01	2.032689e-06	4.294839e-08	4.294839e-08
2.630268e+01	2.754229e+01	1.772216e-06	3.918953e-08	3.918953e-08
2.754229e+01	2.884032e+01	1.502933e-06	3.526807e-08	3.526807e-08
2.884032e+01	3.019952e+01	1.321482e-06	3.231791e-08	3.231791e-08
3.019952e+01	3.162278e+01	1.123878e-06	2.912538e-08	2.912538e-08
3.162278e+01	3.311311e+01	9.752679e-07	2.651398e-08	2.651398e-08
3.311311e+01	3.467369e+01	8.583982e-07	2.430836e-08	2.430836e-08
3.467369e+01	3.630781e+01	7.415386e-07	2.207899e-08	2.207899e-08
3.630781e+01	3.801894e+01	6.504070e-07	2.020717e-08	2.020717e-08
3.801894e+01	3.981072e+01	5.479867e-07	1.812579e-08	1.812579e-08
3.981072e+01	4.168694e+01	4.340042e-07	1.576374e-08	1.576374e-08
4.168694e+01	4.365158e+01	3.783830e-07	1.438396e-08	1.438396e-08
4.365158e+01	4.570882e+01	3.106995e-07	1.273744e-08	1.273744e-08
4.570882e+01	4.786301e+01	2.727796e-07	1.166321e-08	1.166321e-08
4.786301e+01	5.011872e+01	2.204988e-07	1.024745e-08	1.024745e-08
5.011872e+01	5.248075e+01	1.923816e-07	9.353912e-09	9.353912e-09
5.248075e+01	5.495409e+01	1.459365e-07	7.961489e-09	7.961489e-09
5.495409e+01	5.754399e+01	1.227771e-07	7.136271e-09	7.136271e-09
5.754399e+01	6.025596e+01	1.128934e-07	6.687227e-09	6.687227e-09
6.025596e+01	6.309573e+01	9.911208e-08	6.123165e-09	6.123165e-09
6.309573e+01	6.606934e+01	7.225278e-08	5.109043e-09	5.109043e-09
6.606934e+01	6.918310e+01	5.140550e-08	4.211303e-09	4.211303e-09
6.918310e+01	7.244360e+01	4.579721e-08	3.884469e-09	3.884469e-09
7.244360e+01	7.585776e+01	3.775772e-08	3.446794e-09	3.446794e-09
7.585776e+01	7.943282e+01	3.125061e-08	3.064375e-09	3.064375e-09
7.943282e+01	8.317638e+01	2.066123e-08	2.434950e-09	2.434950e-09
8.317638e+01	8.709636e+01	1.808709e-08	2.226366e-09	2.226366e-09
8.709636e+01	9.120108e+01	1.596448e-08	2.044042e-09	2.044042e-09
9.120108e+01	9.549926e+01	1.349639e-08	1.836626e-09	1.836626e-09
9.549926e+01	1.000000e+02	1.097950e-08	1.618838e-09	1.618838e-09
# END HISTO1D


# BEGIN HISTO1D //eos/home-y/youpeng/valid/genValidation/mg35xVBS_merged.yoda.gz/MC_ZZJETS:ENERGY=13600/jet_mass_1
ErrorBars=1
LineColor=green
LineStyle=solid
Path=//eos/home-y/youpeng/valid/genValidation/mg35xVBS_merged.yoda.gz/MC_ZZJETS:ENERGY=13600/jet_mass_1
ScaledBy=5.51937791219804204e-10
Title=VBSZZ@LO(v35x)
# xlow	 xhigh	 val	 errminus	 errplus
1.000000e+00	1.047129e+00	3.513363e-08	2.028442e-08	2.028442e-08
1.047129e+00	1.096478e+00	1.118438e-08	1.118438e-08	1.118438e-08
1.096478e+00	1.148154e+00	3.204221e-08	1.849958e-08	1.849958e-08
1.148154e+00	1.202264e+00	2.040059e-08	1.442539e-08	1.442539e-08
1.202264e+00	1.258925e+00	9.741053e-09	9.741052e-09	9.741052e-09
1.258925e+00	1.318257e+00	3.721012e-08	1.860506e-08	1.860506e-08
1.318257e+00	1.380384e+00	5.330415e-08	2.176133e-08	2.176133e-08
1.380384e+00	1.445440e+00	8.484041e-09	8.484041e-09	8.484041e-09
1.445440e+00	1.513561e+00	1.620464e-08	1.145840e-08	1.145840e-08
1.513561e+00	1.584893e+00	1.547519e-08	1.094261e-08	1.094261e-08
1.584893e+00	1.659587e+00	2.955727e-08	1.477864e-08	1.477864e-08
1.659587e+00	1.737801e+00	4.234059e-08	1.728547e-08	1.728547e-08
1.737801e+00	1.819701e+00	4.717418e-08	1.783016e-08	1.783016e-08
1.819701e+00	1.905461e+00	9.010178e-08	2.408072e-08	2.408072e-08
1.905461e+00	1.995262e+00	4.302363e-08	1.626140e-08	1.626140e-08
1.995262e+00	2.089296e+00	9.391289e-08	2.347822e-08	2.347822e-08
2.089296e+00	2.187762e+00	6.726437e-08	1.941755e-08	1.941755e-08
2.187762e+00	2.290868e+00	1.391808e-07	2.729561e-08	2.729561e-08
2.290868e+00	2.398833e+00	1.278048e-07	2.556096e-08	2.556096e-08
2.398833e+00	2.511886e+00	1.122887e-07	2.341380e-08	2.341380e-08
2.511886e+00	2.630268e+00	1.445327e-07	2.595884e-08	2.595884e-08
2.630268e+00	2.754229e+00	1.736479e-07	2.780593e-08	2.780593e-08
2.754229e+00	2.884032e+00	1.913453e-07	2.852408e-08	2.852408e-08
2.884032e+00	3.019952e+00	2.517668e-07	3.197442e-08	3.197442e-08
3.019952e+00	3.162278e+00	2.792148e-07	3.290577e-08	3.290577e-08
3.162278e+00	3.311311e+00	3.036837e-07	3.353626e-08	3.353626e-08
3.311311e+00	3.467369e+00	4.031893e-07	3.776213e-08	3.776213e-08
3.467369e+00	3.630781e+00	4.154429e-07	3.745922e-08	3.745922e-08
3.630781e+00	3.801894e+00	5.483477e-07	4.205635e-08	4.205635e-08
3.801894e+00	3.981072e+00	6.283991e-07	4.399674e-08	4.399674e-08
3.981072e+00	4.168694e+00	6.471858e-07	4.363326e-08	4.363326e-08
4.168694e+00	4.365158e+00	7.950485e-07	4.726072e-08	4.726072e-08
4.365158e+00	4.570882e+00	9.148704e-07	4.954300e-08	4.954300e-08
4.570882e+00	4.786301e+00	9.992419e-07	5.059860e-08	5.059860e-08
4.786301e+00	5.011872e+00	1.230764e-06	5.487707e-08	5.487707e-08
5.011872e+00	5.248075e+00	1.292200e-06	5.494994e-08	5.494994e-08
5.248075e+00	5.495409e+00	1.323308e-06	5.434175e-08	5.434175e-08
5.495409e+00	5.754399e+00	1.506699e-06	5.666526e-08	5.666526e-08
5.754399e+00	6.025596e+00	1.748230e-06	5.964881e-08	5.964881e-08
6.025596e+00	6.309573e+00	1.825041e-06	5.955796e-08	5.955796e-08
6.309573e+00	6.606934e+00	1.987905e-06	6.074364e-08	6.074364e-08
6.606934e+00	6.918310e+00	2.235219e-06	6.294518e-08	6.294518e-08
6.918310e+00	7.244360e+00	2.315752e-06	6.261076e-08	6.261076e-08
7.244360e+00	7.585776e+00	2.559099e-06	6.432010e-08	6.432010e-08
7.585776e+00	7.943282e+00	2.612204e-06	6.350486e-08	6.350486e-08
7.943282e+00	8.317638e+00	2.804245e-06	6.429994e-08	6.429994e-08
8.317638e+00	8.709636e+00	2.952602e-06	6.447710e-08	6.447710e-08
8.709636e+00	9.120108e+00	3.067128e-06	6.421984e-08	6.421984e-08
9.120108e+00	9.549926e+00	3.069046e-06	6.277757e-08	6.277757e-08
9.549926e+00	1.000000e+01	3.238730e-06	6.302174e-08	6.302174e-08
1.000000e+01	1.047129e+01	3.299049e-06	6.215776e-08	6.215776e-08
1.047129e+01	1.096478e+01	3.406762e-06	6.172722e-08	6.172722e-08
1.096478e+01	1.148154e+01	3.264034e-06	5.904429e-08	5.904429e-08
1.148154e+01	1.202264e+01	3.263073e-06	5.769255e-08	5.769255e-08
1.202264e+01	1.258925e+01	3.313906e-06	5.681630e-08	5.681630e-08
1.258925e+01	1.318257e+01	3.243793e-06	5.493221e-08	5.493221e-08
1.318257e+01	1.380384e+01	3.099636e-06	5.247595e-08	5.247595e-08
1.380384e+01	1.445440e+01	2.935479e-06	4.990462e-08	4.990462e-08
1.445440e+01	1.513561e+01	2.947623e-06	4.886978e-08	4.886978e-08
1.513561e+01	1.584893e+01	2.795591e-06	4.650928e-08	4.650928e-08
1.584893e+01	1.659587e+01	2.653505e-06	4.428045e-08	4.428045e-08
1.659587e+01	1.737801e+01	2.397889e-06	4.113555e-08	4.113555e-08
1.737801e+01	1.819701e+01	2.240773e-06	3.885992e-08	3.885992e-08
1.819701e+01	1.905461e+01	2.038875e-06	3.622413e-08	3.622413e-08
1.905461e+01	1.995262e+01	1.920083e-06	3.435299e-08	3.435299e-08
1.995262e+01	2.089296e+01	1.761453e-06	3.215424e-08	3.215424e-08
2.089296e+01	2.187762e+01	1.531946e-06	2.930378e-08	2.930378e-08
2.187762e+01	2.290868e+01	1.435704e-06	2.772270e-08	2.772270e-08
2.290868e+01	2.398833e+01	1.285205e-06	2.563243e-08	2.563243e-08
2.398833e+01	2.511886e+01	1.136556e-06	2.355589e-08	2.355589e-08
2.511886e+01	2.630268e+01	1.025250e-06	2.186337e-08	2.186337e-08
2.630268e+01	2.754229e+01	8.905027e-07	1.991224e-08	1.991224e-08
2.754229e+01	2.884032e+01	7.857915e-07	1.827917e-08	1.827917e-08
2.884032e+01	3.019952e+01	6.460661e-07	1.619727e-08	1.619727e-08
3.019952e+01	3.162278e+01	5.816974e-07	1.501936e-08	1.501936e-08
3.162278e+01	3.311311e+01	5.170031e-07	1.383727e-08	1.383727e-08
3.311311e+01	3.467369e+01	4.534110e-07	1.266334e-08	1.266334e-08
3.467369e+01	3.630781e+01	3.590372e-07	1.101217e-08	1.101217e-08
3.630781e+01	3.801894e+01	3.319117e-07	1.034701e-08	1.034701e-08
3.801894e+01	3.981072e+01	2.642973e-07	9.022961e-09	9.022961e-09
3.981072e+01	4.168694e+01	2.329869e-07	8.278830e-09	8.278830e-09
4.168694e+01	4.365158e+01	1.803608e-07	7.118274e-09	7.118274e-09
4.365158e+01	4.570882e+01	1.604377e-07	6.560784e-09	6.560784e-09
4.570882e+01	4.786301e+01	1.345133e-07	5.870644e-09	5.870644e-09
4.786301e+01	5.011872e+01	1.049697e-07	5.067988e-09	5.067988e-09
5.011872e+01	5.248075e+01	9.814181e-08	4.788829e-09	4.788829e-09
5.248075e+01	5.495409e+01	7.564949e-08	4.108717e-09	4.108717e-09
5.495409e+01	5.754399e+01	6.222858e-08	3.641653e-09	3.641653e-09
5.754399e+01	6.025596e+01	5.271146e-08	3.275331e-09	3.275331e-09
6.025596e+01	6.309573e+01	4.664642e-08	3.011013e-09	3.011013e-09
6.309573e+01	6.606934e+01	3.786485e-08	2.651070e-09	2.651070e-09
6.606934e+01	6.918310e+01	2.871574e-08	2.256122e-09	2.256122e-09
6.918310e+01	7.244360e+01	2.200641e-08	1.930090e-09	1.930090e-09
7.244360e+01	7.585776e+01	1.972269e-08	1.785608e-09	1.785608e-09
7.585776e+01	7.943282e+01	1.713680e-08	1.626553e-09	1.626553e-09
7.943282e+01	8.317638e+01	1.371160e-08	1.421827e-09	1.421827e-09
8.317638e+01	8.709636e+01	9.433678e-09	1.152507e-09	1.152507e-09
8.709636e+01	9.120108e+01	8.471243e-09	1.067276e-09	1.067276e-09
9.120108e+01	9.549926e+01	7.191072e-09	9.609473e-10	9.609473e-10
9.549926e+01	1.000000e+02	5.395837e-09	8.134530e-10	8.134530e-10
# END HISTO1D

