# BEGIN PLOT
Legend=1
LogY=1
Title=Pseudorapidity of fourth jet
XLabel=$\eta(\mathrm{jet~4})$
YLabel=$\mathrm{d}\sigma/\mathrm{d}\eta(\mathrm{jet~4})$ [pb]
LegendYPos=0.5
LegendXPos=0.30
RemoveOptions=1
DrawOnly=//eos/home-y/youpeng/valid/genValidation/masterVBS_merged.yoda.gz/MC_ZZJETS:ENERGY=13600/jet_eta_4 //eos/home-y/youpeng/valid/genValidation/mg352VBS_merged.yoda.gz/MC_ZZJETS:ENERGY=13600/jet_eta_4 //eos/home-y/youpeng/valid/genValidation/mg35xVBS_merged.yoda.gz/MC_ZZJETS:ENERGY=13600/jet_eta_4
LegendOnly=//eos/home-y/youpeng/valid/genValidation/masterVBS_merged.yoda.gz/MC_ZZJETS:ENERGY=13600/jet_eta_4 //eos/home-y/youpeng/valid/genValidation/mg352VBS_merged.yoda.gz/MC_ZZJETS:ENERGY=13600/jet_eta_4 //eos/home-y/youpeng/valid/genValidation/mg35xVBS_merged.yoda.gz/MC_ZZJETS:ENERGY=13600/jet_eta_4
RatioPlot=1
RatioPlotReference=//eos/home-y/youpeng/valid/genValidation/masterVBS_merged.yoda.gz/MC_ZZJETS:ENERGY=13600/jet_eta_4
RatioPlotYLabel=Ratio
# END PLOT

# BEGIN HISTO1D //eos/home-y/youpeng/valid/genValidation/masterVBS_merged.yoda.gz/MC_ZZJETS:ENERGY=13600/jet_eta_4
ErrorBars=1
LineColor=red
LineStyle=solid
Path=//eos/home-y/youpeng/valid/genValidation/masterVBS_merged.yoda.gz/MC_ZZJETS:ENERGY=13600/jet_eta_4
ScaledBy=1.07182617187499956e-09
Title=VBSZZ@LO(v2918)
# xlow	 xhigh	 val	 errminus	 errplus
-5.000000e+00	-4.600000e+00	1.848900e-07	2.225814e-08	2.225814e-08
-4.600000e+00	-4.200000e+00	4.019348e-07	3.281784e-08	3.281784e-08
-4.200000e+00	-3.800000e+00	7.342010e-07	4.435470e-08	4.435470e-08
-3.800000e+00	-3.400000e+00	1.077185e-06	5.372512e-08	5.372512e-08
-3.400000e+00	-3.000000e+00	1.832823e-06	7.007973e-08	7.007973e-08
-3.000000e+00	-2.600000e+00	2.146332e-06	7.583691e-08	7.583691e-08
-2.600000e+00	-2.200000e+00	2.449123e-06	8.100980e-08	8.100980e-08
-2.200000e+00	-1.800000e+00	2.580422e-06	8.315291e-08	8.315291e-08
-1.800000e+00	-1.400000e+00	2.481277e-06	8.153983e-08	8.153983e-08
-1.400000e+00	-1.000000e+00	2.087382e-06	7.478820e-08	7.478820e-08
-1.000000e+00	-6.000000e-01	1.870337e-06	7.079329e-08	7.079329e-08
-6.000000e-01	-2.000000e-01	1.907850e-06	7.149972e-08	7.149972e-08
-2.000000e-01	2.000000e-01	1.680087e-06	6.709623e-08	6.709623e-08
2.000000e-01	6.000000e-01	1.814066e-06	6.972021e-08	6.972021e-08
6.000000e-01	1.000000e+00	1.969480e-06	7.264538e-08	7.264538e-08
1.000000e+00	1.400000e+00	2.218680e-06	7.710447e-08	7.710447e-08
1.400000e+00	1.800000e+00	2.317824e-06	7.880838e-08	7.880838e-08
1.800000e+00	2.200000e+00	2.612577e-06	8.366940e-08	8.366940e-08
2.200000e+00	2.600000e+00	2.253515e-06	7.770740e-08	7.770740e-08
2.600000e+00	3.000000e+00	2.063266e-06	7.435492e-08	7.435492e-08
3.000000e+00	3.400000e+00	1.685447e-06	6.720316e-08	6.720316e-08
3.400000e+00	3.800000e+00	1.291551e-06	5.882852e-08	5.882852e-08
3.800000e+00	4.200000e+00	8.387040e-07	4.740636e-08	4.740636e-08
4.200000e+00	4.600000e+00	4.233713e-07	3.368162e-08	3.368162e-08
4.600000e+00	5.000000e+00	1.875696e-07	2.241885e-08	2.241885e-08
# END HISTO1D


# BEGIN HISTO1D //eos/home-y/youpeng/valid/genValidation/mg352VBS_merged.yoda.gz/MC_ZZJETS:ENERGY=13600/jet_eta_4
ErrorBars=1
LineColor=blue
LineStyle=solid
Path=//eos/home-y/youpeng/valid/genValidation/mg352VBS_merged.yoda.gz/MC_ZZJETS:ENERGY=13600/jet_eta_4
ScaledBy=1.07425781250000051e-09
Title=VBSZZ@LO(v352)
# xlow	 xhigh	 val	 errminus	 errplus
-5.000000e+00	-4.600000e+00	1.826238e-07	2.214639e-08	2.214639e-08
-4.600000e+00	-4.200000e+00	3.813615e-07	3.200314e-08	3.200314e-08
-4.200000e+00	-3.800000e+00	8.701487e-07	4.834160e-08	4.834160e-08
-3.800000e+00	-3.400000e+00	1.216597e-06	5.716071e-08	5.716071e-08
-3.400000e+00	-3.000000e+00	1.673157e-06	6.703360e-08	6.703360e-08
-3.000000e+00	-2.600000e+00	2.129716e-06	7.562844e-08	7.562844e-08
-2.600000e+00	-2.200000e+00	2.390224e-06	8.012050e-08	8.012050e-08
-2.200000e+00	-1.800000e+00	2.559420e-06	8.290770e-08	8.290770e-08
-1.800000e+00	-1.400000e+00	2.282798e-06	7.829932e-08	7.829932e-08
-1.400000e+00	-1.000000e+00	2.320397e-06	7.894151e-08	7.894151e-08
-1.000000e+00	-6.000000e-01	1.890694e-06	7.125820e-08	7.125820e-08
-6.000000e-01	-2.000000e-01	1.764469e-06	6.883847e-08	6.883847e-08
-2.000000e-01	2.000000e-01	1.705384e-06	6.767611e-08	6.767611e-08
2.000000e-01	6.000000e-01	1.724184e-06	6.804811e-08	6.804811e-08
6.000000e-01	1.000000e+00	1.979320e-06	7.290919e-08	7.290919e-08
1.000000e+00	1.400000e+00	2.143144e-06	7.586649e-08	7.586649e-08
1.400000e+00	1.800000e+00	2.333825e-06	7.916960e-08	7.916960e-08
1.800000e+00	2.200000e+00	2.537935e-06	8.255899e-08	8.255899e-08
2.200000e+00	2.600000e+00	2.239828e-06	7.755888e-08	7.755888e-08
2.600000e+00	3.000000e+00	2.282798e-06	7.829932e-08	7.829932e-08
3.000000e+00	3.400000e+00	1.713441e-06	6.783579e-08	6.783579e-08
3.400000e+00	3.800000e+00	1.332080e-06	5.981214e-08	5.981214e-08
3.800000e+00	4.200000e+00	8.218072e-07	4.697959e-08	4.697959e-08
4.200000e+00	4.600000e+00	4.243318e-07	3.375803e-08	3.375803e-08
4.600000e+00	5.000000e+00	2.041090e-07	2.341291e-08	2.341291e-08
# END HISTO1D


# BEGIN HISTO1D //eos/home-y/youpeng/valid/genValidation/mg35xVBS_merged.yoda.gz/MC_ZZJETS:ENERGY=13600/jet_eta_4
ErrorBars=1
LineColor=green
LineStyle=solid
Path=//eos/home-y/youpeng/valid/genValidation/mg35xVBS_merged.yoda.gz/MC_ZZJETS:ENERGY=13600/jet_eta_4
ScaledBy=5.51937791219804204e-10
Title=VBSZZ@LO(v35x)
# xlow	 xhigh	 val	 errminus	 errplus
-5.000000e+00	-4.600000e+00	8.693020e-08	1.095218e-08	1.095218e-08
-4.600000e+00	-4.200000e+00	2.083565e-07	1.695581e-08	1.695581e-08
-4.200000e+00	-3.800000e+00	4.015347e-07	2.353838e-08	2.353838e-08
-3.800000e+00	-3.400000e+00	5.947130e-07	2.864631e-08	2.864631e-08
-3.400000e+00	-3.000000e+00	9.272555e-07	3.576965e-08	3.576965e-08
-3.000000e+00	-2.600000e+00	1.066620e-06	3.836365e-08	3.836365e-08
-2.600000e+00	-2.200000e+00	1.183907e-06	4.041790e-08	4.041790e-08
-2.200000e+00	-1.800000e+00	1.190806e-06	4.053550e-08	4.053550e-08
-1.800000e+00	-1.400000e+00	1.248759e-06	4.151016e-08	4.151016e-08
-1.400000e+00	-1.000000e+00	1.043163e-06	3.793945e-08	3.793945e-08
-1.000000e+00	-6.000000e-01	1.027984e-06	3.766242e-08	3.766242e-08
-6.000000e-01	-2.000000e-01	9.203563e-07	3.563634e-08	3.563634e-08
-2.000000e-01	2.000000e-01	8.720618e-07	3.468875e-08	3.468875e-08
2.000000e-01	6.000000e-01	8.982788e-07	3.520632e-08	3.520632e-08
6.000000e-01	1.000000e+00	9.631315e-07	3.645507e-08	3.645507e-08
1.000000e+00	1.400000e+00	1.130093e-06	3.948863e-08	3.948863e-08
1.400000e+00	1.800000e+00	1.150790e-06	3.984861e-08	3.984861e-08
1.800000e+00	2.200000e+00	1.305333e-06	4.244003e-08	4.244003e-08
2.200000e+00	2.600000e+00	1.204604e-06	4.076967e-08	4.076967e-08
2.600000e+00	3.000000e+00	1.096976e-06	3.890574e-08	3.890574e-08
3.000000e+00	3.400000e+00	9.313950e-07	3.584941e-08	3.584941e-08
3.400000e+00	3.800000e+00	6.512865e-07	2.997790e-08	2.997790e-08
3.800000e+00	4.200000e+00	3.960152e-07	2.337605e-08	2.337605e-08
4.200000e+00	4.600000e+00	2.180154e-07	1.734438e-08	1.734438e-08
4.600000e+00	5.000000e+00	7.589145e-08	1.023320e-08	1.023320e-08
# END HISTO1D

