# BEGIN PLOT
Legend=1
LogY=1
Title=Mass of second jet
XLabel=$m(\mathrm{jet~2})$
YLabel=$\mathrm{d}\sigma/\mathrm{d}m(\mathrm{jet~2})$ [pb/GeV]
RemoveOptions=1
DrawOnly=//eos/home-y/youpeng/valid/genValidation/masterVBS_merged.yoda.gz/MC_ZZJETS:ENERGY=13600/jet_mass_2 //eos/home-y/youpeng/valid/genValidation/mg352VBS_merged.yoda.gz/MC_ZZJETS:ENERGY=13600/jet_mass_2 //eos/home-y/youpeng/valid/genValidation/mg35xVBS_merged.yoda.gz/MC_ZZJETS:ENERGY=13600/jet_mass_2
LegendOnly=//eos/home-y/youpeng/valid/genValidation/masterVBS_merged.yoda.gz/MC_ZZJETS:ENERGY=13600/jet_mass_2 //eos/home-y/youpeng/valid/genValidation/mg352VBS_merged.yoda.gz/MC_ZZJETS:ENERGY=13600/jet_mass_2 //eos/home-y/youpeng/valid/genValidation/mg35xVBS_merged.yoda.gz/MC_ZZJETS:ENERGY=13600/jet_mass_2
RatioPlot=1
RatioPlotReference=//eos/home-y/youpeng/valid/genValidation/masterVBS_merged.yoda.gz/MC_ZZJETS:ENERGY=13600/jet_mass_2
RatioPlotYLabel=Ratio
# END PLOT

# BEGIN HISTO1D //eos/home-y/youpeng/valid/genValidation/masterVBS_merged.yoda.gz/MC_ZZJETS:ENERGY=13600/jet_mass_2
ErrorBars=1
LineColor=red
LineStyle=solid
Path=//eos/home-y/youpeng/valid/genValidation/masterVBS_merged.yoda.gz/MC_ZZJETS:ENERGY=13600/jet_mass_2
ScaledBy=1.07182617187499956e-09
Title=VBSZZ@LO(v2918)
# xlow	 xhigh	 val	 errminus	 errplus
1.000000e+00	1.096478e+00	1.555336e-07	4.156809e-08	4.156809e-08
1.096478e+00	1.202264e+00	1.418484e-07	3.791056e-08	3.791056e-08
1.202264e+00	1.318257e+00	1.293662e-07	3.457456e-08	3.457456e-08
1.318257e+00	1.445440e+00	2.865327e-07	4.913996e-08	4.913996e-08
1.445440e+00	1.584893e+00	3.458669e-07	5.155879e-08	5.155879e-08
1.584893e+00	1.737801e+00	3.434711e-07	4.906731e-08	4.906731e-08
1.737801e+00	1.905461e+00	6.073214e-07	6.230986e-08	6.230986e-08
1.905461e+00	2.089296e+00	8.570642e-07	7.068949e-08	7.068949e-08
2.089296e+00	2.290868e+00	1.015611e-06	7.348706e-08	7.348706e-08
2.290868e+00	2.511886e+00	1.372408e-06	8.158117e-08	8.158117e-08
2.511886e+00	2.754229e+00	1.689496e-06	8.644215e-08	8.644215e-08
2.754229e+00	3.019952e+00	2.339501e-06	9.714249e-08	9.714249e-08
3.019952e+00	3.311311e+00	3.093798e-06	1.066827e-07	1.066827e-07
3.311311e+00	3.630781e+00	3.683804e-06	1.111720e-07	1.111720e-07
3.630781e+00	3.981072e+00	4.880408e-06	1.222013e-07	1.222013e-07
3.981072e+00	4.365158e+00	5.876981e-06	1.280634e-07	1.280634e-07
4.365158e+00	4.786301e+00	6.637468e-06	1.299716e-07	1.299716e-07
4.786301e+00	5.248075e+00	7.608583e-06	1.328922e-07	1.328922e-07
5.248075e+00	5.754399e+00	8.300278e-06	1.325544e-07	1.325544e-07
5.754399e+00	6.309573e+00	9.384710e-06	1.346040e-07	1.346040e-07
6.309573e+00	6.918310e+00	9.499179e-06	1.293273e-07	1.293273e-07
6.918310e+00	7.585776e+00	9.748897e-06	1.251196e-07	1.251196e-07
7.585776e+00	8.317638e+00	9.772739e-06	1.196343e-07	1.196343e-07
8.317638e+00	9.120108e+00	9.204025e-06	1.108758e-07	1.108758e-07
9.120108e+00	1.000000e+01	8.509883e-06	1.018144e-07	1.018144e-07
1.000000e+01	1.096478e+01	7.561153e-06	9.165202e-08	9.165202e-08
1.096478e+01	1.202264e+01	6.828983e-06	8.318138e-08	8.318138e-08
1.202264e+01	1.318257e+01	5.874147e-06	7.367475e-08	7.367475e-08
1.318257e+01	1.445440e+01	4.815435e-06	6.370381e-08	6.370381e-08
1.445440e+01	1.584893e+01	3.970552e-06	5.524255e-08	5.524255e-08
1.584893e+01	1.737801e+01	3.166243e-06	4.711066e-08	4.711066e-08
1.737801e+01	1.905461e+01	2.470839e-06	3.974382e-08	3.974382e-08
1.905461e+01	2.089296e+01	1.820825e-06	3.258233e-08	3.258233e-08
2.089296e+01	2.290868e+01	1.319763e-06	2.649080e-08	2.649080e-08
2.290868e+01	2.511886e+01	9.441973e-07	2.139832e-08	2.139832e-08
2.511886e+01	2.754229e+01	6.430699e-07	1.686460e-08	1.686460e-08
2.754229e+01	3.019952e+01	4.650768e-07	1.369651e-08	1.369651e-08
3.019952e+01	3.311311e+01	3.200481e-07	1.085064e-08	1.085064e-08
3.311311e+01	3.630781e+01	2.113659e-07	8.421017e-09	8.421017e-09
3.630781e+01	3.981072e+01	1.419755e-07	6.591047e-09	6.591047e-09
3.981072e+01	4.365158e+01	9.515908e-08	5.153154e-09	5.153154e-09
4.365158e+01	4.786301e+01	6.082649e-08	3.934538e-09	3.934538e-09
4.786301e+01	5.248075e+01	3.783403e-08	2.963389e-09	2.963389e-09
5.248075e+01	5.754399e+01	2.349735e-08	2.230270e-09	2.230270e-09
5.754399e+01	6.309573e+01	1.679633e-08	1.800756e-09	1.800756e-09
6.309573e+01	6.918310e+01	8.627614e-09	1.232516e-09	1.232516e-09
6.918310e+01	7.585776e+01	7.868488e-09	1.124070e-09	1.124070e-09
7.585776e+01	8.317638e+01	3.807751e-09	7.467613e-10	7.467613e-10
8.317638e+01	9.120108e+01	2.003488e-09	5.172985e-10	5.172985e-10
9.120108e+01	1.000000e+02	1.827200e-09	4.717812e-10	4.717812e-10
# END HISTO1D


# BEGIN HISTO1D //eos/home-y/youpeng/valid/genValidation/mg352VBS_merged.yoda.gz/MC_ZZJETS:ENERGY=13600/jet_mass_2
ErrorBars=1
LineColor=blue
LineStyle=solid
Path=//eos/home-y/youpeng/valid/genValidation/mg352VBS_merged.yoda.gz/MC_ZZJETS:ENERGY=13600/jet_mass_2
ScaledBy=1.07425781250000051e-09
Title=VBSZZ@LO(v352)
# xlow	 xhigh	 val	 errminus	 errplus
1.000000e+00	1.096478e+00	8.907796e-08	3.149381e-08	3.149381e-08
1.096478e+00	1.202264e+00	2.335652e-07	4.870172e-08	4.870172e-08
1.202264e+00	1.318257e+00	2.130123e-07	4.441613e-08	4.441613e-08
1.318257e+00	1.445440e+00	2.956293e-07	4.997047e-08	4.997047e-08
1.445440e+00	1.584893e+00	3.697617e-07	5.337050e-08	5.337050e-08
1.584893e+00	1.737801e+00	3.653269e-07	5.066173e-08	5.066173e-08
1.737801e+00	1.905461e+00	5.189961e-07	5.766623e-08	5.766623e-08
1.905461e+00	2.089296e+00	6.778573e-07	6.293748e-08	6.293748e-08
2.089296e+00	2.290868e+00	9.859390e-07	7.248767e-08	7.248767e-08
2.290868e+00	2.511886e+00	1.151938e-06	7.482644e-08	7.482644e-08
2.511886e+00	2.754229e+00	1.888372e-06	9.149194e-08	9.149194e-08
2.754229e+00	3.019952e+00	2.300338e-06	9.643518e-08	9.643518e-08
3.019952e+00	3.311311e+00	3.089755e-06	1.067338e-07	1.067338e-07
3.311311e+00	3.630781e+00	3.722425e-06	1.118799e-07	1.118799e-07
3.630781e+00	3.981072e+00	4.713607e-06	1.202310e-07	1.202310e-07
3.981072e+00	4.365158e+00	5.669358e-06	1.259236e-07	1.259236e-07
4.365158e+00	4.786301e+00	6.780065e-06	1.315093e-07	1.315093e-07
4.786301e+00	5.248075e+00	7.760775e-06	1.343668e-07	1.343668e-07
5.248075e+00	5.754399e+00	8.323352e-06	1.328890e-07	1.328890e-07
5.754399e+00	6.309573e+00	8.984173e-06	1.318496e-07	1.318496e-07
6.309573e+00	6.918310e+00	9.481906e-06	1.293562e-07	1.293562e-07
6.918310e+00	7.585776e+00	9.812859e-06	1.256717e-07	1.256717e-07
7.585776e+00	8.317638e+00	9.714178e-06	1.194106e-07	1.194106e-07
8.317638e+00	9.120108e+00	9.016070e-06	1.098623e-07	1.098623e-07
9.120108e+00	1.000000e+01	8.766043e-06	1.034526e-07	1.034526e-07
1.000000e+01	1.096478e+01	7.750896e-06	9.290007e-08	9.290007e-08
1.096478e+01	1.202264e+01	6.876972e-06	8.356777e-08	8.356777e-08
1.202264e+01	1.318257e+01	5.880990e-06	7.380123e-08	7.380123e-08
1.318257e+01	1.445440e+01	4.845787e-06	6.397671e-08	6.397671e-08
1.445440e+01	1.584893e+01	3.947976e-06	5.514772e-08	5.514772e-08
1.584893e+01	1.737801e+01	3.158673e-06	4.710765e-08	4.710765e-08
1.737801e+01	1.905461e+01	2.365597e-06	3.893229e-08	3.893229e-08
1.905461e+01	2.089296e+01	1.820865e-06	3.261963e-08	3.261963e-08
2.089296e+01	2.290868e+01	1.283320e-06	2.615210e-08	2.615210e-08
2.290868e+01	2.511886e+01	9.186342e-07	2.113060e-08	2.113060e-08
2.511886e+01	2.754229e+01	6.817647e-07	1.738426e-08	1.738426e-08
2.754229e+01	3.019952e+01	4.430881e-07	1.338396e-08	1.338396e-08
3.019952e+01	3.311311e+01	3.034450e-07	1.057743e-08	1.057743e-08
3.311311e+01	3.630781e+01	2.175618e-07	8.553238e-09	8.553238e-09
3.630781e+01	3.981072e+01	1.330973e-07	6.388876e-09	6.388876e-09
3.981072e+01	4.365158e+01	1.001297e-07	5.292021e-09	5.292021e-09
4.365158e+01	4.786301e+01	6.606611e-08	4.105148e-09	4.105148e-09
4.786301e+01	5.248075e+01	4.536425e-08	3.248601e-09	3.248601e-09
5.248075e+01	5.754399e+01	2.503583e-08	2.304735e-09	2.304735e-09
5.754399e+01	6.309573e+01	2.051092e-08	1.992198e-09	1.992198e-09
6.309573e+01	6.918310e+01	1.041192e-08	1.355517e-09	1.355517e-09
6.918310e+01	7.585776e+01	8.369177e-09	1.160596e-09	1.160596e-09
7.585776e+01	8.317638e+01	4.697095e-09	8.303369e-10	8.303369e-10
8.317638e+01	9.120108e+01	3.480591e-09	6.826002e-10	6.826002e-10
9.120108e+01	1.000000e+02	1.587166e-09	4.402008e-10	4.402008e-10
# END HISTO1D


# BEGIN HISTO1D //eos/home-y/youpeng/valid/genValidation/mg35xVBS_merged.yoda.gz/MC_ZZJETS:ENERGY=13600/jet_mass_2
ErrorBars=1
LineColor=green
LineStyle=solid
Path=//eos/home-y/youpeng/valid/genValidation/mg35xVBS_merged.yoda.gz/MC_ZZJETS:ENERGY=13600/jet_mass_2
ScaledBy=5.51937791219804204e-10
Title=VBSZZ@LO(v35x)
# xlow	 xhigh	 val	 errminus	 errplus
1.000000e+00	1.096478e+00	6.292954e-08	1.897397e-08	1.897397e-08
1.096478e+00	1.202264e+00	6.782742e-08	1.881194e-08	1.881194e-08
1.202264e+00	1.318257e+00	1.237176e-07	2.426303e-08	2.426303e-08
1.318257e+00	1.445440e+00	1.562297e-07	2.603828e-08	2.603828e-08
1.445440e+00	1.584893e+00	1.543572e-07	2.471693e-08	2.471693e-08
1.584893e+00	1.737801e+00	1.985284e-07	2.676956e-08	2.676956e-08
1.737801e+00	1.905461e+00	3.127406e-07	3.208651e-08	3.208651e-08
1.905461e+00	2.089296e+00	4.023154e-07	3.475476e-08	3.475476e-08
2.089296e+00	2.290868e+00	5.421571e-07	3.852942e-08	3.852942e-08
2.290868e+00	2.511886e+00	6.617719e-07	4.065233e-08	4.065233e-08
2.511886e+00	2.754229e+00	9.018928e-07	4.532181e-08	4.532181e-08
2.754229e+00	3.019952e+00	1.256656e-06	5.109033e-08	5.109033e-08
3.019952e+00	3.311311e+00	1.439711e-06	5.222380e-08	5.222380e-08
3.311311e+00	3.630781e+00	1.936715e-06	5.784460e-08	5.784460e-08
3.630781e+00	3.981072e+00	2.404450e-06	6.155147e-08	6.155147e-08
3.981072e+00	4.365158e+00	2.830921e-06	6.378151e-08	6.378151e-08
4.365158e+00	4.786301e+00	3.407484e-06	6.682627e-08	6.682627e-08
4.786301e+00	5.248075e+00	3.885775e-06	6.815051e-08	6.815051e-08
5.248075e+00	5.754399e+00	4.217550e-06	6.780488e-08	6.780488e-08
5.754399e+00	6.309573e+00	4.652720e-06	6.801174e-08	6.801174e-08
6.309573e+00	6.918310e+00	4.806381e-06	6.601450e-08	6.601450e-08
6.918310e+00	7.585776e+00	4.920973e-06	6.379050e-08	6.379050e-08
7.585776e+00	8.317638e+00	4.813775e-06	6.025226e-08	6.025226e-08
8.317638e+00	9.120108e+00	4.604813e-06	5.627774e-08	5.627774e-08
9.120108e+00	1.000000e+01	4.283688e-06	5.183694e-08	5.183694e-08
1.000000e+01	1.096478e+01	3.890762e-06	4.717895e-08	4.717895e-08
1.096478e+01	1.202264e+01	3.505112e-06	4.276435e-08	4.276435e-08
1.202264e+01	1.318257e+01	2.964465e-06	3.755799e-08	3.755799e-08
1.318257e+01	1.445440e+01	2.483184e-06	3.282728e-08	3.282728e-08
1.445440e+01	1.584893e+01	1.990812e-06	2.807025e-08	2.807025e-08
1.584893e+01	1.737801e+01	1.550687e-06	2.365876e-08	2.365876e-08
1.737801e+01	1.905461e+01	1.225943e-06	2.008933e-08	2.008933e-08
1.905461e+01	2.089296e+01	8.971034e-07	1.641165e-08	1.641165e-08
2.089296e+01	2.290868e+01	6.711250e-07	1.355600e-08	1.355600e-08
2.290868e+01	2.511886e+01	4.824693e-07	1.097655e-08	1.097655e-08
2.511886e+01	2.754229e+01	3.409428e-07	8.811920e-09	8.811920e-09
2.754229e+01	3.019952e+01	2.351297e-07	6.988504e-09	6.988504e-09
3.019952e+01	3.311311e+01	1.562844e-07	5.441124e-09	5.441124e-09
3.311311e+01	3.630781e+01	1.034872e-07	4.228375e-09	4.228375e-09
3.630781e+01	3.981072e+01	7.484363e-08	3.434061e-09	3.434061e-09
3.981072e+01	4.365158e+01	5.029556e-08	2.688412e-09	2.688412e-09
4.365158e+01	4.786301e+01	3.263321e-08	2.068046e-09	2.068046e-09
4.786301e+01	5.248075e+01	2.378557e-08	1.686115e-09	1.686115e-09
5.248075e+01	5.754399e+01	1.340808e-08	1.208966e-09	1.208966e-09
5.754399e+01	6.309573e+01	8.947537e-09	9.431533e-10	9.431533e-10
6.309573e+01	6.918310e+01	6.618862e-09	7.746792e-10	7.746792e-10
6.918310e+01	7.585776e+01	3.721118e-09	5.547116e-10	5.547116e-10
7.585776e+01	8.317638e+01	2.036220e-09	3.918707e-10	3.918707e-10
8.317638e+01	9.120108e+01	8.941382e-10	2.479893e-10	2.479893e-10
9.120108e+01	1.000000e+02	6.272790e-10	1.983630e-10	1.983630e-10
# END HISTO1D

