# BEGIN PLOT
Legend=1
LogY=1
Title=Pseudorapidity of leading jet
XLabel=$\eta(\mathrm{jet~1})$
YLabel=$\mathrm{d}\sigma/\mathrm{d}\eta(\mathrm{jet~1})$ [pb]
LegendYPos=0.5
LegendXPos=0.30
RemoveOptions=1
DrawOnly=//ospool/cms-user/youpeng/genvalid/genValidation/masterVBS_merged.yoda.gz/MC_ZZJETS:ENERGY=13600/jet_eta_1 //ospool/cms-user/youpeng/genvalid/genValidation/mg352VBS_merged.yoda.gz/MC_ZZJETS:ENERGY=13600/jet_eta_1 //ospool/cms-user/youpeng/genvalid/genValidation/mg35xVBS_merged.yoda.gz/MC_ZZJETS:ENERGY=13600/jet_eta_1
LegendOnly=//ospool/cms-user/youpeng/genvalid/genValidation/masterVBS_merged.yoda.gz/MC_ZZJETS:ENERGY=13600/jet_eta_1 //ospool/cms-user/youpeng/genvalid/genValidation/mg352VBS_merged.yoda.gz/MC_ZZJETS:ENERGY=13600/jet_eta_1 //ospool/cms-user/youpeng/genvalid/genValidation/mg35xVBS_merged.yoda.gz/MC_ZZJETS:ENERGY=13600/jet_eta_1
RatioPlot=1
RatioPlotReference=//ospool/cms-user/youpeng/genvalid/genValidation/masterVBS_merged.yoda.gz/MC_ZZJETS:ENERGY=13600/jet_eta_1
RatioPlotYLabel=Ratio
# END PLOT

# BEGIN HISTO1D //ospool/cms-user/youpeng/genvalid/genValidation/masterVBS_merged.yoda.gz/MC_ZZJETS:ENERGY=13600/jet_eta_1
ErrorBars=1
LineColor=red
LineStyle=solid
Path=//ospool/cms-user/youpeng/genvalid/genValidation/masterVBS_merged.yoda.gz/MC_ZZJETS:ENERGY=13600/jet_eta_1
ScaledBy=1.07182617187499956e-09
Title=VBSZZ@LO(v2918)
# xlow	 xhigh	 val	 errminus	 errplus
-5.000000e+00	-4.800000e+00	1.446965e-07	2.784686e-08	2.784686e-08
-4.800000e+00	-4.600000e+00	3.483435e-07	4.320670e-08	4.320670e-08
-4.600000e+00	-4.400000e+00	7.020460e-07	6.133806e-08	6.133806e-08
-4.400000e+00	-4.200000e+00	1.152213e-06	7.858028e-08	7.858028e-08
-4.200000e+00	-4.000000e+00	2.111497e-06	1.063757e-07	1.063757e-07
-4.000000e+00	-3.800000e+00	3.119014e-06	1.292873e-07	1.292873e-07
-3.800000e+00	-3.600000e+00	4.490952e-06	1.551374e-07	1.551374e-07
-3.600000e+00	-3.400000e+00	6.564935e-06	1.875696e-07	1.875696e-07
-3.400000e+00	-3.200000e+00	8.831850e-06	2.175569e-07	2.175569e-07
-3.200000e+00	-3.000000e+00	1.172042e-05	2.506217e-07	2.506217e-07
-3.000000e+00	-2.800000e+00	1.428208e-05	2.766578e-07	2.766578e-07
-2.800000e+00	-2.600000e+00	1.587375e-05	2.916667e-07	2.916667e-07
-2.600000e+00	-2.400000e+00	1.761010e-05	3.072049e-07	3.072049e-07
-2.400000e+00	-2.200000e+00	1.883735e-05	3.177291e-07	3.177291e-07
-2.200000e+00	-2.000000e+00	2.065945e-05	3.327412e-07	3.327412e-07
-2.000000e+00	-1.800000e+00	1.973768e-05	3.252335e-07	3.252335e-07
-1.800000e+00	-1.600000e+00	1.969481e-05	3.248801e-07	3.248801e-07
-1.600000e+00	-1.400000e+00	1.919105e-05	3.206982e-07	3.206982e-07
-1.400000e+00	-1.200000e+00	1.780839e-05	3.089296e-07	3.089296e-07
-1.200000e+00	-1.000000e+00	1.796917e-05	3.103210e-07	3.103210e-07
-1.000000e+00	-8.000000e-01	1.644718e-05	2.968881e-07	2.968881e-07
-8.000000e-01	-6.000000e-01	1.580943e-05	2.910753e-07	2.910753e-07
-6.000000e-01	-4.000000e-01	1.493590e-05	2.829195e-07	2.829195e-07
-4.000000e-01	-2.000000e-01	1.415346e-05	2.754093e-07	2.754093e-07
-2.000000e-01	0.000000e+00	1.359611e-05	2.699321e-07	2.699321e-07
0.000000e+00	2.000000e-01	1.429816e-05	2.768135e-07	2.768135e-07
2.000000e-01	4.000000e-01	1.411595e-05	2.750440e-07	2.750440e-07
4.000000e-01	6.000000e-01	1.513955e-05	2.848417e-07	2.848417e-07
6.000000e-01	8.000000e-01	1.618993e-05	2.945573e-07	2.945573e-07
8.000000e-01	1.000000e+00	1.631320e-05	2.956764e-07	2.956764e-07
1.000000e+00	1.200000e+00	1.775480e-05	3.084644e-07	3.084644e-07
1.200000e+00	1.400000e+00	1.821569e-05	3.124424e-07	3.124424e-07
1.400000e+00	1.600000e+00	1.905707e-05	3.195768e-07	3.195768e-07
1.600000e+00	1.800000e+00	1.944829e-05	3.228404e-07	3.228404e-07
1.800000e+00	2.000000e+00	2.052011e-05	3.316172e-07	3.316172e-07
2.000000e+00	2.200000e+00	1.930359e-05	3.216371e-07	3.216371e-07
2.200000e+00	2.400000e+00	1.915354e-05	3.203846e-07	3.203846e-07
2.400000e+00	2.600000e+00	1.809778e-05	3.114296e-07	3.114296e-07
2.600000e+00	2.800000e+00	1.554684e-05	2.886478e-07	2.886478e-07
2.800000e+00	3.000000e+00	1.398733e-05	2.737881e-07	2.737881e-07
3.000000e+00	3.200000e+00	1.128097e-05	2.458784e-07	2.458784e-07
3.200000e+00	3.400000e+00	9.142675e-06	2.213522e-07	2.213522e-07
3.400000e+00	3.600000e+00	6.698915e-06	1.894739e-07	1.894739e-07
3.600000e+00	3.800000e+00	4.517748e-06	1.555995e-07	1.555995e-07
3.800000e+00	4.000000e+00	3.231556e-06	1.315991e-07	1.315991e-07
4.000000e+00	4.200000e+00	1.998956e-06	1.035020e-07	1.035020e-07
4.200000e+00	4.400000e+00	1.189727e-06	7.984925e-08	7.984925e-08
4.400000e+00	4.600000e+00	5.895045e-07	5.620703e-08	5.620703e-08
4.600000e+00	4.800000e+00	2.518791e-07	3.674035e-08	3.674035e-08
4.800000e+00	5.000000e+00	1.982878e-07	3.259832e-08	3.259832e-08
# END HISTO1D


# BEGIN HISTO1D //ospool/cms-user/youpeng/genvalid/genValidation/mg352VBS_merged.yoda.gz/MC_ZZJETS:ENERGY=13600/jet_eta_1
ErrorBars=1
LineColor=blue
LineStyle=solid
Path=//ospool/cms-user/youpeng/genvalid/genValidation/mg352VBS_merged.yoda.gz/MC_ZZJETS:ENERGY=13600/jet_eta_1
ScaledBy=1.07425781250000051e-09
Title=VBSZZ@LO(v352)
# xlow	 xhigh	 val	 errminus	 errplus
-5.000000e+00	-4.800000e+00	1.718812e-07	3.038460e-08	3.038460e-08
-4.800000e+00	-4.600000e+00	2.954209e-07	3.983455e-08	3.983455e-08
-4.600000e+00	-4.400000e+00	6.606685e-07	5.957048e-08	5.957048e-08
-4.400000e+00	-4.200000e+00	1.256881e-06	8.216493e-08	8.216493e-08
-4.200000e+00	-4.000000e+00	1.998119e-06	1.035977e-07	1.035977e-07
-4.000000e+00	-3.800000e+00	3.367798e-06	1.344969e-07	1.344969e-07
-3.800000e+00	-3.600000e+00	4.640794e-06	1.578830e-07	1.578830e-07
-3.600000e+00	-3.400000e+00	7.159930e-06	1.961072e-07	1.961072e-07
-3.400000e+00	-3.200000e+00	9.598495e-06	2.270601e-07	2.270601e-07
-3.200000e+00	-3.000000e+00	1.185443e-05	2.523363e-07	2.523363e-07
-3.000000e+00	-2.800000e+00	1.414797e-05	2.756681e-07	2.756681e-07
-2.800000e+00	-2.600000e+00	1.636632e-05	2.964932e-07	2.964932e-07
-2.600000e+00	-2.400000e+00	1.762857e-05	3.077144e-07	3.077144e-07
-2.400000e+00	-2.200000e+00	1.915402e-05	3.207519e-07	3.207519e-07
-2.200000e+00	-2.000000e+00	2.023901e-05	3.297114e-07	3.297114e-07
-2.000000e+00	-1.800000e+00	2.017994e-05	3.292298e-07	3.292298e-07
-1.800000e+00	-1.600000e+00	1.966429e-05	3.249963e-07	3.249963e-07
-1.600000e+00	-1.400000e+00	1.918624e-05	3.210216e-07	3.210216e-07
-1.400000e+00	-1.200000e+00	1.855781e-05	3.157203e-07	3.157203e-07
-1.200000e+00	-1.000000e+00	1.738687e-05	3.055976e-07	3.055976e-07
-1.000000e+00	-8.000000e-01	1.568417e-05	2.902485e-07	2.902485e-07
-8.000000e-01	-6.000000e-01	1.562508e-05	2.897013e-07	2.897013e-07
-6.000000e-01	-4.000000e-01	1.436820e-05	2.778052e-07	2.778052e-07
-4.000000e-01	-2.000000e-01	1.345508e-05	2.688329e-07	2.688329e-07
-2.000000e-01	0.000000e+00	1.366456e-05	2.709175e-07	2.709175e-07
0.000000e+00	2.000000e-01	1.419094e-05	2.760864e-07	2.760864e-07
2.000000e-01	4.000000e-01	1.372901e-05	2.715557e-07	2.715557e-07
4.000000e-01	6.000000e-01	1.420706e-05	2.762431e-07	2.762431e-07
6.000000e-01	8.000000e-01	1.560359e-05	2.895020e-07	2.895020e-07
8.000000e-01	1.000000e+00	1.628575e-05	2.957625e-07	2.957625e-07
1.000000e+00	1.200000e+00	1.704847e-05	3.026091e-07	3.026091e-07
1.200000e+00	1.400000e+00	1.830536e-05	3.135655e-07	3.135655e-07
1.400000e+00	1.600000e+00	1.930978e-05	3.220535e-07	3.220535e-07
1.600000e+00	1.800000e+00	1.979857e-05	3.261040e-07	3.261040e-07
1.800000e+00	2.000000e+00	2.013697e-05	3.288791e-07	3.288791e-07
2.000000e+00	2.200000e+00	1.974486e-05	3.256614e-07	3.256614e-07
2.200000e+00	2.400000e+00	1.932053e-05	3.221430e-07	3.221430e-07
2.400000e+00	2.600000e+00	1.818718e-05	3.125518e-07	3.125518e-07
2.600000e+00	2.800000e+00	1.603330e-05	2.934612e-07	2.934612e-07
2.800000e+00	3.000000e+00	1.399221e-05	2.741463e-07	2.741463e-07
3.000000e+00	3.200000e+00	1.137102e-05	2.471377e-07	2.471377e-07
3.200000e+00	3.400000e+00	9.045250e-06	2.204193e-07	2.204193e-07
3.400000e+00	3.600000e+00	6.794680e-06	1.910398e-07	1.910398e-07
3.600000e+00	3.800000e+00	4.877131e-06	1.618533e-07	1.618533e-07
3.800000e+00	4.000000e+00	3.067006e-06	1.283502e-07	1.283502e-07
4.000000e+00	4.200000e+00	2.073317e-06	1.055291e-07	1.055291e-07
4.200000e+00	4.400000e+00	1.213911e-06	8.074817e-08	8.074817e-08
4.400000e+00	4.600000e+00	6.445545e-07	5.883953e-08	5.883953e-08
4.600000e+00	4.800000e+00	3.437625e-07	4.297031e-08	4.297031e-08
4.800000e+00	5.000000e+00	1.879951e-07	3.177697e-08	3.177697e-08
# END HISTO1D


# BEGIN HISTO1D //ospool/cms-user/youpeng/genvalid/genValidation/mg35xVBS_merged.yoda.gz/MC_ZZJETS:ENERGY=13600/jet_eta_1
ErrorBars=1
LineColor=green
LineStyle=solid
Path=//ospool/cms-user/youpeng/genvalid/genValidation/mg35xVBS_merged.yoda.gz/MC_ZZJETS:ENERGY=13600/jet_eta_1
ScaledBy=5.51937791219804204e-10
Title=VBSZZ@LO(v35x)
# xlow	 xhigh	 val	 errminus	 errplus
-5.000000e+00	-4.800000e+00	8.003100e-08	1.486138e-08	1.486138e-08
-4.800000e+00	-4.600000e+00	2.152557e-07	2.437292e-08	2.437292e-08
-4.600000e+00	-4.400000e+00	2.704495e-07	2.731953e-08	2.731953e-08
-4.400000e+00	-4.200000e+00	6.788835e-07	4.328403e-08	4.328403e-08
-4.200000e+00	-4.000000e+00	9.686510e-07	5.170276e-08	5.170276e-08
-4.000000e+00	-3.800000e+00	1.606139e-06	6.657661e-08	6.657661e-08
-3.800000e+00	-3.600000e+00	2.384372e-06	8.111795e-08	8.111795e-08
-3.600000e+00	-3.400000e+00	3.482727e-06	9.803696e-08	9.803696e-08
-3.400000e+00	-3.200000e+00	4.793580e-06	1.150165e-07	1.150165e-07
-3.200000e+00	-3.000000e+00	5.914015e-06	1.277530e-07	1.277530e-07
-3.000000e+00	-2.800000e+00	7.202790e-06	1.409874e-07	1.409874e-07
-2.800000e+00	-2.600000e+00	8.469485e-06	1.528828e-07	1.528828e-07
-2.600000e+00	-2.400000e+00	9.333270e-06	1.604896e-07	1.604896e-07
-2.400000e+00	-2.200000e+00	9.512650e-06	1.620245e-07	1.620245e-07
-2.200000e+00	-2.000000e+00	1.014737e-05	1.673428e-07	1.673428e-07
-2.000000e+00	-1.800000e+00	1.041783e-05	1.695581e-07	1.695581e-07
-1.800000e+00	-1.600000e+00	1.019429e-05	1.677292e-07	1.677292e-07
-1.600000e+00	-1.400000e+00	9.642355e-06	1.631254e-07	1.631254e-07
-1.400000e+00	-1.200000e+00	9.349825e-06	1.606319e-07	1.606319e-07
-1.200000e+00	-1.000000e+00	8.364615e-06	1.519333e-07	1.519333e-07
-1.000000e+00	-8.000000e-01	8.400495e-06	1.522588e-07	1.522588e-07
-8.000000e-01	-6.000000e-01	7.826480e-06	1.469648e-07	1.469648e-07
-6.000000e-01	-4.000000e-01	7.241425e-06	1.413651e-07	1.413651e-07
-4.000000e-01	-2.000000e-01	7.175190e-06	1.407171e-07	1.407171e-07
-2.000000e-01	0.000000e+00	6.722600e-06	1.362068e-07	1.362068e-07
0.000000e+00	2.000000e-01	6.661890e-06	1.355903e-07	1.355903e-07
2.000000e-01	4.000000e-01	7.095160e-06	1.399301e-07	1.399301e-07
4.000000e-01	6.000000e-01	7.547750e-06	1.443241e-07	1.443241e-07
6.000000e-01	8.000000e-01	7.716090e-06	1.459247e-07	1.459247e-07
8.000000e-01	1.000000e+00	8.077610e-06	1.493040e-07	1.493040e-07
1.000000e+00	1.200000e+00	8.599190e-06	1.540490e-07	1.540490e-07
1.200000e+00	1.400000e+00	9.026945e-06	1.578339e-07	1.578339e-07
1.400000e+00	1.600000e+00	9.694785e-06	1.635683e-07	1.635683e-07
1.600000e+00	1.800000e+00	1.020809e-05	1.678426e-07	1.678426e-07
1.800000e+00	2.000000e+00	1.012530e-05	1.671606e-07	1.671606e-07
2.000000e+00	2.200000e+00	1.005630e-05	1.665901e-07	1.665901e-07
2.200000e+00	2.400000e+00	9.636835e-06	1.630787e-07	1.630787e-07
2.400000e+00	2.600000e+00	9.037980e-06	1.579304e-07	1.579304e-07
2.600000e+00	2.800000e+00	8.176960e-06	1.502194e-07	1.502194e-07
2.800000e+00	3.000000e+00	7.202790e-06	1.409874e-07	1.409874e-07
3.000000e+00	3.200000e+00	5.679440e-06	1.251938e-07	1.251938e-07
3.200000e+00	3.400000e+00	4.561766e-06	1.122010e-07	1.122010e-07
3.400000e+00	3.600000e+00	3.496526e-06	9.823098e-08	9.823098e-08
3.600000e+00	3.800000e+00	2.409209e-06	8.153935e-08	8.153935e-08
3.800000e+00	4.000000e+00	1.666852e-06	6.782324e-08	6.782324e-08
4.000000e+00	4.200000e+00	1.029364e-06	5.329845e-08	5.329845e-08
4.200000e+00	4.400000e+00	5.353795e-07	3.843802e-08	3.843802e-08
4.400000e+00	4.600000e+00	3.311627e-07	3.023088e-08	3.023088e-08
4.600000e+00	4.800000e+00	1.793798e-07	2.224933e-08	2.224933e-08
4.800000e+00	5.000000e+00	7.451160e-08	1.433976e-08	1.433976e-08
# END HISTO1D

