# BEGIN PLOT
Legend=1
LogY=1
Title=Transverse momentum of third jet
XLabel=$p_\perp(\mathrm{jet~3})$ [GeV]
YLabel=$\mathrm{d}\sigma/\mathrm{d}p_\perp(\mathrm{jet~3})$ [pb/GeV]
LogX=1
LegendXPos=0.05
LegendYPos=0.5
XMin=20.0
RemoveOptions=1
DrawOnly=//ospool/cms-user/youpeng/genvalid/genValidation/masterVBS_merged.yoda.gz/MC_ZZJETS:ENERGY=13600/jet_pT_3 //ospool/cms-user/youpeng/genvalid/genValidation/mg352VBS_merged.yoda.gz/MC_ZZJETS:ENERGY=13600/jet_pT_3 //ospool/cms-user/youpeng/genvalid/genValidation/mg35xVBS_merged.yoda.gz/MC_ZZJETS:ENERGY=13600/jet_pT_3
LegendOnly=//ospool/cms-user/youpeng/genvalid/genValidation/masterVBS_merged.yoda.gz/MC_ZZJETS:ENERGY=13600/jet_pT_3 //ospool/cms-user/youpeng/genvalid/genValidation/mg352VBS_merged.yoda.gz/MC_ZZJETS:ENERGY=13600/jet_pT_3 //ospool/cms-user/youpeng/genvalid/genValidation/mg35xVBS_merged.yoda.gz/MC_ZZJETS:ENERGY=13600/jet_pT_3
RatioPlot=1
RatioPlotReference=//ospool/cms-user/youpeng/genvalid/genValidation/masterVBS_merged.yoda.gz/MC_ZZJETS:ENERGY=13600/jet_pT_3
RatioPlotYLabel=Ratio
# END PLOT

# BEGIN HISTO1D //ospool/cms-user/youpeng/genvalid/genValidation/masterVBS_merged.yoda.gz/MC_ZZJETS:ENERGY=13600/jet_pT_3
ErrorBars=1
LineColor=red
LineStyle=solid
Path=//ospool/cms-user/youpeng/genvalid/genValidation/masterVBS_merged.yoda.gz/MC_ZZJETS:ENERGY=13600/jet_pT_3
ScaledBy=1.07182617187499956e-09
Title=VBSZZ@LO(v2918)
# xlow	 xhigh	 val	 errminus	 errplus
1.000000e+01	1.168394e+01	0.000000e+00	0.000000e+00	0.000000e+00
1.168394e+01	1.365145e+01	0.000000e+00	0.000000e+00	0.000000e+00
1.365145e+01	1.595027e+01	0.000000e+00	0.000000e+00	0.000000e+00
1.595027e+01	1.863620e+01	0.000000e+00	0.000000e+00	0.000000e+00
1.863620e+01	2.177443e+01	1.253446e-06	2.069058e-08	2.069058e-08
2.177443e+01	2.544112e+01	1.835442e-06	2.316303e-08	2.316303e-08
2.544112e+01	2.972525e+01	1.543893e-06	1.965348e-08	1.965348e-08
2.972525e+01	3.473081e+01	1.213030e-06	1.611653e-08	1.611653e-08
3.473081e+01	4.057927e+01	9.790090e-07	1.339475e-08	1.339475e-08
4.057927e+01	4.741258e+01	7.510129e-07	1.085351e-08	1.085351e-08
4.741258e+01	5.539658e+01	5.453104e-07	8.556060e-09	8.556060e-09
5.539658e+01	6.472504e+01	4.104175e-07	6.867049e-09	6.867049e-09
6.472504e+01	7.562436e+01	2.738736e-07	5.189644e-09	5.189644e-09
7.562436e+01	8.835905e+01	1.778425e-07	3.868884e-09	3.868884e-09
8.835905e+01	1.032382e+02	1.141761e-07	2.867879e-09	2.867879e-09
1.032382e+02	1.206229e+02	7.016158e-08	2.079832e-09	2.079832e-09
1.206229e+02	1.409351e+02	4.237239e-08	1.495289e-09	1.495289e-09
1.409351e+02	1.646677e+02	2.285228e-08	1.015908e-09	1.015908e-09
1.646677e+02	1.923968e+02	1.178931e-08	6.750540e-10	6.750540e-10
1.923968e+02	2.247953e+02	5.028554e-09	4.078695e-10	4.078695e-10
2.247953e+02	2.626495e+02	2.746514e-09	2.788664e-10	2.788664e-10
2.626495e+02	3.068781e+02	1.429793e-09	1.861432e-10	1.861432e-10
3.068781e+02	3.585546e+02	4.563037e-10	9.728427e-11	9.728427e-11
3.585546e+02	4.189331e+02	8.875893e-11	3.969420e-11	3.969420e-11
4.189331e+02	4.894790e+02	3.038663e-11	2.148660e-11	2.148660e-11
4.894790e+02	5.719043e+02	1.300360e-11	1.300360e-11	1.300360e-11
5.719043e+02	6.682097e+02	0.000000e+00	0.000000e+00	0.000000e+00
6.682097e+02	7.807322e+02	0.000000e+00	0.000000e+00	0.000000e+00
7.807322e+02	9.122030e+02	0.000000e+00	0.000000e+00	0.000000e+00
9.122030e+02	1.065813e+03	0.000000e+00	0.000000e+00	0.000000e+00
1.065813e+03	1.245289e+03	0.000000e+00	0.000000e+00	0.000000e+00
1.245289e+03	1.454988e+03	0.000000e+00	0.000000e+00	0.000000e+00
1.454988e+03	1.700000e+03	0.000000e+00	0.000000e+00	0.000000e+00
# END HISTO1D


# BEGIN HISTO1D //ospool/cms-user/youpeng/genvalid/genValidation/mg352VBS_merged.yoda.gz/MC_ZZJETS:ENERGY=13600/jet_pT_3
ErrorBars=1
LineColor=blue
LineStyle=solid
Path=//ospool/cms-user/youpeng/genvalid/genValidation/mg352VBS_merged.yoda.gz/MC_ZZJETS:ENERGY=13600/jet_pT_3
ScaledBy=1.07425781250000051e-09
Title=VBSZZ@LO(v352)
# xlow	 xhigh	 val	 errminus	 errplus
1.000000e+01	1.168394e+01	0.000000e+00	0.000000e+00	0.000000e+00
1.168394e+01	1.365145e+01	0.000000e+00	0.000000e+00	0.000000e+00
1.365145e+01	1.595027e+01	0.000000e+00	0.000000e+00	0.000000e+00
1.595027e+01	1.863620e+01	0.000000e+00	0.000000e+00	0.000000e+00
1.863620e+01	2.177443e+01	1.239174e-06	2.059577e-08	2.059577e-08
2.177443e+01	2.544112e+01	1.801812e-06	2.297587e-08	2.297587e-08
2.544112e+01	2.972525e+01	1.490726e-06	1.933400e-08	1.933400e-08
2.972525e+01	3.473081e+01	1.238102e-06	1.630069e-08	1.630069e-08
3.473081e+01	4.057927e+01	1.017416e-06	1.367045e-08	1.367045e-08
4.057927e+01	4.741258e+01	7.511446e-07	1.086677e-08	1.086677e-08
4.741258e+01	5.539658e+01	5.579843e-07	8.664730e-09	8.664730e-09
5.539658e+01	6.472504e+01	3.936141e-07	6.732628e-09	6.732628e-09
6.472504e+01	7.562436e+01	2.688769e-07	5.147914e-09	5.147914e-09
7.562436e+01	8.835905e+01	1.758840e-07	3.851884e-09	3.851884e-09
8.835905e+01	1.032382e+02	1.126302e-07	2.851627e-09	2.851627e-09
1.032382e+02	1.206229e+02	6.506831e-08	2.005190e-09	2.005190e-09
1.206229e+02	1.409351e+02	4.246852e-08	1.498681e-09	1.498681e-09
1.409351e+02	1.646677e+02	2.122932e-08	9.802788e-10	9.802788e-10
1.646677e+02	1.923968e+02	1.243592e-08	6.941052e-10	6.941052e-10
1.923968e+02	2.247953e+02	6.532055e-09	4.653897e-10	4.653897e-10
2.247953e+02	2.626495e+02	2.440579e-09	2.631744e-10	2.631744e-10
2.626495e+02	3.068781e+02	1.505903e-09	1.912499e-10	1.912499e-10
3.068781e+02	3.585546e+02	2.286695e-10	6.894643e-11	6.894643e-11
3.585546e+02	4.189331e+02	2.668809e-10	6.890835e-11	6.890835e-11
4.189331e+02	4.894790e+02	4.568335e-11	2.637530e-11	2.637530e-11
4.894790e+02	5.719043e+02	1.303311e-11	1.303311e-11	1.303311e-11
5.719043e+02	6.682097e+02	1.115470e-11	1.115470e-11	1.115470e-11
6.682097e+02	7.807322e+02	0.000000e+00	0.000000e+00	0.000000e+00
7.807322e+02	9.122030e+02	0.000000e+00	0.000000e+00	0.000000e+00
9.122030e+02	1.065813e+03	0.000000e+00	0.000000e+00	0.000000e+00
1.065813e+03	1.245289e+03	0.000000e+00	0.000000e+00	0.000000e+00
1.245289e+03	1.454988e+03	0.000000e+00	0.000000e+00	0.000000e+00
1.454988e+03	1.700000e+03	0.000000e+00	0.000000e+00	0.000000e+00
# END HISTO1D


# BEGIN HISTO1D //ospool/cms-user/youpeng/genvalid/genValidation/mg35xVBS_merged.yoda.gz/MC_ZZJETS:ENERGY=13600/jet_pT_3
ErrorBars=1
LineColor=green
LineStyle=solid
Path=//ospool/cms-user/youpeng/genvalid/genValidation/mg35xVBS_merged.yoda.gz/MC_ZZJETS:ENERGY=13600/jet_pT_3
ScaledBy=5.51937791219804204e-10
Title=VBSZZ@LO(v35x)
# xlow	 xhigh	 val	 errminus	 errplus
1.000000e+01	1.168394e+01	0.000000e+00	0.000000e+00	0.000000e+00
1.168394e+01	1.365145e+01	0.000000e+00	0.000000e+00	0.000000e+00
1.365145e+01	1.595027e+01	0.000000e+00	0.000000e+00	0.000000e+00
1.595027e+01	1.863620e+01	0.000000e+00	0.000000e+00	0.000000e+00
1.863620e+01	2.177443e+01	6.155642e-07	1.040494e-08	1.040494e-08
2.177443e+01	2.544112e+01	9.427538e-07	1.191262e-08	1.191262e-08
2.544112e+01	2.972525e+01	7.869126e-07	1.006878e-08	1.006878e-08
2.972525e+01	3.473081e+01	6.259741e-07	8.308009e-09	8.308009e-09
3.473081e+01	4.057927e+01	4.853613e-07	6.767945e-09	6.767945e-09
4.057927e+01	4.741258e+01	3.648456e-07	5.428553e-09	5.428553e-09
4.741258e+01	5.539658e+01	2.729271e-07	4.343683e-09	4.343683e-09
5.539658e+01	6.472504e+01	2.041856e-07	3.475784e-09	3.475784e-09
6.472504e+01	7.562436e+01	1.382969e-07	2.646376e-09	2.646376e-09
7.562436e+01	8.835905e+01	9.270701e-08	2.004505e-09	2.004505e-09
8.835905e+01	1.032382e+02	5.720005e-08	1.456647e-09	1.456647e-09
1.032382e+02	1.206229e+02	3.581228e-08	1.066295e-09	1.066295e-09
1.206229e+02	1.409351e+02	1.991761e-08	7.356736e-10	7.356736e-10
1.409351e+02	1.646677e+02	1.107011e-08	5.073974e-10	5.073974e-10
1.646677e+02	1.923968e+02	6.767576e-09	3.670234e-10	3.670234e-10
1.923968e+02	2.247953e+02	3.066463e-09	2.285607e-10	2.285607e-10
2.247953e+02	2.626495e+02	1.326837e-09	1.390903e-10	1.390903e-10
2.626495e+02	3.068781e+02	4.367721e-10	7.382799e-11	7.382799e-11
3.068781e+02	3.585546e+02	3.310996e-10	5.946725e-11	5.946725e-11
3.585546e+02	4.189331e+02	9.141297e-11	2.890732e-11	2.890732e-11
4.189331e+02	4.894790e+02	1.564763e-11	1.106454e-11	1.106454e-11
4.894790e+02	5.719043e+02	2.678487e-11	1.339243e-11	1.339243e-11
5.719043e+02	6.682097e+02	0.000000e+00	0.000000e+00	0.000000e+00
6.682097e+02	7.807322e+02	0.000000e+00	0.000000e+00	0.000000e+00
7.807322e+02	9.122030e+02	0.000000e+00	0.000000e+00	0.000000e+00
9.122030e+02	1.065813e+03	0.000000e+00	0.000000e+00	0.000000e+00
1.065813e+03	1.245289e+03	0.000000e+00	0.000000e+00	0.000000e+00
1.245289e+03	1.454988e+03	0.000000e+00	0.000000e+00	0.000000e+00
1.454988e+03	1.700000e+03	0.000000e+00	0.000000e+00	0.000000e+00
# END HISTO1D

