# BEGIN PLOT
Legend=1
LogY=1
Title=Rapidity of second jet
XLabel=$y(\mathrm{jet~2})$
YLabel=$\mathrm{d}\sigma/\mathrm{d}y(\mathrm{jet~2})$ [pb]
RemoveOptions=1
DrawOnly=//ospool/cms-user/youpeng/genvalid/genValidation/masterVBS_merged.yoda.gz/MC_ZZJETS:ENERGY=13600/jet_y_2 //ospool/cms-user/youpeng/genvalid/genValidation/mg352VBS_merged.yoda.gz/MC_ZZJETS:ENERGY=13600/jet_y_2 //ospool/cms-user/youpeng/genvalid/genValidation/mg35xVBS_merged.yoda.gz/MC_ZZJETS:ENERGY=13600/jet_y_2
LegendOnly=//ospool/cms-user/youpeng/genvalid/genValidation/masterVBS_merged.yoda.gz/MC_ZZJETS:ENERGY=13600/jet_y_2 //ospool/cms-user/youpeng/genvalid/genValidation/mg352VBS_merged.yoda.gz/MC_ZZJETS:ENERGY=13600/jet_y_2 //ospool/cms-user/youpeng/genvalid/genValidation/mg35xVBS_merged.yoda.gz/MC_ZZJETS:ENERGY=13600/jet_y_2
RatioPlot=1
RatioPlotReference=//ospool/cms-user/youpeng/genvalid/genValidation/masterVBS_merged.yoda.gz/MC_ZZJETS:ENERGY=13600/jet_y_2
RatioPlotYLabel=Ratio
# END PLOT

# BEGIN HISTO1D //ospool/cms-user/youpeng/genvalid/genValidation/masterVBS_merged.yoda.gz/MC_ZZJETS:ENERGY=13600/jet_y_2
ErrorBars=1
LineColor=red
LineStyle=solid
Path=//ospool/cms-user/youpeng/genvalid/genValidation/masterVBS_merged.yoda.gz/MC_ZZJETS:ENERGY=13600/jet_y_2
ScaledBy=1.07182617187499956e-09
Title=VBSZZ@LO(v2918)
# xlow	 xhigh	 val	 errminus	 errplus
-5.000000e+00	-4.800000e+00	1.002157e-06	7.328501e-08	7.328501e-08
-4.800000e+00	-4.600000e+00	1.521993e-06	9.031368e-08	9.031368e-08
-4.600000e+00	-4.400000e+00	2.309786e-06	1.112584e-07	1.112584e-07
-4.400000e+00	-4.200000e+00	3.788905e-06	1.424965e-07	1.424965e-07
-4.200000e+00	-4.000000e+00	5.026865e-06	1.641329e-07	1.641329e-07
-4.000000e+00	-3.800000e+00	6.806095e-06	1.909836e-07	1.909836e-07
-3.800000e+00	-3.600000e+00	8.890800e-06	2.182818e-07	2.182818e-07
-3.600000e+00	-3.400000e+00	1.065931e-05	2.390076e-07	2.390076e-07
-3.400000e+00	-3.200000e+00	1.265291e-05	2.604008e-07	2.604008e-07
-3.200000e+00	-3.000000e+00	1.515026e-05	2.849425e-07	2.849425e-07
-3.000000e+00	-2.800000e+00	1.594341e-05	2.923061e-07	2.923061e-07
-2.800000e+00	-2.600000e+00	1.741182e-05	3.054705e-07	3.054705e-07
-2.600000e+00	-2.400000e+00	1.755651e-05	3.067371e-07	3.067371e-07
-2.400000e+00	-2.200000e+00	1.832287e-05	3.133603e-07	3.133603e-07
-2.200000e+00	-2.000000e+00	1.720817e-05	3.036788e-07	3.036788e-07
-2.000000e+00	-1.800000e+00	1.671513e-05	2.992968e-07	2.992968e-07
-1.800000e+00	-1.600000e+00	1.625961e-05	2.951904e-07	2.951904e-07
-1.600000e+00	-1.400000e+00	1.584159e-05	2.913712e-07	2.913712e-07
-1.400000e+00	-1.200000e+00	1.396590e-05	2.735782e-07	2.735782e-07
-1.200000e+00	-1.000000e+00	1.327993e-05	2.667750e-07	2.667750e-07
-1.000000e+00	-8.000000e-01	1.222954e-05	2.560072e-07	2.560072e-07
-8.000000e-01	-6.000000e-01	1.160787e-05	2.494156e-07	2.494156e-07
-6.000000e-01	-4.000000e-01	1.127561e-05	2.458200e-07	2.458200e-07
-4.000000e-01	-2.000000e-01	1.058964e-05	2.382253e-07	2.382253e-07
-2.000000e-01	0.000000e+00	1.012875e-05	2.329835e-07	2.329835e-07
0.000000e+00	2.000000e-01	1.047710e-05	2.369560e-07	2.369560e-07
2.000000e-01	4.000000e-01	1.015556e-05	2.332915e-07	2.332915e-07
4.000000e-01	6.000000e-01	1.072898e-05	2.397874e-07	2.397874e-07
6.000000e-01	8.000000e-01	1.157572e-05	2.490699e-07	2.490699e-07
8.000000e-01	1.000000e+00	1.187048e-05	2.522210e-07	2.522210e-07
1.000000e+00	1.200000e+00	1.360684e-05	2.700385e-07	2.700385e-07
1.200000e+00	1.400000e+00	1.450717e-05	2.788293e-07	2.788293e-07
1.400000e+00	1.600000e+00	1.501092e-05	2.836292e-07	2.836292e-07
1.600000e+00	1.800000e+00	1.661331e-05	2.983838e-07	2.983838e-07
1.800000e+00	2.000000e+00	1.695629e-05	3.014481e-07	3.014481e-07
2.000000e+00	2.200000e+00	1.744397e-05	3.057524e-07	3.057524e-07
2.200000e+00	2.400000e+00	1.843005e-05	3.142754e-07	3.142754e-07
2.400000e+00	2.600000e+00	1.740110e-05	3.053764e-07	3.053764e-07
2.600000e+00	2.800000e+00	1.681696e-05	3.002070e-07	3.002070e-07
2.800000e+00	3.000000e+00	1.582015e-05	2.911740e-07	2.911740e-07
3.000000e+00	3.200000e+00	1.410523e-05	2.749396e-07	2.749396e-07
3.200000e+00	3.400000e+00	1.330137e-05	2.669902e-07	2.669902e-07
3.400000e+00	3.600000e+00	1.105053e-05	2.433541e-07	2.433541e-07
3.600000e+00	3.800000e+00	8.547815e-06	2.140300e-07	2.140300e-07
3.800000e+00	4.000000e+00	7.090130e-06	1.949280e-07	1.949280e-07
4.000000e+00	4.200000e+00	5.310900e-06	1.687063e-07	1.687063e-07
4.200000e+00	4.400000e+00	3.767469e-06	1.420928e-07	1.420928e-07
4.400000e+00	4.600000e+00	2.459841e-06	1.148155e-07	1.148155e-07
4.600000e+00	4.800000e+00	1.554148e-06	9.126271e-08	9.126271e-08
4.800000e+00	5.000000e+00	1.055749e-06	7.521898e-08	7.521898e-08
# END HISTO1D


# BEGIN HISTO1D //ospool/cms-user/youpeng/genvalid/genValidation/mg352VBS_merged.yoda.gz/MC_ZZJETS:ENERGY=13600/jet_y_2
ErrorBars=1
LineColor=blue
LineStyle=solid
Path=//ospool/cms-user/youpeng/genvalid/genValidation/mg352VBS_merged.yoda.gz/MC_ZZJETS:ENERGY=13600/jet_y_2
ScaledBy=1.07425781250000051e-09
Title=VBSZZ@LO(v352)
# xlow	 xhigh	 val	 errminus	 errplus
-5.000000e+00	-4.800000e+00	7.304955e-07	6.263946e-08	6.263946e-08
-4.800000e+00	-4.600000e+00	1.326708e-06	8.441644e-08	8.441644e-08
-4.600000e+00	-4.400000e+00	2.121659e-06	1.067523e-07	1.067523e-07
-4.400000e+00	-4.200000e+00	3.287229e-06	1.328784e-07	1.328784e-07
-4.200000e+00	-4.000000e+00	4.818046e-06	1.608699e-07	1.608699e-07
-4.000000e+00	-3.800000e+00	6.751710e-06	1.904348e-07	1.904348e-07
-3.800000e+00	-3.600000e+00	8.755200e-06	2.168565e-07	2.168565e-07
-3.600000e+00	-3.400000e+00	1.089834e-05	2.419466e-07	2.419466e-07
-3.400000e+00	-3.200000e+00	1.230025e-05	2.570374e-07	2.570374e-07
-3.200000e+00	-3.000000e+00	1.476567e-05	2.816216e-07	2.816216e-07
-3.000000e+00	-2.800000e+00	1.579696e-05	2.912903e-07	2.912903e-07
-2.800000e+00	-2.600000e+00	1.723647e-05	3.042730e-07	3.042730e-07
-2.600000e+00	-2.400000e+00	1.799382e-05	3.108858e-07	3.108858e-07
-2.400000e+00	-2.200000e+00	1.755875e-05	3.071044e-07	3.071044e-07
-2.200000e+00	-2.000000e+00	1.802067e-05	3.111177e-07	3.111177e-07
-2.000000e+00	-1.800000e+00	1.705922e-05	3.027044e-07	3.027044e-07
-1.800000e+00	-1.600000e+00	1.672083e-05	2.996871e-07	2.996871e-07
-1.600000e+00	-1.400000e+00	1.567342e-05	2.901491e-07	2.901491e-07
-1.400000e+00	-1.200000e+00	1.395998e-05	2.738304e-07	2.738304e-07
-1.200000e+00	-1.000000e+00	1.347120e-05	2.689938e-07	2.689938e-07
-1.000000e+00	-8.000000e-01	1.221431e-05	2.561379e-07	2.561379e-07
-8.000000e-01	-6.000000e-01	1.193500e-05	2.531923e-07	2.531923e-07
-6.000000e-01	-4.000000e-01	1.073184e-05	2.400912e-07	2.400912e-07
-4.000000e-01	-2.000000e-01	1.051162e-05	2.376150e-07	2.376150e-07
-2.000000e-01	0.000000e+00	1.026453e-05	2.348058e-07	2.348058e-07
0.000000e+00	2.000000e-01	1.039344e-05	2.362757e-07	2.362757e-07
2.000000e-01	4.000000e-01	1.010876e-05	2.330174e-07	2.330174e-07
4.000000e-01	6.000000e-01	1.029139e-05	2.351128e-07	2.351128e-07
6.000000e-01	8.000000e-01	1.206928e-05	2.546127e-07	2.546127e-07
8.000000e-01	1.000000e+00	1.259568e-05	2.601057e-07	2.601057e-07
1.000000e+00	1.200000e+00	1.322412e-05	2.665155e-07	2.665155e-07
1.200000e+00	1.400000e+00	1.463677e-05	2.803895e-07	2.803895e-07
1.400000e+00	1.600000e+00	1.530280e-05	2.866981e-07	2.866981e-07
1.600000e+00	1.800000e+00	1.640929e-05	2.968822e-07	2.968822e-07
1.800000e+00	2.000000e+00	1.710219e-05	3.030854e-07	3.030854e-07
2.000000e+00	2.200000e+00	1.862226e-05	3.162681e-07	3.162681e-07
2.200000e+00	2.400000e+00	1.837518e-05	3.141630e-07	3.141630e-07
2.400000e+00	2.600000e+00	1.776285e-05	3.088842e-07	3.088842e-07
2.600000e+00	2.800000e+00	1.724721e-05	3.043678e-07	3.043678e-07
2.800000e+00	3.000000e+00	1.623740e-05	2.953232e-07	2.953232e-07
3.000000e+00	3.200000e+00	1.447562e-05	2.788418e-07	2.788418e-07
3.200000e+00	3.400000e+00	1.236471e-05	2.577100e-07	2.577100e-07
3.400000e+00	3.600000e+00	1.015173e-05	2.335121e-07	2.335121e-07
3.600000e+00	3.800000e+00	8.497380e-06	2.136396e-07	2.136396e-07
3.800000e+00	4.000000e+00	6.891365e-06	1.923941e-07	1.923941e-07
4.000000e+00	4.200000e+00	5.161810e-06	1.665100e-07	1.665100e-07
4.200000e+00	4.400000e+00	3.195917e-06	1.310198e-07	1.310198e-07
4.400000e+00	4.600000e+00	2.486907e-06	1.155764e-07	1.155764e-07
4.600000e+00	4.800000e+00	1.654357e-06	9.426574e-08	9.426574e-08
4.800000e+00	5.000000e+00	1.036659e-06	7.462034e-08	7.462034e-08
# END HISTO1D


# BEGIN HISTO1D //ospool/cms-user/youpeng/genvalid/genValidation/mg35xVBS_merged.yoda.gz/MC_ZZJETS:ENERGY=13600/jet_y_2
ErrorBars=1
LineColor=green
LineStyle=solid
Path=//ospool/cms-user/youpeng/genvalid/genValidation/mg35xVBS_merged.yoda.gz/MC_ZZJETS:ENERGY=13600/jet_y_2
ScaledBy=5.51937791219804204e-10
Title=VBSZZ@LO(v35x)
# xlow	 xhigh	 val	 errminus	 errplus
-5.000000e+00	-4.800000e+00	4.139533e-07	3.379915e-08	3.379915e-08
-4.800000e+00	-4.600000e+00	7.230385e-07	4.466947e-08	4.466947e-08
-4.600000e+00	-4.400000e+00	1.228062e-06	5.821570e-08	5.821570e-08
-4.400000e+00	-4.200000e+00	1.802077e-06	7.052072e-08	7.052072e-08
-4.200000e+00	-4.000000e+00	2.442324e-06	8.209785e-08	8.209785e-08
-4.000000e+00	-3.800000e+00	3.405456e-06	9.694328e-08	9.694328e-08
-3.800000e+00	-3.600000e+00	4.443099e-06	1.107320e-07	1.107320e-07
-3.600000e+00	-3.400000e+00	5.370355e-06	1.217395e-07	1.217395e-07
-3.400000e+00	-3.200000e+00	6.294850e-06	1.318022e-07	1.318022e-07
-3.200000e+00	-3.000000e+00	7.164155e-06	1.406088e-07	1.406088e-07
-3.000000e+00	-2.800000e+00	8.047255e-06	1.490232e-07	1.490232e-07
-2.800000e+00	-2.600000e+00	8.693020e-06	1.548872e-07	1.548872e-07
-2.600000e+00	-2.400000e+00	9.220120e-06	1.595139e-07	1.595139e-07
-2.400000e+00	-2.200000e+00	8.869640e-06	1.564527e-07	1.564527e-07
-2.200000e+00	-2.000000e+00	8.723375e-06	1.551574e-07	1.551574e-07
-2.000000e+00	-1.800000e+00	8.615750e-06	1.541972e-07	1.541972e-07
-1.800000e+00	-1.600000e+00	8.094170e-06	1.494570e-07	1.494570e-07
-1.600000e+00	-1.400000e+00	7.906510e-06	1.477143e-07	1.477143e-07
-1.400000e+00	-1.200000e+00	7.371130e-06	1.426255e-07	1.426255e-07
-1.200000e+00	-1.000000e+00	6.755720e-06	1.365419e-07	1.365419e-07
-1.000000e+00	-8.000000e-01	6.187225e-06	1.306706e-07	1.306706e-07
-8.000000e-01	-6.000000e-01	6.027160e-06	1.289693e-07	1.289693e-07
-6.000000e-01	-4.000000e-01	5.312400e-06	1.210809e-07	1.210809e-07
-4.000000e-01	-2.000000e-01	5.461425e-06	1.227674e-07	1.227674e-07
-2.000000e-01	0.000000e+00	5.229610e-06	1.201337e-07	1.201337e-07
0.000000e+00	2.000000e-01	4.917765e-06	1.164968e-07	1.164968e-07
2.000000e-01	4.000000e-01	5.251690e-06	1.203870e-07	1.203870e-07
4.000000e-01	6.000000e-01	5.320680e-06	1.211752e-07	1.211752e-07
6.000000e-01	8.000000e-01	5.869860e-06	1.272752e-07	1.272752e-07
8.000000e-01	1.000000e+00	6.344525e-06	1.323213e-07	1.323213e-07
1.000000e+00	1.200000e+00	7.095160e-06	1.399301e-07	1.399301e-07
1.200000e+00	1.400000e+00	7.329735e-06	1.422244e-07	1.422244e-07
1.400000e+00	1.600000e+00	7.881670e-06	1.474821e-07	1.474821e-07
1.600000e+00	1.800000e+00	8.226635e-06	1.506750e-07	1.506750e-07
1.800000e+00	2.000000e+00	8.861360e-06	1.563797e-07	1.563797e-07
2.000000e+00	2.200000e+00	8.933115e-06	1.570115e-07	1.570115e-07
2.200000e+00	2.400000e+00	8.919315e-06	1.568902e-07	1.568902e-07
2.400000e+00	2.600000e+00	9.261515e-06	1.598715e-07	1.598715e-07
2.600000e+00	2.800000e+00	8.582635e-06	1.539006e-07	1.539006e-07
2.800000e+00	3.000000e+00	8.102445e-06	1.495334e-07	1.495334e-07
3.000000e+00	3.200000e+00	7.177950e-06	1.407441e-07	1.407441e-07
3.200000e+00	3.400000e+00	6.377640e-06	1.326661e-07	1.326661e-07
3.400000e+00	3.600000e+00	5.599410e-06	1.243086e-07	1.243086e-07
3.600000e+00	3.800000e+00	4.407224e-06	1.102840e-07	1.102840e-07
3.800000e+00	4.000000e+00	3.380619e-06	9.658912e-08	9.658912e-08
4.000000e+00	4.200000e+00	2.599627e-06	8.470043e-08	8.470043e-08
4.200000e+00	4.400000e+00	1.835193e-06	7.116574e-08	7.116574e-08
4.400000e+00	4.600000e+00	1.272217e-06	5.925304e-08	5.925304e-08
4.600000e+00	4.800000e+00	7.451160e-07	4.534632e-08	4.534632e-08
4.800000e+00	5.000000e+00	4.525890e-07	3.534126e-08	3.534126e-08
# END HISTO1D

