# BEGIN PLOT
Legend=1
LogY=1
Title=Transverse momentum of leading jet
XLabel=$p_\perp(\mathrm{jet~1})$ [GeV]
YLabel=$\mathrm{d}\sigma/\mathrm{d}p_\perp(\mathrm{jet~1})$ [pb/GeV]
LogX=1
LegendXPos=0.05
LegendYPos=0.5
XMin=20.0
RemoveOptions=1
DrawOnly=//eos/home-y/youpeng/valid/genValidation/masterVBS_merged.yoda.gz/MC_ZZJETS:ENERGY=13600/jet_pT_1 //eos/home-y/youpeng/valid/genValidation/mg352VBS_merged.yoda.gz/MC_ZZJETS:ENERGY=13600/jet_pT_1 //eos/home-y/youpeng/valid/genValidation/mg35xVBS_merged.yoda.gz/MC_ZZJETS:ENERGY=13600/jet_pT_1
LegendOnly=//eos/home-y/youpeng/valid/genValidation/masterVBS_merged.yoda.gz/MC_ZZJETS:ENERGY=13600/jet_pT_1 //eos/home-y/youpeng/valid/genValidation/mg352VBS_merged.yoda.gz/MC_ZZJETS:ENERGY=13600/jet_pT_1 //eos/home-y/youpeng/valid/genValidation/mg35xVBS_merged.yoda.gz/MC_ZZJETS:ENERGY=13600/jet_pT_1
RatioPlot=1
RatioPlotReference=//eos/home-y/youpeng/valid/genValidation/masterVBS_merged.yoda.gz/MC_ZZJETS:ENERGY=13600/jet_pT_1
RatioPlotYLabel=Ratio
# END PLOT

# BEGIN HISTO1D //eos/home-y/youpeng/valid/genValidation/masterVBS_merged.yoda.gz/MC_ZZJETS:ENERGY=13600/jet_pT_1
ErrorBars=1
LineColor=red
LineStyle=solid
Path=//eos/home-y/youpeng/valid/genValidation/masterVBS_merged.yoda.gz/MC_ZZJETS:ENERGY=13600/jet_pT_1
ScaledBy=1.07182617187499956e-09
Title=VBSZZ@LO(v2918)
# xlow	 xhigh	 val	 errminus	 errplus
1.000000e+01	1.060022e+01	0.000000e+00	0.000000e+00	0.000000e+00
1.060022e+01	1.123646e+01	0.000000e+00	0.000000e+00	0.000000e+00
1.123646e+01	1.191089e+01	0.000000e+00	0.000000e+00	0.000000e+00
1.191089e+01	1.262581e+01	0.000000e+00	0.000000e+00	0.000000e+00
1.262581e+01	1.338363e+01	0.000000e+00	0.000000e+00	0.000000e+00
1.338363e+01	1.418694e+01	0.000000e+00	0.000000e+00	0.000000e+00
1.418694e+01	1.503847e+01	0.000000e+00	0.000000e+00	0.000000e+00
1.503847e+01	1.594110e+01	0.000000e+00	0.000000e+00	0.000000e+00
1.594110e+01	1.689791e+01	0.000000e+00	0.000000e+00	0.000000e+00
1.689791e+01	1.791216e+01	0.000000e+00	0.000000e+00	0.000000e+00
1.791216e+01	1.898728e+01	0.000000e+00	0.000000e+00	0.000000e+00
1.898728e+01	2.012693e+01	3.761949e-09	1.880974e-09	1.880974e-09
2.012693e+01	2.133498e+01	1.508302e-08	3.658170e-09	3.658170e-09
2.133498e+01	2.261554e+01	2.343594e-08	4.428977e-09	4.428977e-09
2.261554e+01	2.397297e+01	3.869038e-08	5.527197e-09	5.527197e-09
2.397297e+01	2.541187e+01	3.277528e-08	4.941060e-09	4.941060e-09
2.541187e+01	2.693714e+01	5.481157e-08	6.206188e-09	6.206188e-09
2.693714e+01	2.855395e+01	4.176437e-08	5.261816e-09	5.261816e-09
2.855395e+01	3.026781e+01	7.692262e-08	6.935880e-09	6.935880e-09
3.026781e+01	3.208454e+01	7.551684e-08	6.674812e-09	6.674812e-09
3.208454e+01	3.401031e+01	9.628663e-08	7.320539e-09	7.320539e-09
3.401031e+01	3.605167e+01	1.071112e-07	7.499284e-09	7.499284e-09
3.605167e+01	3.821555e+01	1.238315e-07	7.831792e-09	7.831792e-09
3.821555e+01	4.050932e+01	1.499959e-07	8.371957e-09	8.371957e-09
4.050932e+01	4.294076e+01	1.811768e-07	8.936794e-09	8.936794e-09
4.294076e+01	4.551814e+01	1.991964e-07	9.101514e-09	9.101514e-09
4.551814e+01	4.825022e+01	2.338176e-07	9.577543e-09	9.577543e-09
4.825022e+01	5.114629e+01	2.572173e-07	9.756807e-09	9.756807e-09
5.114629e+01	5.421618e+01	2.800115e-07	9.887551e-09	9.887551e-09
5.421618e+01	5.747033e+01	3.129035e-07	1.015193e-08	1.015193e-08
5.747033e+01	6.091980e+01	3.588838e-07	1.055998e-08	1.055998e-08
6.091980e+01	6.457631e+01	3.734454e-07	1.046267e-08	1.046267e-08
6.457631e+01	6.845230e+01	4.277914e-07	1.087644e-08	1.087644e-08
6.845230e+01	7.256093e+01	4.458301e-07	1.078446e-08	1.078446e-08
7.256093e+01	7.691616e+01	4.806352e-07	1.087588e-08	1.087588e-08
7.691616e+01	8.153281e+01	4.926548e-07	1.069474e-08	1.069474e-08
8.153281e+01	8.642655e+01	5.282759e-07	1.075653e-08	1.075653e-08
8.642655e+01	9.161403e+01	5.291484e-07	1.045617e-08	1.045617e-08
9.161403e+01	9.711287e+01	5.594163e-07	1.044225e-08	1.044225e-08
9.711287e+01	1.029418e+02	5.713165e-07	1.024958e-08	1.024958e-08
1.029418e+02	1.091205e+02	5.786997e-07	1.001937e-08	1.001937e-08
1.091205e+02	1.156701e+02	5.799670e-07	9.742186e-09	9.742186e-09
1.156701e+02	1.226128e+02	5.605602e-07	9.302701e-09	9.302701e-09
1.226128e+02	1.299723e+02	5.486200e-07	8.938689e-09	8.938689e-09
1.299723e+02	1.377734e+02	5.280061e-07	8.517335e-09	8.517335e-09
1.377734e+02	1.460429e+02	5.119672e-07	8.145986e-09	8.145986e-09
1.460429e+02	1.548086e+02	4.943579e-07	7.774807e-09	7.774807e-09
1.548086e+02	1.641005e+02	4.818194e-07	7.455076e-09	7.455076e-09
1.641005e+02	1.739501e+02	4.425679e-07	6.939735e-09	6.939735e-09
1.739501e+02	1.843909e+02	4.196637e-07	6.563659e-09	6.563659e-09
1.843909e+02	1.954584e+02	3.884432e-07	6.133398e-09	6.133398e-09
1.954584e+02	2.071901e+02	3.532951e-07	5.681336e-09	5.681336e-09
2.071901e+02	2.196260e+02	3.186373e-07	5.240490e-09	5.240490e-09
2.196260e+02	2.328084e+02	2.872589e-07	4.832832e-09	4.832832e-09
2.328084e+02	2.467820e+02	2.586447e-07	4.454099e-09	4.454099e-09
2.467820e+02	2.615942e+02	2.328578e-07	4.104855e-09	4.104855e-09
2.615942e+02	2.772956e+02	1.971438e-07	3.668467e-09	3.668467e-09
2.772956e+02	2.939394e+02	1.769011e-07	3.375213e-09	3.375213e-09
2.939394e+02	3.115821e+02	1.495710e-07	3.014417e-09	3.014417e-09
3.115821e+02	3.302839e+02	1.234488e-07	2.659891e-09	2.659891e-09
3.302839e+02	3.501081e+02	1.044025e-07	2.375855e-09	2.375855e-09
3.501081e+02	3.711222e+02	8.900391e-08	2.130646e-09	2.130646e-09
3.711222e+02	3.933976e+02	7.669856e-08	1.921069e-09	1.921069e-09
3.933976e+02	4.170100e+02	6.395805e-08	1.703883e-09	1.703883e-09
4.170100e+02	4.420397e+02	5.014475e-08	1.465369e-09	1.465369e-09
4.420397e+02	4.685717e+02	4.225577e-08	1.306533e-09	1.306533e-09
4.685717e+02	4.966962e+02	3.437527e-08	1.144571e-09	1.144571e-09
4.966962e+02	5.265088e+02	2.732361e-08	9.911315e-10	9.911315e-10
5.265088e+02	5.581108e+02	2.326665e-08	8.883249e-10	8.883249e-10
5.581108e+02	5.916096e+02	1.686187e-08	7.345146e-10	7.345146e-10
5.916096e+02	6.271191e+02	1.472989e-08	6.667910e-10	6.667910e-10
6.271191e+02	6.647599e+02	1.079207e-08	5.543514e-10	5.543514e-10
6.647599e+02	7.046600e+02	8.730392e-09	4.842750e-10	4.842750e-10
7.046600e+02	7.469549e+02	6.107358e-09	3.934095e-10	3.934095e-10
7.469549e+02	7.917885e+02	4.661818e-09	3.338397e-10	3.338397e-10
7.917885e+02	8.393131e+02	2.977008e-09	2.591152e-10	2.591152e-10
8.393131e+02	8.896901e+02	2.106334e-09	2.116945e-10	2.116945e-10
8.896901e+02	9.430909e+02	1.966993e-09	1.986962e-10	1.986962e-10
9.430909e+02	9.996969e+02	1.192896e-09	1.502907e-10	1.502907e-10
9.996969e+02	1.059700e+03	8.574167e-10	1.237574e-10	1.237574e-10
1.059700e+03	1.123306e+03	5.560837e-10	9.680175e-11	9.680175e-11
1.123306e+03	1.190728e+03	3.338428e-10	7.285048e-11	7.285048e-11
1.190728e+03	1.262198e+03	2.099562e-10	5.611314e-11	5.611314e-11
1.262198e+03	1.337957e+03	2.546611e-10	6.002419e-11	6.002419e-11
1.337957e+03	1.418264e+03	1.735059e-10	4.812189e-11	4.812189e-11
1.418264e+03	1.503391e+03	8.813635e-11	3.331241e-11	3.331241e-11
1.503391e+03	1.593627e+03	7.126820e-11	2.909512e-11	2.909512e-11
1.593627e+03	1.689279e+03	1.120547e-11	1.120547e-11	1.120547e-11
1.689279e+03	1.790673e+03	2.114180e-11	1.494952e-11	1.494952e-11
1.790673e+03	1.898152e+03	1.994485e-11	1.410314e-11	1.410314e-11
1.898152e+03	2.012083e+03	1.881535e-11	1.330447e-11	1.330447e-11
2.012083e+03	2.132851e+03	8.875083e-12	8.875083e-12	8.875083e-12
2.132851e+03	2.260869e+03	0.000000e+00	0.000000e+00	0.000000e+00
2.260869e+03	2.396570e+03	0.000000e+00	0.000000e+00	0.000000e+00
2.396570e+03	2.540417e+03	7.451153e-12	7.451153e-12	7.451153e-12
2.540417e+03	2.692897e+03	0.000000e+00	0.000000e+00	0.000000e+00
2.692897e+03	2.854530e+03	0.000000e+00	0.000000e+00	0.000000e+00
2.854530e+03	3.025864e+03	0.000000e+00	0.000000e+00	0.000000e+00
3.025864e+03	3.207481e+03	0.000000e+00	0.000000e+00	0.000000e+00
3.207481e+03	3.400000e+03	0.000000e+00	0.000000e+00	0.000000e+00
# END HISTO1D


# BEGIN HISTO1D //eos/home-y/youpeng/valid/genValidation/mg352VBS_merged.yoda.gz/MC_ZZJETS:ENERGY=13600/jet_pT_1
ErrorBars=1
LineColor=blue
LineStyle=solid
Path=//eos/home-y/youpeng/valid/genValidation/mg352VBS_merged.yoda.gz/MC_ZZJETS:ENERGY=13600/jet_pT_1
ScaledBy=1.07425781250000051e-09
Title=VBSZZ@LO(v352)
# xlow	 xhigh	 val	 errminus	 errplus
1.000000e+01	1.060022e+01	0.000000e+00	0.000000e+00	0.000000e+00
1.060022e+01	1.123646e+01	0.000000e+00	0.000000e+00	0.000000e+00
1.123646e+01	1.191089e+01	0.000000e+00	0.000000e+00	0.000000e+00
1.191089e+01	1.262581e+01	0.000000e+00	0.000000e+00	0.000000e+00
1.262581e+01	1.338363e+01	0.000000e+00	0.000000e+00	0.000000e+00
1.338363e+01	1.418694e+01	0.000000e+00	0.000000e+00	0.000000e+00
1.418694e+01	1.503847e+01	0.000000e+00	0.000000e+00	0.000000e+00
1.503847e+01	1.594110e+01	0.000000e+00	0.000000e+00	0.000000e+00
1.594110e+01	1.689791e+01	0.000000e+00	0.000000e+00	0.000000e+00
1.689791e+01	1.791216e+01	0.000000e+00	0.000000e+00	0.000000e+00
1.791216e+01	1.898728e+01	0.000000e+00	0.000000e+00	0.000000e+00
1.898728e+01	2.012693e+01	9.426210e-10	9.426209e-10	9.426209e-10
2.012693e+01	2.133498e+01	1.867424e-08	4.075053e-09	4.075053e-09
2.133498e+01	2.261554e+01	2.768360e-08	4.819095e-09	4.819095e-09
2.261554e+01	2.397297e+01	2.295034e-08	4.261771e-09	4.261771e-09
2.397297e+01	2.541187e+01	3.135647e-08	4.838409e-09	4.838409e-09
2.541187e+01	2.693714e+01	5.211869e-08	6.058675e-09	6.058675e-09
2.693714e+01	2.855395e+01	5.514773e-08	6.053250e-09	6.053250e-09
2.855395e+01	3.026781e+01	6.644142e-08	6.453364e-09	6.453364e-09
3.026781e+01	3.208454e+01	7.273161e-08	6.557990e-09	6.557990e-09
3.208454e+01	3.401031e+01	1.004099e-07	7.484114e-09	7.484114e-09
3.401031e+01	3.605167e+01	9.946051e-08	7.234688e-09	7.234688e-09
3.605167e+01	3.821555e+01	1.166657e-07	7.610431e-09	7.610431e-09
3.821555e+01	4.050932e+01	1.690697e-07	8.898407e-09	8.898407e-09
4.050932e+01	4.294076e+01	1.670078e-07	8.589955e-09	8.589955e-09
4.294076e+01	4.551814e+01	2.059003e-07	9.263893e-09	9.263893e-09
4.551814e+01	4.825022e+01	2.249112e-07	9.404011e-09	9.404011e-09
4.825022e+01	5.114629e+01	2.507530e-07	9.644347e-09	9.644347e-09
5.114629e+01	5.421618e+01	2.886953e-07	1.005108e-08	1.005108e-08
5.421618e+01	5.747033e+01	3.354013e-07	1.052247e-08	1.052247e-08
5.747033e+01	6.091980e+01	3.453725e-07	1.037103e-08	1.037103e-08
6.091980e+01	6.457631e+01	3.975023e-07	1.080664e-08	1.080664e-08
6.457631e+01	6.845230e+01	4.234959e-07	1.083397e-08	1.083397e-08
6.845230e+01	7.256093e+01	4.486717e-07	1.083104e-08	1.083104e-08
7.256093e+01	7.691616e+01	4.634727e-07	1.069205e-08	1.069205e-08
7.691616e+01	8.153281e+01	5.216956e-07	1.101791e-08	1.101791e-08
8.153281e+01	8.642655e+01	5.246450e-07	1.073165e-08	1.073165e-08
8.642655e+01	9.161403e+01	5.309701e-07	1.048603e-08	1.048603e-08
9.161403e+01	9.711287e+01	5.616623e-07	1.047506e-08	1.047506e-08
9.711287e+01	1.029418e+02	5.798002e-07	1.033711e-08	1.033711e-08
1.029418e+02	1.091205e+02	5.753183e-07	1.000138e-08	1.000138e-08
1.091205e+02	1.156701e+02	5.675052e-07	9.647877e-09	9.647877e-09
1.156701e+02	1.226128e+02	5.768409e-07	9.447525e-09	9.447525e-09
1.226128e+02	1.299723e+02	5.529301e-07	8.983906e-09	8.983906e-09
1.299723e+02	1.377734e+02	5.429746e-07	8.647012e-09	8.647012e-09
1.377734e+02	1.460429e+02	5.194942e-07	8.214951e-09	8.214951e-09
1.460429e+02	1.548086e+02	4.962148e-07	7.798226e-09	7.798226e-09
1.548086e+02	1.641005e+02	4.634897e-07	7.320185e-09	7.320185e-09
1.641005e+02	1.739501e+02	4.440083e-07	6.958898e-09	6.958898e-09
1.739501e+02	1.843909e+02	4.138251e-07	6.525229e-09	6.525229e-09
1.843909e+02	1.954584e+02	3.826270e-07	6.094209e-09	6.094209e-09
1.954584e+02	2.071901e+02	3.481446e-07	5.646166e-09	5.646166e-09
2.071901e+02	2.196260e+02	3.223836e-07	5.277182e-09	5.277182e-09
2.196260e+02	2.328084e+02	2.954894e-07	4.907134e-09	4.907134e-09
2.328084e+02	2.467820e+02	2.573864e-07	4.448288e-09	4.448288e-09
2.467820e+02	2.615942e+02	2.238128e-07	4.028904e-09	4.028904e-09
2.615942e+02	2.772956e+02	1.984121e-07	3.684420e-09	3.684420e-09
2.772956e+02	2.939394e+02	1.763343e-07	3.373622e-09	3.373622e-09
2.939394e+02	3.115821e+02	1.492405e-07	3.014499e-09	3.014499e-09
3.115821e+02	3.302839e+02	1.262562e-07	2.693016e-09	2.693016e-09
3.302839e+02	3.501081e+02	1.082700e-07	2.422203e-09	2.422203e-09
3.501081e+02	3.711222e+02	8.895023e-08	2.132418e-09	2.132418e-09
3.711222e+02	3.933976e+02	7.711368e-08	1.928445e-09	1.928445e-09
3.933976e+02	4.170100e+02	5.900764e-08	1.638470e-09	1.638470e-09
4.170100e+02	4.420397e+02	5.141736e-08	1.485530e-09	1.485530e-09
4.420397e+02	4.685717e+02	4.052962e-08	1.281019e-09	1.281019e-09
4.685717e+02	4.966962e+02	3.674504e-08	1.184708e-09	1.184708e-09
4.966962e+02	5.265088e+02	2.583615e-08	9.648688e-10	9.648688e-10
5.265088e+02	5.581108e+02	2.199370e-08	8.646614e-10	8.646614e-10
5.581108e+02	5.916096e+02	1.619462e-08	7.206510e-10	7.206510e-10
5.916096e+02	6.271191e+02	1.346245e-08	6.381812e-10	6.381812e-10
6.271191e+02	6.647599e+02	9.560806e-09	5.223626e-10	5.223626e-10
6.647599e+02	7.046600e+02	7.915564e-09	4.616451e-10	4.616451e-10
7.046600e+02	7.469549e+02	5.892621e-09	3.868695e-10	3.868695e-10
7.469549e+02	7.917885e+02	5.103692e-09	3.496993e-10	3.496993e-10
7.917885e+02	8.393131e+02	3.390638e-09	2.768444e-10	2.768444e-10
8.393131e+02	8.896901e+02	2.345682e-09	2.236519e-10	2.236519e-10
8.896901e+02	9.430909e+02	1.669702e-09	1.832736e-10	1.832736e-10
9.430909e+02	9.996969e+02	1.252535e-09	1.541764e-10	1.541764e-10
9.996969e+02	1.059700e+03	1.074202e-09	1.386789e-10	1.386789e-10
1.059700e+03	1.123306e+03	4.728991e-10	8.936953e-11	8.936953e-11
1.123306e+03	1.190728e+03	2.549336e-10	6.373337e-11	6.373337e-11
1.190728e+03	1.262198e+03	2.705560e-10	6.377068e-11	6.377068e-11
1.262198e+03	1.337957e+03	1.417994e-10	4.484090e-11	4.484090e-11
1.337957e+03	1.418264e+03	1.471458e-10	4.436612e-11	4.436612e-11
1.418264e+03	1.503391e+03	1.388142e-10	4.185406e-11	4.185406e-11
1.503391e+03	1.593627e+03	3.571494e-11	2.062003e-11	2.062003e-11
1.593627e+03	1.689279e+03	4.492359e-11	2.246179e-11	2.246179e-11
1.689279e+03	1.790673e+03	0.000000e+00	0.000000e+00	0.000000e+00
1.790673e+03	1.898152e+03	0.000000e+00	0.000000e+00	0.000000e+00
1.898152e+03	2.012083e+03	0.000000e+00	0.000000e+00	0.000000e+00
2.012083e+03	2.132851e+03	0.000000e+00	0.000000e+00	0.000000e+00
2.132851e+03	2.260869e+03	0.000000e+00	0.000000e+00	0.000000e+00
2.260869e+03	2.396570e+03	0.000000e+00	0.000000e+00	0.000000e+00
2.396570e+03	2.540417e+03	0.000000e+00	0.000000e+00	0.000000e+00
2.540417e+03	2.692897e+03	7.045239e-12	7.045238e-12	7.045238e-12
2.692897e+03	2.854530e+03	0.000000e+00	0.000000e+00	0.000000e+00
2.854530e+03	3.025864e+03	0.000000e+00	0.000000e+00	0.000000e+00
3.025864e+03	3.207481e+03	0.000000e+00	0.000000e+00	0.000000e+00
3.207481e+03	3.400000e+03	0.000000e+00	0.000000e+00	0.000000e+00
# END HISTO1D


# BEGIN HISTO1D //eos/home-y/youpeng/valid/genValidation/mg35xVBS_merged.yoda.gz/MC_ZZJETS:ENERGY=13600/jet_pT_1
ErrorBars=1
LineColor=green
LineStyle=solid
Path=//eos/home-y/youpeng/valid/genValidation/mg35xVBS_merged.yoda.gz/MC_ZZJETS:ENERGY=13600/jet_pT_1
ScaledBy=5.51937791219804204e-10
Title=VBSZZ@LO(v35x)
# xlow	 xhigh	 val	 errminus	 errplus
1.000000e+01	1.060022e+01	0.000000e+00	0.000000e+00	0.000000e+00
1.060022e+01	1.123646e+01	0.000000e+00	0.000000e+00	0.000000e+00
1.123646e+01	1.191089e+01	0.000000e+00	0.000000e+00	0.000000e+00
1.191089e+01	1.262581e+01	0.000000e+00	0.000000e+00	0.000000e+00
1.262581e+01	1.338363e+01	0.000000e+00	0.000000e+00	0.000000e+00
1.338363e+01	1.418694e+01	0.000000e+00	0.000000e+00	0.000000e+00
1.418694e+01	1.503847e+01	0.000000e+00	0.000000e+00	0.000000e+00
1.503847e+01	1.594110e+01	0.000000e+00	0.000000e+00	0.000000e+00
1.594110e+01	1.689791e+01	0.000000e+00	0.000000e+00	0.000000e+00
1.689791e+01	1.791216e+01	0.000000e+00	0.000000e+00	0.000000e+00
1.791216e+01	1.898728e+01	0.000000e+00	0.000000e+00	0.000000e+00
1.898728e+01	2.012693e+01	1.452914e-09	8.388403e-10	8.388403e-10
2.012693e+01	2.133498e+01	1.187896e-08	2.329656e-09	2.329656e-09
2.133498e+01	2.261554e+01	1.077532e-08	2.155064e-09	2.155064e-09
2.261554e+01	2.397297e+01	1.545099e-08	2.506481e-09	2.506481e-09
2.397297e+01	2.541187e+01	2.608365e-08	3.163108e-09	3.163108e-09
2.541187e+01	2.693714e+01	2.279733e-08	2.872194e-09	2.872194e-09
2.693714e+01	2.855395e+01	2.628584e-08	2.995550e-09	2.995550e-09
2.855395e+01	3.026781e+01	2.995006e-08	3.105677e-09	3.105677e-09
3.026781e+01	3.208454e+01	4.101413e-08	3.529934e-09	3.529934e-09
3.208454e+01	3.401031e+01	5.158913e-08	3.845227e-09	3.845227e-09
3.401031e+01	3.605167e+01	5.975345e-08	4.019450e-09	4.019450e-09
3.605167e+01	3.821555e+01	7.039891e-08	4.237517e-09	4.237517e-09
3.821555e+01	4.050932e+01	7.531553e-08	4.257086e-09	4.257086e-09
4.050932e+01	4.294076e+01	8.557912e-08	4.407550e-09	4.407550e-09
4.294076e+01	4.551814e+01	1.045036e-07	4.730658e-09	4.730658e-09
4.551814e+01	4.825022e+01	1.189904e-07	4.902915e-09	4.902915e-09
4.825022e+01	5.114629e+01	1.326448e-07	5.027889e-09	5.027889e-09
5.114629e+01	5.421618e+01	1.486870e-07	5.170351e-09	5.170351e-09
5.421618e+01	5.747033e+01	1.660486e-07	5.306937e-09	5.306937e-09
5.747033e+01	6.091980e+01	1.859276e-07	5.454322e-09	5.454322e-09
6.091980e+01	6.457631e+01	2.012118e-07	5.511102e-09	5.511102e-09
6.457631e+01	6.845230e+01	2.106084e-07	5.476354e-09	5.476354e-09
6.845230e+01	7.256093e+01	2.165500e-07	5.393561e-09	5.393561e-09
7.256093e+01	7.691616e+01	2.379987e-07	5.491953e-09	5.491953e-09
7.691616e+01	8.153281e+01	2.520193e-07	5.489067e-09	5.489067e-09
8.153281e+01	8.642655e+01	2.670736e-07	5.488329e-09	5.488329e-09
8.642655e+01	9.161403e+01	2.747197e-07	5.406445e-09	5.406445e-09
9.161403e+01	9.711287e+01	2.788375e-07	5.290359e-09	5.290359e-09
9.711287e+01	1.029418e+02	2.870981e-07	5.213938e-09	5.213938e-09
1.029418e+02	1.091205e+02	2.867464e-07	5.061107e-09	5.061107e-09
1.091205e+02	1.156701e+02	2.957894e-07	4.992625e-09	4.992625e-09
1.156701e+02	1.226128e+02	2.891379e-07	4.794391e-09	4.794391e-09
1.226128e+02	1.299723e+02	2.808624e-07	4.589524e-09	4.589524e-09
1.299723e+02	1.377734e+02	2.765668e-07	4.423510e-09	4.423510e-09
1.377734e+02	1.460429e+02	2.619027e-07	4.180954e-09	4.180954e-09
1.460429e+02	1.548086e+02	2.554516e-07	4.010570e-09	4.010570e-09
1.548086e+02	1.641005e+02	2.342732e-07	3.730389e-09	3.730389e-09
1.641005e+02	1.739501e+02	2.299741e-07	3.589840e-09	3.589840e-09
1.739501e+02	1.843909e+02	2.090754e-07	3.324525e-09	3.324525e-09
1.843909e+02	1.954584e+02	1.901050e-07	3.079052e-09	3.079052e-09
1.954584e+02	2.071901e+02	1.795302e-07	2.906252e-09	2.906252e-09
2.071901e+02	2.196260e+02	1.589785e-07	2.656292e-09	2.656292e-09
2.196260e+02	2.328084e+02	1.467519e-07	2.478790e-09	2.478790e-09
2.328084e+02	2.467820e+02	1.278965e-07	2.247606e-09	2.247606e-09
2.467820e+02	2.615942e+02	1.120852e-07	2.043664e-09	2.043664e-09
2.615942e+02	2.772956e+02	9.909390e-08	1.866377e-09	1.866377e-09
2.772956e+02	2.939394e+02	8.728175e-08	1.701299e-09	1.701299e-09
2.939394e+02	3.115821e+02	7.314249e-08	1.512681e-09	1.512681e-09
3.115821e+02	3.302839e+02	6.292073e-08	1.362700e-09	1.362700e-09
3.302839e+02	3.501081e+02	5.507072e-08	1.238248e-09	1.238248e-09
3.501081e+02	3.711222e+02	4.880057e-08	1.132145e-09	1.132145e-09
3.711222e+02	3.933976e+02	3.833142e-08	9.745626e-10	9.745626e-10
3.933976e+02	4.170100e+02	3.186001e-08	8.629744e-10	8.629744e-10
4.170100e+02	4.420397e+02	2.729953e-08	7.758804e-10	7.758804e-10
4.420397e+02	4.685717e+02	1.982499e-08	6.421946e-10	6.421946e-10
4.685717e+02	4.966962e+02	1.744645e-08	5.851352e-10	5.851352e-10
4.966962e+02	5.265088e+02	1.321869e-08	4.946971e-10	4.946971e-10
5.265088e+02	5.581108e+02	1.030452e-08	4.242301e-10	4.242301e-10
5.581108e+02	5.916096e+02	8.452365e-09	3.731810e-10	3.731810e-10
5.916096e+02	6.271191e+02	6.808003e-09	3.252990e-10	3.252990e-10
6.271191e+02	6.647599e+02	5.044170e-09	2.719635e-10	2.719635e-10
6.647599e+02	7.046600e+02	4.039233e-09	2.363783e-10	2.363783e-10
7.046600e+02	7.469549e+02	3.184138e-09	2.038436e-10	2.038436e-10
7.469549e+02	7.917885e+02	2.375986e-09	1.710272e-10	1.710272e-10
7.917885e+02	8.393131e+02	1.916265e-09	1.491810e-10	1.491810e-10
8.393131e+02	8.896901e+02	1.227088e-09	1.159490e-10	1.159490e-10
8.896901e+02	9.430909e+02	8.888753e-10	9.584989e-11	9.584989e-11
9.430909e+02	9.996969e+02	6.727857e-10	8.099389e-11	8.099389e-11
9.996969e+02	1.059700e+03	4.875198e-10	6.696600e-11	6.696600e-11
1.059700e+03	1.123306e+03	2.342911e-10	4.508935e-11	4.508935e-11
1.123306e+03	1.190728e+03	2.046578e-10	4.093158e-11	4.093158e-11
1.190728e+03	1.262198e+03	1.698983e-10	3.622244e-11	3.622244e-11
1.262198e+03	1.337957e+03	2.914177e-11	1.457088e-11	1.457088e-11
1.337957e+03	1.418264e+03	6.872848e-11	2.173385e-11	2.173385e-11
1.418264e+03	1.503391e+03	3.890219e-11	1.588175e-11	1.588175e-11
1.503391e+03	1.593627e+03	4.281623e-11	1.618301e-11	1.618301e-11
1.593627e+03	1.689279e+03	1.154054e-11	8.160393e-12	8.160393e-12
1.689279e+03	1.790673e+03	2.177398e-11	1.088699e-11	1.088699e-11
1.790673e+03	1.898152e+03	5.135308e-12	5.135308e-12	5.135308e-12
1.898152e+03	2.012083e+03	0.000000e+00	0.000000e+00	0.000000e+00
2.012083e+03	2.132851e+03	0.000000e+00	0.000000e+00	0.000000e+00
2.132851e+03	2.260869e+03	0.000000e+00	0.000000e+00	0.000000e+00
2.260869e+03	2.396570e+03	0.000000e+00	0.000000e+00	0.000000e+00
2.396570e+03	2.540417e+03	0.000000e+00	0.000000e+00	0.000000e+00
2.540417e+03	2.692897e+03	0.000000e+00	0.000000e+00	0.000000e+00
2.692897e+03	2.854530e+03	0.000000e+00	0.000000e+00	0.000000e+00
2.854530e+03	3.025864e+03	0.000000e+00	0.000000e+00	0.000000e+00
3.025864e+03	3.207481e+03	0.000000e+00	0.000000e+00	0.000000e+00
3.207481e+03	3.400000e+03	0.000000e+00	0.000000e+00	0.000000e+00
# END HISTO1D

