# BEGIN PLOT
Legend=1
LogY=1
Title=Mass of fourth jet
XLabel=$m(\mathrm{jet~4})$
YLabel=$\mathrm{d}\sigma/\mathrm{d}m(\mathrm{jet~4})$ [pb/GeV]
RemoveOptions=1
DrawOnly=//ospool/cms-user/youpeng/genvalid/genValidation/masterVBS_merged.yoda.gz/MC_ZZJETS:ENERGY=13600/jet_mass_4 //ospool/cms-user/youpeng/genvalid/genValidation/mg352VBS_merged.yoda.gz/MC_ZZJETS:ENERGY=13600/jet_mass_4 //ospool/cms-user/youpeng/genvalid/genValidation/mg35xVBS_merged.yoda.gz/MC_ZZJETS:ENERGY=13600/jet_mass_4
LegendOnly=//ospool/cms-user/youpeng/genvalid/genValidation/masterVBS_merged.yoda.gz/MC_ZZJETS:ENERGY=13600/jet_mass_4 //ospool/cms-user/youpeng/genvalid/genValidation/mg352VBS_merged.yoda.gz/MC_ZZJETS:ENERGY=13600/jet_mass_4 //ospool/cms-user/youpeng/genvalid/genValidation/mg35xVBS_merged.yoda.gz/MC_ZZJETS:ENERGY=13600/jet_mass_4
RatioPlot=1
RatioPlotReference=//ospool/cms-user/youpeng/genvalid/genValidation/masterVBS_merged.yoda.gz/MC_ZZJETS:ENERGY=13600/jet_mass_4
RatioPlotYLabel=Ratio
# END PLOT

# BEGIN HISTO1D //ospool/cms-user/youpeng/genvalid/genValidation/masterVBS_merged.yoda.gz/MC_ZZJETS:ENERGY=13600/jet_mass_4
ErrorBars=1
LineColor=red
LineStyle=solid
Path=//ospool/cms-user/youpeng/genvalid/genValidation/masterVBS_merged.yoda.gz/MC_ZZJETS:ENERGY=13600/jet_mass_4
ScaledBy=1.07182617187499956e-09
Title=VBSZZ@LO(v2918)
# xlow	 xhigh	 val	 errminus	 errplus
1.000000e+00	1.202264e+00	9.538460e-08	2.248236e-08	2.248236e-08
1.202264e+00	1.445440e+00	1.807122e-07	2.822251e-08	2.822251e-08
1.445440e+00	1.737801e+00	2.126341e-07	2.792023e-08	2.792023e-08
1.737801e+00	2.089296e+00	3.415255e-07	3.227114e-08	3.227114e-08
2.089296e+00	2.511886e+00	5.326286e-07	3.675486e-08	3.675486e-08
2.511886e+00	3.019952e+00	8.501767e-07	4.235033e-08	4.235033e-08
3.019952e+00	3.630781e+00	1.249352e-06	4.682143e-08	4.682143e-08
3.630781e+00	4.365158e+00	1.891518e-06	5.254215e-08	5.254215e-08
4.365158e+00	5.248075e+00	2.551745e-06	5.565713e-08	5.565713e-08
5.248075e+00	6.309573e+00	2.767670e-06	5.286396e-08	5.286396e-08
6.309573e+00	7.585776e+00	2.327239e-06	4.421024e-08	4.421024e-08
7.585776e+00	9.120108e+00	1.521468e-06	3.260123e-08	3.260123e-08
9.120108e+00	1.096478e+01	7.605797e-07	2.102205e-08	2.102205e-08
1.096478e+01	1.318257e+01	3.358836e-07	1.274079e-08	1.274079e-08
1.318257e+01	1.584893e+01	1.338597e-07	7.335466e-09	7.335466e-09
1.584893e+01	1.905461e+01	4.781235e-08	3.998271e-09	3.998271e-09
1.905461e+01	2.290868e+01	1.279271e-08	1.886182e-09	1.886182e-09
2.290868e+01	2.754229e+01	5.782889e-09	1.156578e-09	1.156578e-09
2.754229e+01	3.311311e+01	9.620004e-10	4.302197e-10	4.302197e-10
3.311311e+01	3.981072e+01	1.600311e-10	1.600311e-10	1.600311e-10
3.981072e+01	4.786301e+01	0.000000e+00	0.000000e+00	0.000000e+00
4.786301e+01	5.754399e+01	1.107146e-10	1.107146e-10	1.107146e-10
5.754399e+01	6.918310e+01	0.000000e+00	0.000000e+00	0.000000e+00
6.918310e+01	8.317638e+01	0.000000e+00	0.000000e+00	0.000000e+00
8.317638e+01	1.000000e+02	0.000000e+00	0.000000e+00	0.000000e+00
# END HISTO1D


# BEGIN HISTO1D //ospool/cms-user/youpeng/genvalid/genValidation/mg352VBS_merged.yoda.gz/MC_ZZJETS:ENERGY=13600/jet_mass_4
ErrorBars=1
LineColor=blue
LineStyle=solid
Path=//ospool/cms-user/youpeng/genvalid/genValidation/mg352VBS_merged.yoda.gz/MC_ZZJETS:ENERGY=13600/jet_mass_4
ScaledBy=1.07425781250000051e-09
Title=VBSZZ@LO(v352)
# xlow	 xhigh	 val	 errminus	 errplus
1.000000e+00	1.202264e+00	1.009122e-07	2.315084e-08	2.315084e-08
1.202264e+00	1.445440e+00	1.987926e-07	2.963426e-08	2.963426e-08
1.445440e+00	1.737801e+00	2.167909e-07	2.822377e-08	2.822377e-08
1.737801e+00	2.089296e+00	3.575818e-07	3.305844e-08	3.305844e-08
2.089296e+00	2.511886e+00	5.211266e-07	3.639705e-08	3.639705e-08
2.511886e+00	3.019952e+00	8.330760e-07	4.196976e-08	4.196976e-08
3.019952e+00	3.630781e+00	1.197667e-06	4.589469e-08	4.589469e-08
3.630781e+00	4.365158e+00	1.816816e-06	5.155256e-08	5.155256e-08
4.365158e+00	5.248075e+00	2.486964e-06	5.500841e-08	5.500841e-08
5.248075e+00	6.309573e+00	2.786093e-06	5.309974e-08	5.309974e-08
6.309573e+00	7.585776e+00	2.379658e-06	4.475604e-08	4.475604e-08
7.585776e+00	9.120108e+00	1.531221e-06	3.274263e-08	3.274263e-08
9.120108e+00	1.096478e+01	8.001585e-07	2.158652e-08	2.158652e-08
1.096478e+01	1.318257e+01	3.443957e-07	1.291585e-08	1.291585e-08
1.318257e+01	1.584893e+01	1.252997e-07	7.105096e-09	7.105096e-09
1.584893e+01	1.905461e+01	3.753241e-08	3.546478e-09	3.546478e-09
1.905461e+01	2.290868e+01	1.254300e-08	1.869800e-09	1.869800e-09
2.290868e+01	2.754229e+01	6.259690e-09	1.204678e-09	1.204678e-09
2.754229e+01	3.311311e+01	9.641828e-10	4.311957e-10	4.311957e-10
3.311311e+01	3.981072e+01	3.207885e-10	2.268317e-10	2.268317e-10
3.981072e+01	4.786301e+01	1.334102e-10	1.334102e-10	1.334102e-10
4.786301e+01	5.754399e+01	0.000000e+00	0.000000e+00	0.000000e+00
5.754399e+01	6.918310e+01	0.000000e+00	0.000000e+00	0.000000e+00
6.918310e+01	8.317638e+01	0.000000e+00	0.000000e+00	0.000000e+00
8.317638e+01	1.000000e+02	0.000000e+00	0.000000e+00	0.000000e+00
# END HISTO1D


# BEGIN HISTO1D //ospool/cms-user/youpeng/genvalid/genValidation/mg35xVBS_merged.yoda.gz/MC_ZZJETS:ENERGY=13600/jet_mass_4
ErrorBars=1
LineColor=green
LineStyle=solid
Path=//ospool/cms-user/youpeng/genvalid/genValidation/mg35xVBS_merged.yoda.gz/MC_ZZJETS:ENERGY=13600/jet_mass_4
ScaledBy=5.51937791219804204e-10
Title=VBSZZ@LO(v35x)
# xlow	 xhigh	 val	 errminus	 errplus
1.000000e+00	1.202264e+00	5.730476e-08	1.250493e-08	1.250493e-08
1.202264e+00	1.445440e+00	8.397909e-08	1.380608e-08	1.380608e-08
1.445440e+00	1.737801e+00	1.227112e-07	1.522045e-08	1.522045e-08
1.737801e+00	2.089296e+00	1.727284e-07	1.646900e-08	1.646900e-08
2.089296e+00	2.511886e+00	2.220342e-07	1.702925e-08	1.702925e-08
2.511886e+00	3.019952e+00	4.443175e-07	2.197008e-08	2.197008e-08
3.019952e+00	3.630781e+00	6.505834e-07	2.424581e-08	2.424581e-08
3.630781e+00	4.365158e+00	9.236829e-07	2.634796e-08	2.634796e-08
4.365158e+00	5.248075e+00	1.275890e-06	2.824176e-08	2.824176e-08
5.248075e+00	6.309573e+00	1.404935e-06	2.702798e-08	2.702798e-08
6.309573e+00	7.585776e+00	1.181115e-06	2.260119e-08	2.260119e-08
7.585776e+00	9.120108e+00	7.669338e-07	1.660980e-08	1.660980e-08
9.120108e+00	1.096478e+01	4.012359e-07	1.095684e-08	1.095684e-08
1.096478e+01	1.318257e+01	1.771943e-07	6.640637e-09	6.640637e-09
1.318257e+01	1.584893e+01	6.272116e-08	3.603236e-09	3.603236e-09
1.584893e+01	1.905461e+01	2.479319e-08	2.066099e-09	2.066099e-09
1.905461e+01	2.290868e+01	9.308591e-09	1.154589e-09	1.154589e-09
2.290868e+01	2.754229e+01	2.144091e-09	5.053670e-10	5.053670e-10
2.754229e+01	3.311311e+01	2.972297e-10	1.716057e-10	1.716057e-10
3.311311e+01	3.981072e+01	3.296327e-10	1.648163e-10	1.648163e-10
3.981072e+01	4.786301e+01	6.854420e-11	6.854420e-11	6.854420e-11
4.786301e+01	5.754399e+01	0.000000e+00	0.000000e+00	0.000000e+00
5.754399e+01	6.918310e+01	0.000000e+00	0.000000e+00	0.000000e+00
6.918310e+01	8.317638e+01	0.000000e+00	0.000000e+00	0.000000e+00
8.317638e+01	1.000000e+02	0.000000e+00	0.000000e+00	0.000000e+00
# END HISTO1D

