# BEGIN PLOT
Legend=1
LogY=1
Title=$\Delta R$ separation between jets
LegendXPos=0.10
LegendYPos=0.5
XLabel=$\Delta{R}(\mathrm{jet~1,~jet~2})$
YLabel=$\mathrm{d}\sigma/\mathrm{d}\Delta{R}(\mathrm{jet~1,~jet~2})$ [pb]
RemoveOptions=1
DrawOnly=//eos/home-y/youpeng/valid/genValidation/masterVBS_merged.yoda.gz/MC_ZZJETS:ENERGY=13600/jets_dR_12 //eos/home-y/youpeng/valid/genValidation/mg352VBS_merged.yoda.gz/MC_ZZJETS:ENERGY=13600/jets_dR_12 //eos/home-y/youpeng/valid/genValidation/mg35xVBS_merged.yoda.gz/MC_ZZJETS:ENERGY=13600/jets_dR_12
LegendOnly=//eos/home-y/youpeng/valid/genValidation/masterVBS_merged.yoda.gz/MC_ZZJETS:ENERGY=13600/jets_dR_12 //eos/home-y/youpeng/valid/genValidation/mg352VBS_merged.yoda.gz/MC_ZZJETS:ENERGY=13600/jets_dR_12 //eos/home-y/youpeng/valid/genValidation/mg35xVBS_merged.yoda.gz/MC_ZZJETS:ENERGY=13600/jets_dR_12
RatioPlot=1
RatioPlotReference=//eos/home-y/youpeng/valid/genValidation/masterVBS_merged.yoda.gz/MC_ZZJETS:ENERGY=13600/jets_dR_12
RatioPlotYLabel=Ratio
# END PLOT

# BEGIN HISTO1D //eos/home-y/youpeng/valid/genValidation/masterVBS_merged.yoda.gz/MC_ZZJETS:ENERGY=13600/jets_dR_12
ErrorBars=1
LineColor=red
LineStyle=solid
Path=//eos/home-y/youpeng/valid/genValidation/masterVBS_merged.yoda.gz/MC_ZZJETS:ENERGY=13600/jets_dR_12
ScaledBy=1.07182617187499956e-09
Title=VBSZZ@LO(v2918)
# xlow	 xhigh	 val	 errminus	 errplus
0.000000e+00	2.000000e-01	0.000000e+00	0.000000e+00	0.000000e+00
2.000000e-01	4.000000e-01	1.071826e-08	7.578956e-09	7.578956e-09
4.000000e-01	6.000000e-01	7.679635e-06	2.028698e-07	2.028698e-07
6.000000e-01	8.000000e-01	6.972230e-06	1.933005e-07	1.933005e-07
8.000000e-01	1.000000e+00	5.498470e-06	1.716595e-07	1.716595e-07
1.000000e+00	1.200000e+00	4.528466e-06	1.557840e-07	1.557840e-07
1.200000e+00	1.400000e+00	4.013989e-06	1.466680e-07	1.466680e-07
1.400000e+00	1.600000e+00	4.019348e-06	1.467658e-07	1.467658e-07
1.600000e+00	1.800000e+00	4.539184e-06	1.559682e-07	1.559682e-07
1.800000e+00	2.000000e+00	5.535980e-06	1.722442e-07	1.722442e-07
2.000000e+00	2.200000e+00	6.425600e-06	1.855684e-07	1.855684e-07
2.200000e+00	2.400000e+00	8.065490e-06	2.079039e-07	2.079039e-07
2.400000e+00	2.600000e+00	1.072362e-05	2.397275e-07	2.397275e-07
2.600000e+00	2.800000e+00	1.375153e-05	2.714705e-07	2.714705e-07
2.800000e+00	3.000000e+00	1.879447e-05	3.173673e-07	3.173673e-07
3.000000e+00	3.200000e+00	2.393924e-05	3.581808e-07	3.581808e-07
3.200000e+00	3.400000e+00	2.571311e-05	3.712141e-07	3.712141e-07
3.400000e+00	3.600000e+00	2.784604e-05	3.863038e-07	3.863038e-07
3.600000e+00	3.800000e+00	2.924478e-05	3.958871e-07	3.958871e-07
3.800000e+00	4.000000e+00	2.989859e-05	4.002880e-07	4.002880e-07
4.000000e+00	4.200000e+00	3.150633e-05	4.109094e-07	4.109094e-07
4.200000e+00	4.400000e+00	3.062743e-05	4.051375e-07	4.051375e-07
4.400000e+00	4.600000e+00	3.058992e-05	4.048893e-07	4.048893e-07
4.600000e+00	4.800000e+00	2.864455e-05	3.918034e-07	3.918034e-07
4.800000e+00	5.000000e+00	2.752449e-05	3.840669e-07	3.840669e-07
# END HISTO1D


# BEGIN HISTO1D //eos/home-y/youpeng/valid/genValidation/mg352VBS_merged.yoda.gz/MC_ZZJETS:ENERGY=13600/jets_dR_12
ErrorBars=1
LineColor=blue
LineStyle=solid
Path=//eos/home-y/youpeng/valid/genValidation/mg352VBS_merged.yoda.gz/MC_ZZJETS:ENERGY=13600/jets_dR_12
ScaledBy=1.07425781250000051e-09
Title=VBSZZ@LO(v352)
# xlow	 xhigh	 val	 errminus	 errplus
0.000000e+00	2.000000e-01	0.000000e+00	0.000000e+00	0.000000e+00
2.000000e-01	4.000000e-01	2.148515e-08	1.074258e-08	1.074258e-08
4.000000e-01	6.000000e-01	7.906540e-06	2.060784e-07	2.060784e-07
6.000000e-01	8.000000e-01	6.719485e-06	1.899797e-07	1.899797e-07
8.000000e-01	1.000000e+00	5.505570e-06	1.719652e-07	1.719652e-07
1.000000e+00	1.200000e+00	4.527997e-06	1.559525e-07	1.559525e-07
1.200000e+00	1.400000e+00	4.259432e-06	1.512569e-07	1.512569e-07
1.400000e+00	1.600000e+00	4.216462e-06	1.504920e-07	1.504920e-07
1.600000e+00	1.800000e+00	4.667650e-06	1.583392e-07	1.583392e-07
1.800000e+00	2.000000e+00	5.344435e-06	1.694299e-07	1.694299e-07
2.000000e+00	2.200000e+00	6.370350e-06	1.849783e-07	1.849783e-07
2.200000e+00	2.400000e+00	7.745400e-06	2.039676e-07	2.039676e-07
2.400000e+00	2.600000e+00	1.029139e-05	2.351128e-07	2.351128e-07
2.600000e+00	2.800000e+00	1.368605e-05	2.711304e-07	2.711304e-07
2.800000e+00	3.000000e+00	1.871357e-05	3.170426e-07	3.170426e-07
3.000000e+00	3.200000e+00	2.375184e-05	3.571806e-07	3.571806e-07
3.200000e+00	3.400000e+00	2.521283e-05	3.680019e-07	3.680019e-07
3.400000e+00	3.600000e+00	2.728077e-05	3.827962e-07	3.827962e-07
3.600000e+00	3.800000e+00	2.931650e-05	3.968216e-07	3.968216e-07
3.800000e+00	4.000000e+00	3.030481e-05	4.034550e-07	4.034550e-07
4.000000e+00	4.200000e+00	3.058949e-05	4.053455e-07	4.053455e-07
4.200000e+00	4.400000e+00	3.071303e-05	4.061632e-07	4.061632e-07
4.400000e+00	4.600000e+00	3.064858e-05	4.057368e-07	4.057368e-07
4.600000e+00	4.800000e+00	2.957432e-05	3.985627e-07	3.985627e-07
4.800000e+00	5.000000e+00	2.809721e-05	3.884820e-07	3.884820e-07
# END HISTO1D


# BEGIN HISTO1D //eos/home-y/youpeng/valid/genValidation/mg35xVBS_merged.yoda.gz/MC_ZZJETS:ENERGY=13600/jets_dR_12
ErrorBars=1
LineColor=green
LineStyle=solid
Path=//eos/home-y/youpeng/valid/genValidation/mg35xVBS_merged.yoda.gz/MC_ZZJETS:ENERGY=13600/jets_dR_12
ScaledBy=5.51937791219804204e-10
Title=VBSZZ@LO(v35x)
# xlow	 xhigh	 val	 errminus	 errplus
0.000000e+00	2.000000e-01	0.000000e+00	0.000000e+00	0.000000e+00
2.000000e-01	4.000000e-01	2.759689e-09	2.759689e-09	2.759689e-09
4.000000e-01	6.000000e-01	3.946355e-06	1.043586e-07	1.043586e-07
6.000000e-01	8.000000e-01	3.433053e-06	9.733528e-08	9.733528e-08
8.000000e-01	1.000000e+00	2.679658e-06	8.599432e-08	8.599432e-08
1.000000e+00	1.200000e+00	2.315379e-06	7.993576e-08	7.993576e-08
1.200000e+00	1.400000e+00	2.078046e-06	7.572820e-08	7.572820e-08
1.400000e+00	1.600000e+00	2.171875e-06	7.741899e-08	7.741899e-08
1.600000e+00	1.800000e+00	2.334697e-06	8.026853e-08	8.026853e-08
1.800000e+00	2.000000e+00	2.624464e-06	8.510408e-08	8.510408e-08
2.000000e+00	2.200000e+00	3.278510e-06	9.511924e-08	9.511924e-08
2.200000e+00	2.400000e+00	3.957394e-06	1.045044e-07	1.045044e-07
2.400000e+00	2.600000e+00	5.342760e-06	1.214263e-07	1.214263e-07
2.600000e+00	2.800000e+00	7.034445e-06	1.393301e-07	1.393301e-07
2.800000e+00	3.000000e+00	9.173205e-06	1.591075e-07	1.591075e-07
3.000000e+00	3.200000e+00	1.204052e-05	1.822858e-07	1.822858e-07
3.200000e+00	3.400000e+00	1.282152e-05	1.881048e-07	1.881048e-07
3.400000e+00	3.600000e+00	1.420688e-05	1.980065e-07	1.980065e-07
3.600000e+00	3.800000e+00	1.431727e-05	1.987742e-07	1.987742e-07
3.800000e+00	4.000000e+00	1.570539e-05	2.081874e-07	2.081874e-07
4.000000e+00	4.200000e+00	1.508998e-05	2.040678e-07	2.040678e-07
4.200000e+00	4.400000e+00	1.587097e-05	2.092820e-07	2.092820e-07
4.400000e+00	4.600000e+00	1.520589e-05	2.048500e-07	2.048500e-07
4.600000e+00	4.800000e+00	1.463463e-05	2.009652e-07	2.009652e-07
4.800000e+00	5.000000e+00	1.438902e-05	1.992717e-07	1.992717e-07
# END HISTO1D

