# BEGIN PLOT
Legend=1
LogY=1
Title=Pseudorapidity separation between jets
LegendXPos=0.1
XLabel=$\Delta\phi(\mathrm{jet~1,~jet~2})$
YLabel=$\mathrm{d}\sigma/\mathrm{d}\Delta\phi(\mathrm{jet~1,~jet~2})$ [pb]
RemoveOptions=1
DrawOnly=//ospool/cms-user/youpeng/genvalid/genValidation/masterVBS_merged.yoda.gz/MC_ZZJETS:ENERGY=13600/jets_dphi_12 //ospool/cms-user/youpeng/genvalid/genValidation/mg352VBS_merged.yoda.gz/MC_ZZJETS:ENERGY=13600/jets_dphi_12 //ospool/cms-user/youpeng/genvalid/genValidation/mg35xVBS_merged.yoda.gz/MC_ZZJETS:ENERGY=13600/jets_dphi_12
LegendOnly=//ospool/cms-user/youpeng/genvalid/genValidation/masterVBS_merged.yoda.gz/MC_ZZJETS:ENERGY=13600/jets_dphi_12 //ospool/cms-user/youpeng/genvalid/genValidation/mg352VBS_merged.yoda.gz/MC_ZZJETS:ENERGY=13600/jets_dphi_12 //ospool/cms-user/youpeng/genvalid/genValidation/mg35xVBS_merged.yoda.gz/MC_ZZJETS:ENERGY=13600/jets_dphi_12
RatioPlot=1
RatioPlotReference=//ospool/cms-user/youpeng/genvalid/genValidation/masterVBS_merged.yoda.gz/MC_ZZJETS:ENERGY=13600/jets_dphi_12
RatioPlotYLabel=Ratio
# END PLOT

# BEGIN HISTO1D //ospool/cms-user/youpeng/genvalid/genValidation/masterVBS_merged.yoda.gz/MC_ZZJETS:ENERGY=13600/jets_dphi_12
ErrorBars=1
LineColor=red
LineStyle=solid
Path=//ospool/cms-user/youpeng/genvalid/genValidation/masterVBS_merged.yoda.gz/MC_ZZJETS:ENERGY=13600/jets_dphi_12
ScaledBy=1.07182617187499956e-09
Title=VBSZZ@LO(v2918)
# xlow	 xhigh	 val	 errminus	 errplus
0.000000e+00	1.256637e-01	1.409897e-05	3.467775e-07	3.467775e-07
1.256637e-01	2.513274e-01	1.448279e-05	3.514661e-07	3.514661e-07
2.513274e-01	3.769911e-01	1.604365e-05	3.699209e-07	3.699209e-07
3.769911e-01	5.026548e-01	1.828686e-05	3.949362e-07	3.949362e-07
5.026548e-01	6.283185e-01	1.753629e-05	3.867462e-07	3.867462e-07
6.283185e-01	7.539822e-01	1.646160e-05	3.747082e-07	3.747082e-07
7.539822e-01	8.796459e-01	1.689659e-05	3.796267e-07	3.796267e-07
8.796459e-01	1.005310e+00	1.658095e-05	3.760635e-07	3.760635e-07
1.005310e+00	1.130973e+00	1.774109e-05	3.889991e-07	3.889991e-07
1.130973e+00	1.256637e+00	1.881564e-05	4.006049e-07	4.006049e-07
1.256637e+00	1.382301e+00	2.117825e-05	4.250127e-07	4.250127e-07
1.382301e+00	1.507964e+00	2.263695e-05	4.394074e-07	4.394074e-07
1.507964e+00	1.633628e+00	2.519556e-05	4.635736e-07	4.635736e-07
1.633628e+00	1.759292e+00	2.714877e-05	4.812069e-07	4.812069e-07
1.759292e+00	1.884956e+00	3.068843e-05	5.116159e-07	5.116159e-07
1.884956e+00	2.010619e+00	3.583188e-05	5.528321e-07	5.528321e-07
2.010619e+00	2.136283e+00	3.942244e-05	5.798671e-07	5.798671e-07
2.136283e+00	2.261947e+00	4.487265e-05	6.186537e-07	6.186537e-07
2.261947e+00	2.387610e+00	5.156004e-05	6.631551e-07	6.631551e-07
2.387610e+00	2.513274e+00	5.713780e-05	6.981013e-07	6.981013e-07
2.513274e+00	2.638938e+00	6.367123e-05	7.369337e-07	7.369337e-07
2.638938e+00	2.764602e+00	7.179966e-05	7.825605e-07	7.825605e-07
2.764602e+00	2.890265e+00	7.780491e-05	8.146331e-07	8.146331e-07
2.890265e+00	3.015929e+00	8.562564e-05	8.545919e-07	8.545919e-07
3.015929e+00	3.141593e+00	8.905446e-05	8.715344e-07	8.715344e-07
# END HISTO1D


# BEGIN HISTO1D //ospool/cms-user/youpeng/genvalid/genValidation/mg352VBS_merged.yoda.gz/MC_ZZJETS:ENERGY=13600/jets_dphi_12
ErrorBars=1
LineColor=blue
LineStyle=solid
Path=//ospool/cms-user/youpeng/genvalid/genValidation/mg352VBS_merged.yoda.gz/MC_ZZJETS:ENERGY=13600/jets_dphi_12
ScaledBy=1.07425781250000051e-09
Title=VBSZZ@LO(v352)
# xlow	 xhigh	 val	 errminus	 errplus
0.000000e+00	1.256637e-01	1.445581e-05	3.515365e-07	3.515365e-07
1.256637e-01	2.513274e-01	1.472081e-05	3.547441e-07	3.547441e-07
2.513274e-01	3.769911e-01	1.522518e-05	3.607702e-07	3.607702e-07
3.769911e-01	5.026548e-01	1.760172e-05	3.879063e-07	3.879063e-07
5.026548e-01	6.283185e-01	1.693492e-05	3.804879e-07	3.804879e-07
6.283185e-01	7.539822e-01	1.684089e-05	3.794301e-07	3.794301e-07
7.539822e-01	8.796459e-01	1.618264e-05	3.719410e-07	3.719410e-07
8.796459e-01	1.005310e+00	1.743924e-05	3.861112e-07	3.861112e-07
1.005310e+00	1.130973e+00	1.746504e-05	3.863984e-07	3.863984e-07
1.130973e+00	1.256637e+00	1.896091e-05	4.026043e-07	4.026043e-07
1.256637e+00	1.382301e+00	2.073048e-05	4.209723e-07	4.209723e-07
1.382301e+00	1.507964e+00	2.277379e-05	4.412333e-07	4.412333e-07
1.507964e+00	1.633628e+00	2.538950e-05	4.658820e-07	4.658820e-07
1.633628e+00	1.759292e+00	2.732149e-05	4.832824e-07	4.832824e-07
1.759292e+00	1.884956e+00	3.248488e-05	5.269743e-07	5.269743e-07
1.884956e+00	2.010619e+00	3.503266e-05	5.472516e-07	5.472516e-07
2.010619e+00	2.136283e+00	3.926396e-05	5.793565e-07	5.793565e-07
2.136283e+00	2.261947e+00	4.381184e-05	6.119904e-07	6.119904e-07
2.261947e+00	2.387610e+00	4.935176e-05	6.495340e-07	6.495340e-07
2.387610e+00	2.513274e+00	5.704515e-05	6.983260e-07	6.983260e-07
2.513274e+00	2.638938e+00	6.439700e-05	7.419619e-07	7.419619e-07
2.638938e+00	2.764602e+00	7.131286e-05	7.807873e-07	7.807873e-07
2.764602e+00	2.890265e+00	7.822079e-05	8.177331e-07	8.177331e-07
2.890265e+00	3.015929e+00	8.686282e-05	8.617195e-07	8.617195e-07
3.015929e+00	3.141593e+00	8.970103e-05	8.756843e-07	8.756843e-07
# END HISTO1D


# BEGIN HISTO1D //ospool/cms-user/youpeng/genvalid/genValidation/mg35xVBS_merged.yoda.gz/MC_ZZJETS:ENERGY=13600/jets_dphi_12
ErrorBars=1
LineColor=green
LineStyle=solid
Path=//ospool/cms-user/youpeng/genvalid/genValidation/mg35xVBS_merged.yoda.gz/MC_ZZJETS:ENERGY=13600/jets_dphi_12
ScaledBy=5.51937791219804204e-10
Title=VBSZZ@LO(v35x)
# xlow	 xhigh	 val	 errminus	 errplus
0.000000e+00	1.256637e-01	7.097766e-06	1.765635e-07	1.765635e-07
1.256637e-01	2.513274e-01	7.396433e-06	1.802401e-07	1.802401e-07
2.513274e-01	3.769911e-01	7.945457e-06	1.868098e-07	1.868098e-07
3.769911e-01	5.026548e-01	8.955657e-06	1.983302e-07	1.983302e-07
5.026548e-01	6.283185e-01	8.889775e-06	1.975994e-07	1.975994e-07
6.283185e-01	7.539822e-01	8.569149e-06	1.940032e-07	1.940032e-07
7.539822e-01	8.796459e-01	8.432992e-06	1.924558e-07	1.924558e-07
8.796459e-01	1.005310e+00	8.700886e-06	1.954885e-07	1.954885e-07
1.005310e+00	1.130973e+00	8.784415e-06	1.964254e-07	1.964254e-07
1.130973e+00	1.256637e+00	9.614464e-06	2.054954e-07	2.054954e-07
1.256637e+00	1.382301e+00	1.056317e-05	2.153956e-07	2.153956e-07
1.382301e+00	1.507964e+00	1.148122e-05	2.245616e-07	2.245616e-07
1.507964e+00	1.633628e+00	1.239910e-05	2.333644e-07	2.333644e-07
1.633628e+00	1.759292e+00	1.362012e-05	2.445852e-07	2.445852e-07
1.759292e+00	1.884956e+00	1.568005e-05	2.624299e-07	2.624299e-07
1.884956e+00	2.010619e+00	1.760396e-05	2.780651e-07	2.780651e-07
2.010619e+00	2.136283e+00	2.030061e-05	2.986030e-07	2.986030e-07
2.136283e+00	2.261947e+00	2.278219e-05	3.163278e-07	3.163278e-07
2.261947e+00	2.387610e+00	2.598429e-05	3.378289e-07	3.378289e-07
2.387610e+00	2.513274e+00	2.856229e-05	3.541899e-07	3.541899e-07
2.513274e+00	2.638938e+00	3.214630e-05	3.757553e-07	3.757553e-07
2.638938e+00	2.764602e+00	3.589283e-05	3.970484e-07	3.970484e-07
2.764602e+00	2.890265e+00	3.995590e-05	4.189207e-07	4.189207e-07
2.890265e+00	3.015929e+00	4.321457e-05	4.356671e-07	4.356671e-07
3.015929e+00	3.141593e+00	4.492313e-05	4.441960e-07	4.441960e-07
# END HISTO1D

