# BEGIN PLOT
Legend=1
LogY=1
Title=Pseudorapidity separation between jets
LegendYPos=0.5
LegendXPos=0.30
XLabel=$\Delta\eta(\mathrm{jet~1,~jet~3})$
YLabel=$\mathrm{d}\sigma/\mathrm{d}\Delta\eta(\mathrm{jet~1,~jet~3})$ [pb]
RemoveOptions=1
DrawOnly=//eos/home-y/youpeng/valid/genValidation/masterVBS_merged.yoda.gz/MC_ZZJETS:ENERGY=13600/jets_deta_13 //eos/home-y/youpeng/valid/genValidation/mg352VBS_merged.yoda.gz/MC_ZZJETS:ENERGY=13600/jets_deta_13 //eos/home-y/youpeng/valid/genValidation/mg35xVBS_merged.yoda.gz/MC_ZZJETS:ENERGY=13600/jets_deta_13
LegendOnly=//eos/home-y/youpeng/valid/genValidation/masterVBS_merged.yoda.gz/MC_ZZJETS:ENERGY=13600/jets_deta_13 //eos/home-y/youpeng/valid/genValidation/mg352VBS_merged.yoda.gz/MC_ZZJETS:ENERGY=13600/jets_deta_13 //eos/home-y/youpeng/valid/genValidation/mg35xVBS_merged.yoda.gz/MC_ZZJETS:ENERGY=13600/jets_deta_13
RatioPlot=1
RatioPlotReference=//eos/home-y/youpeng/valid/genValidation/masterVBS_merged.yoda.gz/MC_ZZJETS:ENERGY=13600/jets_deta_13
RatioPlotYLabel=Ratio
# END PLOT

# BEGIN HISTO1D //eos/home-y/youpeng/valid/genValidation/masterVBS_merged.yoda.gz/MC_ZZJETS:ENERGY=13600/jets_deta_13
ErrorBars=1
LineColor=red
LineStyle=solid
Path=//eos/home-y/youpeng/valid/genValidation/masterVBS_merged.yoda.gz/MC_ZZJETS:ENERGY=13600/jets_deta_13
ScaledBy=1.07182617187499956e-09
Title=VBSZZ@LO(v2918)
# xlow	 xhigh	 val	 errminus	 errplus
-5.000000e+00	-4.600000e+00	3.110975e-06	9.130204e-08	9.130204e-08
-4.600000e+00	-4.200000e+00	3.395010e-06	9.537898e-08	9.537898e-08
-4.200000e+00	-3.800000e+00	3.767470e-06	1.004748e-07	1.004748e-07
-3.800000e+00	-3.400000e+00	3.869293e-06	1.018235e-07	1.018235e-07
-3.400000e+00	-3.000000e+00	4.008630e-06	1.036407e-07	1.036407e-07
-3.000000e+00	-2.600000e+00	4.121173e-06	1.050854e-07	1.050854e-07
-2.600000e+00	-2.200000e+00	3.713878e-06	9.975761e-08	9.975761e-08
-2.200000e+00	-1.800000e+00	3.901447e-06	1.022457e-07	1.022457e-07
-1.800000e+00	-1.400000e+00	4.043465e-06	1.040900e-07	1.040900e-07
-1.400000e+00	-1.000000e+00	4.507030e-06	1.098949e-07	1.098949e-07
-1.000000e+00	-6.000000e-01	6.463113e-06	1.315991e-07	1.315991e-07
-6.000000e-01	-2.000000e-01	9.137318e-06	1.564738e-07	1.564738e-07
-2.000000e-01	2.000000e-01	7.647480e-06	1.431500e-07	1.431500e-07
2.000000e-01	6.000000e-01	8.920272e-06	1.546042e-07	1.546042e-07
6.000000e-01	1.000000e+00	6.334492e-06	1.302831e-07	1.302831e-07
1.000000e+00	1.400000e+00	4.557940e-06	1.105138e-07	1.105138e-07
1.400000e+00	1.800000e+00	3.813022e-06	1.010804e-07	1.010804e-07
1.800000e+00	2.200000e+00	3.850535e-06	1.015764e-07	1.015764e-07
2.200000e+00	2.600000e+00	3.804983e-06	1.009738e-07	1.009738e-07
2.600000e+00	3.000000e+00	3.989873e-06	1.033979e-07	1.033979e-07
3.000000e+00	3.400000e+00	4.011310e-06	1.036753e-07	1.036753e-07
3.400000e+00	3.800000e+00	3.834458e-06	1.013641e-07	1.013641e-07
3.800000e+00	4.200000e+00	3.668325e-06	9.914393e-08	9.914393e-08
4.200000e+00	4.600000e+00	3.502193e-06	9.687285e-08	9.687285e-08
4.600000e+00	5.000000e+00	3.073462e-06	9.074990e-08	9.074990e-08
# END HISTO1D


# BEGIN HISTO1D //eos/home-y/youpeng/valid/genValidation/mg352VBS_merged.yoda.gz/MC_ZZJETS:ENERGY=13600/jets_deta_13
ErrorBars=1
LineColor=blue
LineStyle=solid
Path=//eos/home-y/youpeng/valid/genValidation/mg352VBS_merged.yoda.gz/MC_ZZJETS:ENERGY=13600/jets_deta_13
ScaledBy=1.07425781250000051e-09
Title=VBSZZ@LO(v352)
# xlow	 xhigh	 val	 errminus	 errplus
-5.000000e+00	-4.600000e+00	3.101920e-06	9.127239e-08	9.127239e-08
-4.600000e+00	-4.200000e+00	3.424198e-06	9.589669e-08	9.589669e-08
-4.200000e+00	-3.800000e+00	3.931782e-06	1.027588e-07	1.027588e-07
-3.800000e+00	-3.400000e+00	3.907613e-06	1.024425e-07	1.024425e-07
-3.400000e+00	-3.000000e+00	3.832415e-06	1.014520e-07	1.014520e-07
-3.000000e+00	-2.600000e+00	3.888813e-06	1.021957e-07	1.021957e-07
-2.600000e+00	-2.200000e+00	3.770645e-06	1.006311e-07	1.006311e-07
-2.200000e+00	-1.800000e+00	3.690075e-06	9.955014e-08	9.955014e-08
-1.800000e+00	-1.400000e+00	4.047267e-06	1.042570e-07	1.042570e-07
-1.400000e+00	-1.000000e+00	4.447428e-06	1.092896e-07	1.092896e-07
-1.000000e+00	-6.000000e-01	6.464348e-06	1.317609e-07	1.317609e-07
-6.000000e-01	-2.000000e-01	9.042565e-06	1.558368e-07	1.558368e-07
-2.000000e-01	2.000000e-01	7.479520e-06	1.417298e-07	1.417298e-07
2.000000e-01	6.000000e-01	9.246675e-06	1.575858e-07	1.575858e-07
6.000000e-01	1.000000e+00	6.300522e-06	1.300806e-07	1.300806e-07
1.000000e+00	1.400000e+00	4.219148e-06	1.064478e-07	1.064478e-07
1.400000e+00	1.800000e+00	3.859270e-06	1.018068e-07	1.018068e-07
1.800000e+00	2.200000e+00	3.810930e-06	1.011672e-07	1.011672e-07
2.200000e+00	2.600000e+00	3.724990e-06	1.000200e-07	1.000200e-07
2.600000e+00	3.000000e+00	3.985498e-06	1.034583e-07	1.034583e-07
3.000000e+00	3.400000e+00	3.988183e-06	1.034932e-07	1.034932e-07
3.400000e+00	3.800000e+00	3.872700e-06	1.019838e-07	1.019838e-07
3.800000e+00	4.200000e+00	3.856585e-06	1.017714e-07	1.017714e-07
4.200000e+00	4.600000e+00	3.467168e-06	9.649653e-08	9.649653e-08
4.600000e+00	5.000000e+00	3.005235e-06	8.983871e-08	8.983871e-08
# END HISTO1D


# BEGIN HISTO1D //eos/home-y/youpeng/valid/genValidation/mg35xVBS_merged.yoda.gz/MC_ZZJETS:ENERGY=13600/jets_deta_13
ErrorBars=1
LineColor=green
LineStyle=solid
Path=//eos/home-y/youpeng/valid/genValidation/mg35xVBS_merged.yoda.gz/MC_ZZJETS:ENERGY=13600/jets_deta_13
ScaledBy=5.51937791219804204e-10
Title=VBSZZ@LO(v35x)
# xlow	 xhigh	 val	 errminus	 errplus
-5.000000e+00	-4.600000e+00	1.621317e-06	4.729869e-08	4.729869e-08
-4.600000e+00	-4.200000e+00	1.766201e-06	4.936682e-08	4.936682e-08
-4.200000e+00	-3.800000e+00	1.919364e-06	5.146283e-08	5.146283e-08
-3.800000e+00	-3.400000e+00	1.938682e-06	5.172116e-08	5.172116e-08
-3.400000e+00	-3.000000e+00	2.035271e-06	5.299393e-08	5.299393e-08
-3.000000e+00	-2.600000e+00	1.966279e-06	5.208798e-08	5.208798e-08
-2.600000e+00	-2.200000e+00	1.865550e-06	5.073627e-08	5.073627e-08
-2.200000e+00	-1.800000e+00	1.876588e-06	5.088615e-08	5.088615e-08
-1.800000e+00	-1.400000e+00	2.035270e-06	5.299393e-08	5.299393e-08
-1.400000e+00	-1.000000e+00	2.247767e-06	5.569172e-08	5.569172e-08
-1.000000e+00	-6.000000e-01	3.224697e-06	6.670517e-08	6.670517e-08
-6.000000e-01	-2.000000e-01	4.600403e-06	7.967332e-08	7.967332e-08
-2.000000e-01	2.000000e-01	3.859425e-06	7.297538e-08	7.297538e-08
2.000000e-01	6.000000e-01	4.681812e-06	8.037521e-08	8.037521e-08
6.000000e-01	1.000000e+00	3.094990e-06	6.534988e-08	6.534988e-08
1.000000e+00	1.400000e+00	2.262945e-06	5.587944e-08	5.587944e-08
1.400000e+00	1.800000e+00	2.009053e-06	5.265151e-08	5.265151e-08
1.800000e+00	2.200000e+00	1.916604e-06	5.142583e-08	5.142583e-08
2.200000e+00	2.600000e+00	1.832434e-06	5.028393e-08	5.028393e-08
2.600000e+00	3.000000e+00	1.978697e-06	5.225222e-08	5.225222e-08
3.000000e+00	3.400000e+00	2.040790e-06	5.306574e-08	5.306574e-08
3.400000e+00	3.800000e+00	1.912465e-06	5.137026e-08	5.137026e-08
3.800000e+00	4.200000e+00	1.906945e-06	5.129608e-08	5.129608e-08
4.200000e+00	4.600000e+00	1.793798e-06	4.975100e-08	4.975100e-08
4.600000e+00	5.000000e+00	1.570263e-06	4.654803e-08	4.654803e-08
# END HISTO1D

