# BEGIN PLOT
Legend=1
LogY=1
Title=Pseudorapidity separation between jets
LegendXPos=0.1
XLabel=$\Delta\phi(\mathrm{jet~1,~jet~3})$
YLabel=$\mathrm{d}\sigma/\mathrm{d}\Delta\phi(\mathrm{jet~1,~jet~3})$ [pb]
RemoveOptions=1
DrawOnly=//eos/home-y/youpeng/valid/genValidation/masterVBS_merged.yoda.gz/MC_ZZJETS:ENERGY=13600/jets_dphi_13 //eos/home-y/youpeng/valid/genValidation/mg352VBS_merged.yoda.gz/MC_ZZJETS:ENERGY=13600/jets_dphi_13 //eos/home-y/youpeng/valid/genValidation/mg35xVBS_merged.yoda.gz/MC_ZZJETS:ENERGY=13600/jets_dphi_13
LegendOnly=//eos/home-y/youpeng/valid/genValidation/masterVBS_merged.yoda.gz/MC_ZZJETS:ENERGY=13600/jets_dphi_13 //eos/home-y/youpeng/valid/genValidation/mg352VBS_merged.yoda.gz/MC_ZZJETS:ENERGY=13600/jets_dphi_13 //eos/home-y/youpeng/valid/genValidation/mg35xVBS_merged.yoda.gz/MC_ZZJETS:ENERGY=13600/jets_dphi_13
RatioPlot=1
RatioPlotReference=//eos/home-y/youpeng/valid/genValidation/masterVBS_merged.yoda.gz/MC_ZZJETS:ENERGY=13600/jets_dphi_13
RatioPlotYLabel=Ratio
# END PLOT

# BEGIN HISTO1D //eos/home-y/youpeng/valid/genValidation/masterVBS_merged.yoda.gz/MC_ZZJETS:ENERGY=13600/jets_dphi_13
ErrorBars=1
LineColor=red
LineStyle=solid
Path=//eos/home-y/youpeng/valid/genValidation/masterVBS_merged.yoda.gz/MC_ZZJETS:ENERGY=13600/jets_dphi_13
ScaledBy=1.07182617187499956e-09
Title=VBSZZ@LO(v2918)
# xlow	 xhigh	 val	 errminus	 errplus
0.000000e+00	1.256637e-01	1.555748e-05	3.642730e-07	3.642730e-07
1.256637e-01	2.513274e-01	1.597542e-05	3.691335e-07	3.691335e-07
2.513274e-01	3.769911e-01	1.803951e-05	3.922561e-07	3.922561e-07
3.769911e-01	5.026548e-01	2.256006e-05	4.386593e-07	4.386593e-07
5.026548e-01	6.283185e-01	1.966862e-05	4.095851e-07	4.095851e-07
6.283185e-01	7.539822e-01	1.571101e-05	3.660659e-07	3.660659e-07
7.539822e-01	8.796459e-01	1.396250e-05	3.450951e-07	3.450951e-07
8.796459e-01	1.005310e+00	1.311806e-05	3.344963e-07	3.344963e-07
1.005310e+00	1.130973e+00	1.316935e-05	3.351511e-07	3.351511e-07
1.130973e+00	1.256637e+00	1.142073e-05	3.121071e-07	3.121071e-07
1.256637e+00	1.382301e+00	1.275131e-05	3.297874e-07	3.297874e-07
1.382301e+00	1.507964e+00	1.275994e-05	3.299003e-07	3.299003e-07
1.507964e+00	1.633628e+00	1.297307e-05	3.326428e-07	3.326428e-07
1.633628e+00	1.759292e+00	1.309248e-05	3.341701e-07	3.341701e-07
1.759292e+00	1.884956e+00	1.369806e-05	3.418112e-07	3.418112e-07
1.884956e+00	2.010619e+00	1.516522e-05	3.596523e-07	3.596523e-07
2.010619e+00	2.136283e+00	1.568538e-05	3.657668e-07	3.657668e-07
2.136283e+00	2.261947e+00	1.650420e-05	3.751923e-07	3.751923e-07
2.261947e+00	2.387610e+00	1.815050e-05	3.934620e-07	3.934620e-07
2.387610e+00	2.513274e+00	1.900329e-05	4.025975e-07	4.025975e-07
2.513274e+00	2.638938e+00	2.097356e-05	4.229536e-07	4.229536e-07
2.638938e+00	2.764602e+00	2.076885e-05	4.208846e-07	4.208846e-07
2.764602e+00	2.890265e+00	2.240665e-05	4.371666e-07	4.371666e-07
2.890265e+00	3.015929e+00	2.244060e-05	4.374958e-07	4.374958e-07
3.015929e+00	3.141593e+00	2.342147e-05	4.469549e-07	4.469549e-07
# END HISTO1D


# BEGIN HISTO1D //eos/home-y/youpeng/valid/genValidation/mg352VBS_merged.yoda.gz/MC_ZZJETS:ENERGY=13600/jets_dphi_13
ErrorBars=1
LineColor=blue
LineStyle=solid
Path=//eos/home-y/youpeng/valid/genValidation/mg352VBS_merged.yoda.gz/MC_ZZJETS:ENERGY=13600/jets_dphi_13
ScaledBy=1.07425781250000051e-09
Title=VBSZZ@LO(v352)
# xlow	 xhigh	 val	 errminus	 errplus
0.000000e+00	1.256637e-01	1.566972e-05	3.659990e-07	3.659990e-07
1.256637e-01	2.513274e-01	1.645619e-05	3.750714e-07	3.750714e-07
2.513274e-01	3.769911e-01	1.738800e-05	3.855442e-07	3.855442e-07
3.769911e-01	5.026548e-01	2.166233e-05	4.303304e-07	4.303304e-07
5.026548e-01	6.283185e-01	2.012358e-05	4.147648e-07	4.147648e-07
6.283185e-01	7.539822e-01	1.650749e-05	3.756556e-07	3.756556e-07
7.539822e-01	8.796459e-01	1.407967e-05	3.469329e-07	3.469329e-07
8.796459e-01	1.005310e+00	1.374623e-05	3.427996e-07	3.427996e-07
1.005310e+00	1.130973e+00	1.237000e-05	3.251886e-07	3.251886e-07
1.130973e+00	1.256637e+00	1.201940e-05	3.205460e-07	3.205460e-07
1.256637e+00	1.382301e+00	1.262636e-05	3.285397e-07	3.285397e-07
1.382301e+00	1.507964e+00	1.267775e-05	3.292090e-07	3.292090e-07
1.507964e+00	1.633628e+00	1.320766e-05	3.360175e-07	3.360175e-07
1.633628e+00	1.759292e+00	1.271184e-05	3.296500e-07	3.296500e-07
1.759292e+00	1.884956e+00	1.332735e-05	3.375365e-07	3.375365e-07
1.884956e+00	2.010619e+00	1.472090e-05	3.547461e-07	3.547461e-07
2.010619e+00	2.136283e+00	1.437028e-05	3.504947e-07	3.504947e-07
2.136283e+00	2.261947e+00	1.659293e-05	3.766261e-07	3.766261e-07
2.261947e+00	2.387610e+00	1.757617e-05	3.876257e-07	3.876257e-07
2.387610e+00	2.513274e+00	1.925157e-05	4.056783e-07	4.056783e-07
2.513274e+00	2.638938e+00	2.050821e-05	4.187095e-07	4.187095e-07
2.638938e+00	2.764602e+00	2.062790e-05	4.199294e-07	4.199294e-07
2.764602e+00	2.890265e+00	2.255152e-05	4.390748e-07	4.390748e-07
2.890265e+00	3.015929e+00	2.326943e-05	4.460070e-07	4.460070e-07
3.015929e+00	3.141593e+00	2.279926e-05	4.414781e-07	4.414781e-07
# END HISTO1D


# BEGIN HISTO1D //eos/home-y/youpeng/valid/genValidation/mg35xVBS_merged.yoda.gz/MC_ZZJETS:ENERGY=13600/jets_dphi_13
ErrorBars=1
LineColor=green
LineStyle=solid
Path=//eos/home-y/youpeng/valid/genValidation/mg35xVBS_merged.yoda.gz/MC_ZZJETS:ENERGY=13600/jets_dphi_13
ScaledBy=5.51937791219804204e-10
Title=VBSZZ@LO(v35x)
# xlow	 xhigh	 val	 errminus	 errplus
0.000000e+00	1.256637e-01	7.923496e-06	1.865514e-07	1.865514e-07
1.256637e-01	2.513274e-01	8.230945e-06	1.901363e-07	1.901363e-07
2.513274e-01	3.769911e-01	8.942479e-06	1.981843e-07	1.981843e-07
3.769911e-01	5.026548e-01	1.091018e-05	2.189052e-07	2.189052e-07
5.026548e-01	6.283185e-01	1.065104e-05	2.162899e-07	2.162899e-07
6.283185e-01	7.539822e-01	8.314398e-06	1.910978e-07	1.910978e-07
7.539822e-01	8.796459e-01	7.211963e-06	1.779782e-07	1.779782e-07
8.796459e-01	1.005310e+00	6.882527e-06	1.738655e-07	1.738655e-07
1.005310e+00	1.130973e+00	6.513641e-06	1.691427e-07	1.691427e-07
1.130973e+00	1.256637e+00	6.285197e-06	1.661495e-07	1.661495e-07
1.256637e+00	1.382301e+00	6.162216e-06	1.645160e-07	1.645160e-07
1.382301e+00	1.507964e+00	6.219364e-06	1.652777e-07	1.652777e-07
1.507964e+00	1.633628e+00	6.315942e-06	1.665554e-07	1.665554e-07
1.633628e+00	1.759292e+00	6.654140e-06	1.709565e-07	1.709565e-07
1.759292e+00	1.884956e+00	7.062611e-06	1.761255e-07	1.761255e-07
1.884956e+00	2.010619e+00	7.009961e-06	1.754685e-07	1.754685e-07
2.010619e+00	2.136283e+00	7.853202e-06	1.857219e-07	1.857219e-07
2.136283e+00	2.261947e+00	8.520809e-06	1.934551e-07	1.934551e-07
2.261947e+00	2.387610e+00	9.039160e-06	1.992532e-07	1.992532e-07
2.387610e+00	2.513274e+00	9.596893e-06	2.053076e-07	2.053076e-07
2.513274e+00	2.638938e+00	9.891170e-06	2.084316e-07	2.084316e-07
2.638938e+00	2.764602e+00	1.044019e-05	2.141381e-07	2.141381e-07
2.764602e+00	2.890265e+00	1.101126e-05	2.199175e-07	2.199175e-07
2.890265e+00	3.015929e+00	1.161729e-05	2.258874e-07	2.258874e-07
3.015929e+00	3.141593e+00	1.177980e-05	2.274619e-07	2.274619e-07
# END HISTO1D

