# BEGIN PLOT
Legend=1
LogY=1
Title=$\Delta R$ separation between jets
LegendXPos=0.10
LegendYPos=0.5
XLabel=$\Delta{R}(\mathrm{jet~2,~jet~3})$
YLabel=$\mathrm{d}\sigma/\mathrm{d}\Delta{R}(\mathrm{jet~2,~jet~3})$ [pb]
RemoveOptions=1
DrawOnly=//ospool/cms-user/youpeng/genvalid/genValidation/masterVBS_merged.yoda.gz/MC_ZZJETS:ENERGY=13600/jets_dR_23 //ospool/cms-user/youpeng/genvalid/genValidation/mg352VBS_merged.yoda.gz/MC_ZZJETS:ENERGY=13600/jets_dR_23 //ospool/cms-user/youpeng/genvalid/genValidation/mg35xVBS_merged.yoda.gz/MC_ZZJETS:ENERGY=13600/jets_dR_23
LegendOnly=//ospool/cms-user/youpeng/genvalid/genValidation/masterVBS_merged.yoda.gz/MC_ZZJETS:ENERGY=13600/jets_dR_23 //ospool/cms-user/youpeng/genvalid/genValidation/mg352VBS_merged.yoda.gz/MC_ZZJETS:ENERGY=13600/jets_dR_23 //ospool/cms-user/youpeng/genvalid/genValidation/mg35xVBS_merged.yoda.gz/MC_ZZJETS:ENERGY=13600/jets_dR_23
RatioPlot=1
RatioPlotReference=//ospool/cms-user/youpeng/genvalid/genValidation/masterVBS_merged.yoda.gz/MC_ZZJETS:ENERGY=13600/jets_dR_23
RatioPlotYLabel=Ratio
# END PLOT

# BEGIN HISTO1D //ospool/cms-user/youpeng/genvalid/genValidation/masterVBS_merged.yoda.gz/MC_ZZJETS:ENERGY=13600/jets_dR_23
ErrorBars=1
LineColor=red
LineStyle=solid
Path=//ospool/cms-user/youpeng/genvalid/genValidation/masterVBS_merged.yoda.gz/MC_ZZJETS:ENERGY=13600/jets_dR_23
ScaledBy=1.07182617187499956e-09
Title=VBSZZ@LO(v2918)
# xlow	 xhigh	 val	 errminus	 errplus
0.000000e+00	2.000000e-01	0.000000e+00	0.000000e+00	0.000000e+00
2.000000e-01	4.000000e-01	7.502785e-08	2.005203e-08	2.005203e-08
4.000000e-01	6.000000e-01	2.217073e-05	3.446967e-07	3.446967e-07
6.000000e-01	8.000000e-01	2.079343e-05	3.338184e-07	3.338184e-07
8.000000e-01	1.000000e+00	1.520386e-05	2.854461e-07	2.854461e-07
1.000000e+00	1.200000e+00	1.187048e-05	2.522210e-07	2.522210e-07
1.200000e+00	1.400000e+00	1.020915e-05	2.339063e-07	2.339063e-07
1.400000e+00	1.600000e+00	8.762180e-06	2.166972e-07	2.166972e-07
1.600000e+00	1.800000e+00	7.910075e-06	2.058911e-07	2.058911e-07
1.800000e+00	2.000000e+00	7.159800e-06	1.958834e-07	1.958834e-07
2.000000e+00	2.200000e+00	6.591730e-06	1.879520e-07	1.879520e-07
2.200000e+00	2.400000e+00	6.141565e-06	1.814206e-07	1.814206e-07
2.400000e+00	2.600000e+00	6.806095e-06	1.909836e-07	1.909836e-07
2.600000e+00	2.800000e+00	7.036540e-06	1.941899e-07	1.941899e-07
2.800000e+00	3.000000e+00	7.454550e-06	1.998748e-07	1.998748e-07
3.000000e+00	3.200000e+00	7.942230e-06	2.063091e-07	2.063091e-07
3.200000e+00	3.400000e+00	7.695710e-06	2.030821e-07	2.030821e-07
3.400000e+00	3.600000e+00	7.626045e-06	2.021608e-07	2.021608e-07
3.600000e+00	3.800000e+00	6.993665e-06	1.935975e-07	1.935975e-07
3.800000e+00	4.000000e+00	7.583170e-06	2.015917e-07	2.015917e-07
4.000000e+00	4.200000e+00	7.422395e-06	1.994432e-07	1.994432e-07
4.200000e+00	4.400000e+00	7.283060e-06	1.975623e-07	1.975623e-07
4.400000e+00	4.600000e+00	7.315215e-06	1.979979e-07	1.979979e-07
4.600000e+00	4.800000e+00	7.197315e-06	1.963959e-07	1.963959e-07
4.800000e+00	5.000000e+00	6.865045e-06	1.918090e-07	1.918090e-07
# END HISTO1D


# BEGIN HISTO1D //ospool/cms-user/youpeng/genvalid/genValidation/mg352VBS_merged.yoda.gz/MC_ZZJETS:ENERGY=13600/jets_dR_23
ErrorBars=1
LineColor=blue
LineStyle=solid
Path=//ospool/cms-user/youpeng/genvalid/genValidation/mg352VBS_merged.yoda.gz/MC_ZZJETS:ENERGY=13600/jets_dR_23
ScaledBy=1.07425781250000051e-09
Title=VBSZZ@LO(v352)
# xlow	 xhigh	 val	 errminus	 errplus
0.000000e+00	2.000000e-01	0.000000e+00	0.000000e+00	0.000000e+00
2.000000e-01	4.000000e-01	8.056935e-08	2.080291e-08	2.080291e-08
4.000000e-01	6.000000e-01	2.178058e-05	3.420377e-07	3.420377e-07
6.000000e-01	8.000000e-01	2.058278e-05	3.324997e-07	3.324997e-07
8.000000e-01	1.000000e+00	1.529206e-05	2.865974e-07	2.865974e-07
1.000000e+00	1.200000e+00	1.154290e-05	2.489985e-07	2.489985e-07
1.200000e+00	1.400000e+00	1.000671e-05	2.318382e-07	2.318382e-07
1.400000e+00	1.600000e+00	8.787430e-06	2.172552e-07	2.172552e-07
1.600000e+00	1.800000e+00	7.793740e-06	2.046031e-07	2.046031e-07
1.800000e+00	2.000000e+00	6.794680e-06	1.910398e-07	1.910398e-07
2.000000e+00	2.200000e+00	6.697995e-06	1.896757e-07	1.896757e-07
2.200000e+00	2.400000e+00	6.536860e-06	1.873802e-07	1.873802e-07
2.400000e+00	2.600000e+00	6.622800e-06	1.886080e-07	1.886080e-07
2.600000e+00	2.800000e+00	6.939705e-06	1.930678e-07	1.930678e-07
2.800000e+00	3.000000e+00	7.589630e-06	2.019062e-07	2.019062e-07
3.000000e+00	3.200000e+00	7.981735e-06	2.070560e-07	2.070560e-07
3.200000e+00	3.400000e+00	7.466090e-06	2.002561e-07	2.002561e-07
3.400000e+00	3.600000e+00	7.288840e-06	1.978648e-07	1.978648e-07
3.600000e+00	3.800000e+00	7.815225e-06	2.048849e-07	2.048849e-07
3.800000e+00	4.000000e+00	7.455350e-06	2.001120e-07	2.001120e-07
4.000000e+00	4.200000e+00	7.525175e-06	2.010470e-07	2.010470e-07
4.200000e+00	4.400000e+00	7.090100e-06	1.951486e-07	1.951486e-07
4.400000e+00	4.600000e+00	7.122330e-06	1.955917e-07	1.955917e-07
4.600000e+00	4.800000e+00	6.998790e-06	1.938879e-07	1.938879e-07
4.800000e+00	5.000000e+00	6.783940e-06	1.908887e-07	1.908887e-07
# END HISTO1D


# BEGIN HISTO1D //ospool/cms-user/youpeng/genvalid/genValidation/mg35xVBS_merged.yoda.gz/MC_ZZJETS:ENERGY=13600/jets_dR_23
ErrorBars=1
LineColor=green
LineStyle=solid
Path=//ospool/cms-user/youpeng/genvalid/genValidation/mg35xVBS_merged.yoda.gz/MC_ZZJETS:ENERGY=13600/jets_dR_23
ScaledBy=5.51937791219804204e-10
Title=VBSZZ@LO(v35x)
# xlow	 xhigh	 val	 errminus	 errplus
0.000000e+00	2.000000e-01	0.000000e+00	0.000000e+00	0.000000e+00
2.000000e-01	4.000000e-01	3.035658e-08	9.152853e-09	9.152853e-09
4.000000e-01	6.000000e-01	1.088974e-05	1.733559e-07	1.733559e-07
6.000000e-01	8.000000e-01	1.032675e-05	1.688154e-07	1.688154e-07
8.000000e-01	1.000000e+00	7.727130e-06	1.460290e-07	1.460290e-07
1.000000e+00	1.200000e+00	6.253455e-06	1.313681e-07	1.313681e-07
1.200000e+00	1.400000e+00	5.364835e-06	1.216769e-07	1.216769e-07
1.400000e+00	1.600000e+00	4.302355e-06	1.089640e-07	1.089640e-07
1.600000e+00	1.800000e+00	3.739379e-06	1.015851e-07	1.015851e-07
1.800000e+00	2.000000e+00	3.640030e-06	1.002265e-07	1.002265e-07
2.000000e+00	2.200000e+00	3.176402e-06	9.362629e-08	9.362629e-08
2.200000e+00	2.400000e+00	3.272991e-06	9.503914e-08	9.503914e-08
2.400000e+00	2.600000e+00	3.507564e-06	9.838591e-08	9.838591e-08
2.600000e+00	2.800000e+00	3.568278e-06	9.923375e-08	9.923375e-08
2.800000e+00	3.000000e+00	3.700743e-06	1.010589e-07	1.010589e-07
3.000000e+00	3.200000e+00	4.120215e-06	1.066326e-07	1.066326e-07
3.200000e+00	3.400000e+00	3.816650e-06	1.026293e-07	1.026293e-07
3.400000e+00	3.600000e+00	3.551719e-06	9.900324e-08	9.900324e-08
3.600000e+00	3.800000e+00	3.747658e-06	1.016974e-07	1.016974e-07
3.800000e+00	4.000000e+00	3.791812e-06	1.022948e-07	1.022948e-07
4.000000e+00	4.200000e+00	3.962913e-06	1.045773e-07	1.045773e-07
4.200000e+00	4.400000e+00	3.833208e-06	1.028517e-07	1.028517e-07
4.400000e+00	4.600000e+00	3.634511e-06	1.001505e-07	1.001505e-07
4.600000e+00	4.800000e+00	3.485487e-06	9.807579e-08	9.807579e-08
4.800000e+00	5.000000e+00	3.526882e-06	9.865646e-08	9.865646e-08
# END HISTO1D

