# BEGIN PLOT
Legend=1
LogY=1
Title=Separation between Z boson pair and leading jet
XLabel=$\Delta R(\mathrm{ZZ,~1st~jet})$
YLabel=$\mathrm{d}\sigma/\mathrm{d}\Delta R(\mathrm{ZZ,~1st~jet})$ [pb]
LegendXPos=0.35
LegendYPos=0.5
RemoveOptions=1
DrawOnly=//ospool/cms-user/youpeng/genvalid/genValidation/masterVBS_merged.yoda.gz/MC_ZZJETS:ENERGY=13600/ZZ_jet1_dR //ospool/cms-user/youpeng/genvalid/genValidation/mg352VBS_merged.yoda.gz/MC_ZZJETS:ENERGY=13600/ZZ_jet1_dR //ospool/cms-user/youpeng/genvalid/genValidation/mg35xVBS_merged.yoda.gz/MC_ZZJETS:ENERGY=13600/ZZ_jet1_dR
LegendOnly=//ospool/cms-user/youpeng/genvalid/genValidation/masterVBS_merged.yoda.gz/MC_ZZJETS:ENERGY=13600/ZZ_jet1_dR //ospool/cms-user/youpeng/genvalid/genValidation/mg352VBS_merged.yoda.gz/MC_ZZJETS:ENERGY=13600/ZZ_jet1_dR //ospool/cms-user/youpeng/genvalid/genValidation/mg35xVBS_merged.yoda.gz/MC_ZZJETS:ENERGY=13600/ZZ_jet1_dR
RatioPlot=1
RatioPlotReference=//ospool/cms-user/youpeng/genvalid/genValidation/masterVBS_merged.yoda.gz/MC_ZZJETS:ENERGY=13600/ZZ_jet1_dR
RatioPlotYLabel=Ratio
# END PLOT

# BEGIN HISTO1D //ospool/cms-user/youpeng/genvalid/genValidation/masterVBS_merged.yoda.gz/MC_ZZJETS:ENERGY=13600/ZZ_jet1_dR
ErrorBars=1
LineColor=red
LineStyle=solid
Path=//ospool/cms-user/youpeng/genvalid/genValidation/masterVBS_merged.yoda.gz/MC_ZZJETS:ENERGY=13600/ZZ_jet1_dR
ScaledBy=1.07182617187499956e-09
Title=VBSZZ@LO(v2918)
# xlow	 xhigh	 val	 errminus	 errplus
1.500000e+00	1.720000e+00	2.811108e-06	1.170279e-07	1.170279e-07
1.720000e+00	1.940000e+00	5.096045e-06	1.575678e-07	1.575678e-07
1.940000e+00	2.160000e+00	9.568486e-06	2.159098e-07	2.159098e-07
2.160000e+00	2.380000e+00	1.768513e-05	2.935317e-07	2.935317e-07
2.380000e+00	2.600000e+00	2.834006e-05	3.715791e-07	3.715791e-07
2.600000e+00	2.820000e+00	4.311177e-05	4.582988e-07	4.582988e-07
2.820000e+00	3.040000e+00	6.489909e-05	5.623027e-07	5.623027e-07
3.040000e+00	3.260000e+00	7.406805e-05	6.007120e-07	6.007120e-07
3.260000e+00	3.480000e+00	4.931373e-05	4.901566e-07	4.901566e-07
3.480000e+00	3.700000e+00	3.916550e-05	4.368202e-07	4.368202e-07
3.700000e+00	3.920000e+00	3.308533e-05	4.014843e-07	4.014843e-07
3.920000e+00	4.140000e+00	2.799415e-05	3.693044e-07	3.693044e-07
4.140000e+00	4.360000e+00	2.435481e-05	3.444635e-07	3.444635e-07
4.360000e+00	4.580000e+00	2.051573e-05	3.161508e-07	3.161508e-07
4.580000e+00	4.800000e+00	1.802617e-05	2.963484e-07	2.963484e-07
4.800000e+00	5.020000e+00	1.497146e-05	2.700741e-07	2.700741e-07
5.020000e+00	5.240000e+00	1.259396e-05	2.477034e-07	2.477034e-07
5.240000e+00	5.460000e+00	1.040159e-05	2.251130e-07	2.251130e-07
5.460000e+00	5.680000e+00	8.452809e-06	2.029324e-07	2.029324e-07
5.680000e+00	5.900000e+00	6.986359e-06	1.844914e-07	1.844914e-07
5.900000e+00	6.120000e+00	5.476059e-06	1.633371e-07	1.633371e-07
6.120000e+00	6.340000e+00	4.228841e-06	1.435362e-07	1.435362e-07
6.340000e+00	6.560000e+00	3.079064e-06	1.224786e-07	1.224786e-07
6.560000e+00	6.780000e+00	2.416481e-06	1.085032e-07	1.085032e-07
6.780000e+00	7.000000e+00	1.817233e-06	9.409273e-08	9.409273e-08
# END HISTO1D


# BEGIN HISTO1D //ospool/cms-user/youpeng/genvalid/genValidation/mg352VBS_merged.yoda.gz/MC_ZZJETS:ENERGY=13600/ZZ_jet1_dR
ErrorBars=1
LineColor=blue
LineStyle=solid
Path=//ospool/cms-user/youpeng/genvalid/genValidation/mg352VBS_merged.yoda.gz/MC_ZZJETS:ENERGY=13600/ZZ_jet1_dR
ScaledBy=1.07425781250000051e-09
Title=VBSZZ@LO(v352)
# xlow	 xhigh	 val	 errminus	 errplus
1.500000e+00	1.720000e+00	2.993273e-06	1.208972e-07	1.208972e-07
1.720000e+00	1.940000e+00	4.809745e-06	1.532512e-07	1.532512e-07
1.940000e+00	2.160000e+00	9.321627e-06	2.133481e-07	2.133481e-07
2.160000e+00	2.380000e+00	1.687561e-05	2.870600e-07	2.870600e-07
2.380000e+00	2.600000e+00	2.900496e-05	3.763388e-07	3.763388e-07
2.600000e+00	2.820000e+00	4.422036e-05	4.646800e-07	4.646800e-07
2.820000e+00	3.040000e+00	6.565182e-05	5.661953e-07	5.661953e-07
3.040000e+00	3.260000e+00	7.402614e-05	6.012228e-07	6.012228e-07
3.260000e+00	3.480000e+00	4.861995e-05	4.872481e-07	4.872481e-07
3.480000e+00	3.700000e+00	3.833147e-05	4.326340e-07	4.326340e-07
3.700000e+00	3.920000e+00	3.242305e-05	3.978963e-07	3.978963e-07
3.920000e+00	4.140000e+00	2.802348e-05	3.699167e-07	3.699167e-07
4.140000e+00	4.360000e+00	2.462980e-05	3.467955e-07	3.467955e-07
4.360000e+00	4.580000e+00	2.075759e-05	3.183695e-07	3.183695e-07
4.580000e+00	4.800000e+00	1.788151e-05	2.954915e-07	2.954915e-07
4.800000e+00	5.020000e+00	1.525446e-05	2.729238e-07	2.729238e-07
5.020000e+00	5.240000e+00	1.240768e-05	2.461434e-07	2.461434e-07
5.240000e+00	5.460000e+00	1.034217e-05	2.247237e-07	2.247237e-07
5.460000e+00	5.680000e+00	8.681955e-06	2.058978e-07	2.058978e-07
5.680000e+00	5.900000e+00	6.645750e-06	1.801420e-07	1.801420e-07
5.900000e+00	6.120000e+00	5.556841e-06	1.647240e-07	1.647240e-07
6.120000e+00	6.340000e+00	4.189605e-06	1.430308e-07	1.430308e-07
6.340000e+00	6.560000e+00	3.296018e-06	1.268638e-07	1.268638e-07
6.560000e+00	6.780000e+00	2.500091e-06	1.104895e-07	1.104895e-07
6.780000e+00	7.000000e+00	1.962962e-06	9.790365e-08	9.790365e-08
# END HISTO1D


# BEGIN HISTO1D //ospool/cms-user/youpeng/genvalid/genValidation/mg35xVBS_merged.yoda.gz/MC_ZZJETS:ENERGY=13600/ZZ_jet1_dR
ErrorBars=1
LineColor=green
LineStyle=solid
Path=//ospool/cms-user/youpeng/genvalid/genValidation/mg35xVBS_merged.yoda.gz/MC_ZZJETS:ENERGY=13600/ZZ_jet1_dR
ScaledBy=5.51937791219804204e-10
Title=VBSZZ@LO(v35x)
# xlow	 xhigh	 val	 errminus	 errplus
1.500000e+00	1.720000e+00	1.465144e-06	6.062808e-08	6.062808e-08
1.720000e+00	1.940000e+00	2.476194e-06	7.881812e-08	7.881812e-08
1.940000e+00	2.160000e+00	4.799350e-06	1.097299e-07	1.097299e-07
2.160000e+00	2.380000e+00	8.625282e-06	1.471026e-07	1.471026e-07
2.380000e+00	2.600000e+00	1.426508e-05	1.891781e-07	1.891781e-07
2.600000e+00	2.820000e+00	2.225564e-05	2.362946e-07	2.362946e-07
2.820000e+00	3.040000e+00	3.302846e-05	2.878577e-07	2.878577e-07
3.040000e+00	3.260000e+00	3.752926e-05	3.068448e-07	3.068448e-07
3.260000e+00	3.480000e+00	2.416986e-05	2.462469e-07	2.462469e-07
3.480000e+00	3.700000e+00	1.936298e-05	2.204042e-07	2.204042e-07
3.700000e+00	3.920000e+00	1.691690e-05	2.060127e-07	2.060127e-07
3.920000e+00	4.140000e+00	1.439805e-05	1.900577e-07	1.900577e-07
4.140000e+00	4.360000e+00	1.230821e-05	1.757241e-07	1.757241e-07
4.360000e+00	4.580000e+00	1.049685e-05	1.622793e-07	1.622793e-07
4.580000e+00	4.800000e+00	8.921323e-06	1.496057e-07	1.496057e-07
4.800000e+00	5.020000e+00	7.651864e-06	1.385535e-07	1.385535e-07
5.020000e+00	5.240000e+00	6.256968e-06	1.252898e-07	1.252898e-07
5.240000e+00	5.460000e+00	5.398955e-06	1.163827e-07	1.163827e-07
5.460000e+00	5.680000e+00	4.377870e-06	1.048009e-07	1.048009e-07
5.680000e+00	5.900000e+00	3.444594e-06	9.296141e-08	9.296141e-08
5.900000e+00	6.120000e+00	2.727075e-06	8.271461e-08	8.271461e-08
6.120000e+00	6.340000e+00	2.215278e-06	7.455003e-08	7.455003e-08
6.340000e+00	6.560000e+00	1.643270e-06	6.420784e-08	6.420784e-08
6.560000e+00	6.780000e+00	1.307089e-06	5.726461e-08	5.726461e-08
6.780000e+00	7.000000e+00	9.809441e-07	4.960847e-08	4.960847e-08
# END HISTO1D

