# BEGIN PLOT
Legend=1
LogY=1
Title=Lepton $p_\perp$
XLabel=$p_\perp^{\mathrm{l}}$ [GeV]
YLabel=$\mathrm{d}\sigma/\mathrm{d}p_\perp^{\mathrm{l}}$ [pb/GeV]
LogX=1
RemoveOptions=1
DrawOnly=//eos/home-y/youpeng/valid/genValidation/masterVBS_merged.yoda.gz/MC_ZINC:ENERGY=13000/lepton_pT //eos/home-y/youpeng/valid/genValidation/mg352VBS_merged.yoda.gz/MC_ZINC:ENERGY=13000/lepton_pT
LegendOnly=//eos/home-y/youpeng/valid/genValidation/masterVBS_merged.yoda.gz/MC_ZINC:ENERGY=13000/lepton_pT //eos/home-y/youpeng/valid/genValidation/mg352VBS_merged.yoda.gz/MC_ZINC:ENERGY=13000/lepton_pT
RatioPlot=1
RatioPlotReference=//eos/home-y/youpeng/valid/genValidation/masterVBS_merged.yoda.gz/MC_ZINC:ENERGY=13000/lepton_pT
RatioPlotYLabel=Ratio
# END PLOT

# BEGIN HISTO1D //eos/home-y/youpeng/valid/genValidation/masterVBS_merged.yoda.gz/MC_ZINC:ENERGY=13000/lepton_pT
ErrorBars=1
LineColor=red
LineStyle=solid
Path=//eos/home-y/youpeng/valid/genValidation/masterVBS_merged.yoda.gz/MC_ZINC:ENERGY=13000/lepton_pT
ScaledBy=1.00503000000000010e-06
Title=VBSZZ@NLO(v2918)
# xlow	 xhigh	 val	 errminus	 errplus
1.000000e+01	1.059544e+01	0.000000e+00	0.000000e+00	0.000000e+00
1.059544e+01	1.122633e+01	0.000000e+00	0.000000e+00	0.000000e+00
1.122633e+01	1.189478e+01	0.000000e+00	0.000000e+00	0.000000e+00
1.189478e+01	1.260304e+01	0.000000e+00	0.000000e+00	0.000000e+00
1.260304e+01	1.335347e+01	0.000000e+00	0.000000e+00	0.000000e+00
1.335347e+01	1.414858e+01	0.000000e+00	0.000000e+00	0.000000e+00
1.414858e+01	1.499104e+01	0.000000e+00	0.000000e+00	0.000000e+00
1.499104e+01	1.588366e+01	0.000000e+00	0.000000e+00	0.000000e+00
1.588366e+01	1.682943e+01	0.000000e+00	0.000000e+00	0.000000e+00
1.682943e+01	1.783152e+01	0.000000e+00	0.000000e+00	0.000000e+00
1.783152e+01	1.889327e+01	0.000000e+00	0.000000e+00	0.000000e+00
1.889327e+01	2.001825e+01	0.000000e+00	0.000000e+00	0.000000e+00
2.001825e+01	2.121020e+01	0.000000e+00	0.000000e+00	0.000000e+00
2.121020e+01	2.247314e+01	0.000000e+00	0.000000e+00	0.000000e+00
2.247314e+01	2.381127e+01	0.000000e+00	0.000000e+00	0.000000e+00
2.381127e+01	2.522908e+01	2.126583e-06	1.227783e-06	1.227783e-06
2.522908e+01	2.673131e+01	1.070441e-05	2.676101e-06	2.676101e-06
2.673131e+01	2.832298e+01	1.136576e-05	2.678936e-06	2.678936e-06
2.832298e+01	3.000944e+01	1.489852e-05	2.979703e-06	2.979703e-06
3.000944e+01	3.179631e+01	1.237396e-05	2.638138e-06	2.638138e-06
3.179631e+01	3.368957e+01	1.645623e-05	2.955627e-06	2.955627e-06
3.368957e+01	3.569557e+01	1.603238e-05	2.834152e-06	2.834152e-06
3.569557e+01	3.782101e+01	1.087572e-05	2.267744e-06	2.267744e-06
3.782101e+01	4.007301e+01	9.818233e-06	2.093254e-06	2.093254e-06
4.007301e+01	4.245911e+01	1.095125e-05	2.147717e-06	2.147717e-06
4.245911e+01	4.498727e+01	1.431123e-05	2.385205e-06	2.385205e-06
4.498727e+01	4.766598e+01	9.379795e-06	1.875959e-06	1.875959e-06
4.766598e+01	5.050418e+01	1.026914e-05	1.906931e-06	1.906931e-06
5.050418e+01	5.351138e+01	1.203148e-05	2.005247e-06	2.005247e-06
5.351138e+01	5.669764e+01	1.040907e-05	1.811986e-06	1.811986e-06
5.669764e+01	6.007363e+01	1.131257e-05	1.835142e-06	1.835142e-06
6.007363e+01	6.365063e+01	8.710073e-06	1.564375e-06	1.564375e-06
6.365063e+01	6.744061e+01	5.833978e-06	1.243808e-06	1.243808e-06
6.744061e+01	7.145627e+01	6.256942e-06	1.251388e-06	1.251388e-06
7.145627e+01	7.571103e+01	6.141540e-06	1.204455e-06	1.204455e-06
7.571103e+01	8.021914e+01	7.579899e-06	1.299942e-06	1.299942e-06
8.021914e+01	8.499568e+01	3.997783e-06	9.171543e-07	9.171543e-07
8.499568e+01	9.005663e+01	4.368875e-06	9.314474e-07	9.314474e-07
9.005663e+01	9.541892e+01	3.935936e-06	8.588916e-07	8.588916e-07
9.541892e+01	1.011005e+02	3.891639e-06	8.297003e-07	8.297003e-07
1.011005e+02	1.071204e+02	4.340733e-06	8.512879e-07	8.512879e-07
1.071204e+02	1.134987e+02	2.363553e-06	6.102668e-07	6.102668e-07
1.134987e+02	1.202569e+02	1.487127e-06	4.702707e-07	4.702707e-07
1.202569e+02	1.274174e+02	1.824648e-06	5.060662e-07	5.060662e-07
1.274174e+02	1.350043e+02	9.272839e-07	3.504804e-07	3.504804e-07
1.350043e+02	1.430429e+02	2.500510e-06	5.591311e-07	5.591311e-07
1.430429e+02	1.515602e+02	5.899933e-07	2.638530e-07	2.638530e-07
1.515602e+02	1.605846e+02	8.909446e-07	3.149965e-07	3.149965e-07
1.605846e+02	1.701464e+02	8.408710e-07	2.972928e-07	2.972928e-07
1.701464e+02	1.802776e+02	1.091216e-06	3.290141e-07	3.290141e-07
1.802776e+02	1.910119e+02	1.029907e-06	3.105286e-07	3.105286e-07
1.910119e+02	2.023855e+02	6.185561e-07	2.337922e-07	2.337922e-07
2.023855e+02	2.144362e+02	5.838009e-07	2.206560e-07	2.206560e-07
2.144362e+02	2.272045e+02	2.361387e-07	1.363348e-07	1.363348e-07
2.272045e+02	2.407331e+02	3.714464e-07	1.661159e-07	1.661159e-07
2.407331e+02	2.550672e+02	3.505731e-07	1.567811e-07	1.567811e-07
2.550672e+02	2.702549e+02	1.323479e-07	9.358410e-08	9.358410e-08
2.702549e+02	2.863468e+02	1.249113e-07	8.832563e-08	8.832563e-08
2.863468e+02	3.033969e+02	1.178914e-07	8.336181e-08	8.336181e-08
3.033969e+02	3.214623e+02	1.112657e-07	7.867676e-08	7.867676e-08
3.214623e+02	3.406033e+02	2.100266e-07	1.050133e-07	1.050133e-07
3.406033e+02	3.608840e+02	0.000000e+00	0.000000e+00	0.000000e+00
3.608840e+02	3.823724e+02	4.677082e-08	4.677081e-08	4.677081e-08
3.823724e+02	4.051402e+02	4.414260e-08	4.414260e-08	4.414260e-08
4.051402e+02	4.292637e+02	8.332373e-08	5.891878e-08	5.891878e-08
4.292637e+02	4.548236e+02	0.000000e+00	0.000000e+00	0.000000e+00
4.548236e+02	4.819055e+02	3.711076e-08	3.711076e-08	3.711076e-08
4.819055e+02	5.105999e+02	0.000000e+00	0.000000e+00	0.000000e+00
5.105999e+02	5.410028e+02	3.305704e-08	3.305704e-08	3.305704e-08
5.410028e+02	5.732161e+02	0.000000e+00	0.000000e+00	0.000000e+00
5.732161e+02	6.073474e+02	0.000000e+00	0.000000e+00	0.000000e+00
6.073474e+02	6.435111e+02	0.000000e+00	0.000000e+00	0.000000e+00
6.435111e+02	6.818280e+02	0.000000e+00	0.000000e+00	0.000000e+00
6.818280e+02	7.224265e+02	0.000000e+00	0.000000e+00	0.000000e+00
7.224265e+02	7.654424e+02	0.000000e+00	0.000000e+00	0.000000e+00
7.654424e+02	8.110196e+02	0.000000e+00	0.000000e+00	0.000000e+00
8.110196e+02	8.593106e+02	0.000000e+00	0.000000e+00	0.000000e+00
8.593106e+02	9.104771e+02	0.000000e+00	0.000000e+00	0.000000e+00
9.104771e+02	9.646902e+02	0.000000e+00	0.000000e+00	0.000000e+00
9.646902e+02	1.022131e+03	0.000000e+00	0.000000e+00	0.000000e+00
1.022131e+03	1.082993e+03	0.000000e+00	0.000000e+00	0.000000e+00
1.082993e+03	1.147478e+03	0.000000e+00	0.000000e+00	0.000000e+00
1.147478e+03	1.215803e+03	0.000000e+00	0.000000e+00	0.000000e+00
1.215803e+03	1.288196e+03	0.000000e+00	0.000000e+00	0.000000e+00
1.288196e+03	1.364900e+03	0.000000e+00	0.000000e+00	0.000000e+00
1.364900e+03	1.446171e+03	0.000000e+00	0.000000e+00	0.000000e+00
1.446171e+03	1.532281e+03	0.000000e+00	0.000000e+00	0.000000e+00
1.532281e+03	1.623519e+03	0.000000e+00	0.000000e+00	0.000000e+00
1.623519e+03	1.720189e+03	0.000000e+00	0.000000e+00	0.000000e+00
1.720189e+03	1.822615e+03	0.000000e+00	0.000000e+00	0.000000e+00
1.822615e+03	1.931140e+03	0.000000e+00	0.000000e+00	0.000000e+00
1.931140e+03	2.046127e+03	0.000000e+00	0.000000e+00	0.000000e+00
2.046127e+03	2.167961e+03	0.000000e+00	0.000000e+00	0.000000e+00
2.167961e+03	2.297050e+03	0.000000e+00	0.000000e+00	0.000000e+00
2.297050e+03	2.433824e+03	0.000000e+00	0.000000e+00	0.000000e+00
2.433824e+03	2.578743e+03	0.000000e+00	0.000000e+00	0.000000e+00
2.578743e+03	2.732290e+03	0.000000e+00	0.000000e+00	0.000000e+00
2.732290e+03	2.894981e+03	0.000000e+00	0.000000e+00	0.000000e+00
2.894981e+03	3.067358e+03	0.000000e+00	0.000000e+00	0.000000e+00
3.067358e+03	3.250000e+03	0.000000e+00	0.000000e+00	0.000000e+00
# END HISTO1D


# BEGIN HISTO1D //eos/home-y/youpeng/valid/genValidation/mg352VBS_merged.yoda.gz/MC_ZINC:ENERGY=13000/lepton_pT
ErrorBars=1
LineColor=blue
LineStyle=solid
Path=//eos/home-y/youpeng/valid/genValidation/mg352VBS_merged.yoda.gz/MC_ZINC:ENERGY=13000/lepton_pT
ScaledBy=9.96719999999999835e-07
Title=VBSZZ@NLO(v352)
# xlow	 xhigh	 val	 errminus	 errplus
1.000000e+01	1.059544e+01	0.000000e+00	0.000000e+00	0.000000e+00
1.059544e+01	1.122633e+01	0.000000e+00	0.000000e+00	0.000000e+00
1.122633e+01	1.189478e+01	0.000000e+00	0.000000e+00	0.000000e+00
1.189478e+01	1.260304e+01	0.000000e+00	0.000000e+00	0.000000e+00
1.260304e+01	1.335347e+01	0.000000e+00	0.000000e+00	0.000000e+00
1.335347e+01	1.414858e+01	0.000000e+00	0.000000e+00	0.000000e+00
1.414858e+01	1.499104e+01	0.000000e+00	0.000000e+00	0.000000e+00
1.499104e+01	1.588366e+01	0.000000e+00	0.000000e+00	0.000000e+00
1.588366e+01	1.682943e+01	0.000000e+00	0.000000e+00	0.000000e+00
1.682943e+01	1.783152e+01	0.000000e+00	0.000000e+00	0.000000e+00
1.783152e+01	1.889327e+01	0.000000e+00	0.000000e+00	0.000000e+00
1.889327e+01	2.001825e+01	0.000000e+00	0.000000e+00	0.000000e+00
2.001825e+01	2.121020e+01	0.000000e+00	0.000000e+00	0.000000e+00
2.121020e+01	2.247314e+01	0.000000e+00	0.000000e+00	0.000000e+00
2.247314e+01	2.381127e+01	0.000000e+00	0.000000e+00	0.000000e+00
2.381127e+01	2.522908e+01	2.811999e-06	1.405999e-06	1.405999e-06
2.522908e+01	2.673131e+01	1.393337e-05	3.040510e-06	3.040510e-06
2.673131e+01	2.832298e+01	8.140733e-06	2.257833e-06	2.257833e-06
2.832298e+01	3.000944e+01	1.773039e-05	3.237112e-06	3.237112e-06
3.000944e+01	3.179631e+01	1.394505e-05	2.789011e-06	2.789011e-06
3.179631e+01	3.368957e+01	1.158205e-05	2.469302e-06	2.469302e-06
3.368957e+01	3.569557e+01	1.440921e-05	2.675723e-06	2.675723e-06
3.569557e+01	3.782101e+01	1.359948e-05	2.525360e-06	2.525360e-06
3.782101e+01	4.007301e+01	9.294458e-06	2.028217e-06	2.028217e-06
4.007301e+01	4.245911e+01	1.211386e-05	2.249487e-06	2.249487e-06
4.245911e+01	4.498727e+01	1.379865e-05	2.332398e-06	2.332398e-06
4.498727e+01	4.766598e+01	1.413940e-05	2.293714e-06	2.293714e-06
4.766598e+01	5.050418e+01	9.833049e-06	1.858272e-06	1.858272e-06
5.050418e+01	5.351138e+01	1.027478e-05	1.845405e-06	1.845405e-06
5.351138e+01	5.669764e+01	1.094864e-05	1.850657e-06	1.850657e-06
5.669764e+01	6.007363e+01	1.003809e-05	1.721518e-06	1.721518e-06
6.007363e+01	6.365063e+01	6.687526e-06	1.365086e-06	1.365086e-06
6.365063e+01	6.744061e+01	7.363669e-06	1.391603e-06	1.391603e-06
6.744061e+01	7.145627e+01	7.198040e-06	1.336642e-06	1.336642e-06
7.145627e+01	7.571103e+01	5.387980e-06	1.123471e-06	1.123471e-06
7.571103e+01	8.021914e+01	5.085182e-06	1.060334e-06	1.060334e-06
8.021914e+01	8.499568e+01	4.382067e-06	9.562456e-07	9.562456e-07
8.499568e+01	9.005663e+01	3.348035e-06	8.120178e-07	8.120178e-07
9.005663e+01	9.541892e+01	2.974013e-06	7.435032e-07	7.435032e-07
9.541892e+01	1.011005e+02	3.684032e-06	8.039217e-07	8.039217e-07
1.011005e+02	1.071204e+02	2.317992e-06	6.195094e-07	6.195094e-07
1.071204e+02	1.134987e+02	3.125347e-06	6.988489e-07	6.988489e-07
1.134987e+02	1.202569e+02	2.654695e-06	6.257176e-07	6.257176e-07
1.202569e+02	1.274174e+02	3.062334e-06	6.528918e-07	6.528918e-07
1.274174e+02	1.350043e+02	2.101981e-06	5.254952e-07	5.254952e-07
1.350043e+02	1.430429e+02	1.239917e-06	3.920963e-07	3.920963e-07
1.430429e+02	1.515602e+02	1.404276e-06	4.053796e-07	4.053796e-07
1.515602e+02	1.605846e+02	1.656708e-06	4.277603e-07	4.277603e-07
1.605846e+02	1.701464e+02	7.296785e-07	2.757925e-07	2.757925e-07
1.701464e+02	1.802776e+02	5.902874e-07	2.409838e-07	2.409838e-07
1.802776e+02	1.910119e+02	1.114245e-06	3.216548e-07	3.216548e-07
1.910119e+02	2.023855e+02	7.010762e-07	2.478679e-07	2.478679e-07
2.023855e+02	2.144362e+02	2.481316e-07	1.432589e-07	1.432589e-07
2.144362e+02	2.272045e+02	3.903104e-07	1.745521e-07	1.745521e-07
2.272045e+02	2.407331e+02	5.157252e-07	1.949258e-07	1.949258e-07
2.407331e+02	2.550672e+02	2.781395e-07	1.390698e-07	1.390698e-07
2.550672e+02	2.702549e+02	3.937607e-07	1.607522e-07	1.607522e-07
2.702549e+02	2.863468e+02	3.096962e-07	1.385003e-07	1.385003e-07
2.863468e+02	3.033969e+02	1.753749e-07	1.012528e-07	1.012528e-07
3.033969e+02	3.214623e+02	2.758644e-07	1.233703e-07	1.233703e-07
3.214623e+02	3.406033e+02	1.041450e-07	7.364167e-08	7.364167e-08
3.406033e+02	3.608840e+02	0.000000e+00	0.000000e+00	0.000000e+00
3.608840e+02	3.823724e+02	1.855364e-07	9.276819e-08	9.276819e-08
3.823724e+02	4.051402e+02	8.755523e-08	6.191091e-08	6.191091e-08
4.051402e+02	4.292637e+02	0.000000e+00	0.000000e+00	0.000000e+00
4.292637e+02	4.548236e+02	3.899546e-08	3.899546e-08	3.899546e-08
4.548236e+02	4.819055e+02	0.000000e+00	0.000000e+00	0.000000e+00
4.819055e+02	5.105999e+02	0.000000e+00	0.000000e+00	0.000000e+00
5.105999e+02	5.410028e+02	3.278371e-08	3.278372e-08	3.278372e-08
5.410028e+02	5.732161e+02	0.000000e+00	0.000000e+00	0.000000e+00
5.732161e+02	6.073474e+02	0.000000e+00	0.000000e+00	0.000000e+00
6.073474e+02	6.435111e+02	0.000000e+00	0.000000e+00	0.000000e+00
6.435111e+02	6.818280e+02	0.000000e+00	0.000000e+00	0.000000e+00
6.818280e+02	7.224265e+02	0.000000e+00	0.000000e+00	0.000000e+00
7.224265e+02	7.654424e+02	0.000000e+00	0.000000e+00	0.000000e+00
7.654424e+02	8.110196e+02	0.000000e+00	0.000000e+00	0.000000e+00
8.110196e+02	8.593106e+02	0.000000e+00	0.000000e+00	0.000000e+00
8.593106e+02	9.104771e+02	0.000000e+00	0.000000e+00	0.000000e+00
9.104771e+02	9.646902e+02	0.000000e+00	0.000000e+00	0.000000e+00
9.646902e+02	1.022131e+03	0.000000e+00	0.000000e+00	0.000000e+00
1.022131e+03	1.082993e+03	0.000000e+00	0.000000e+00	0.000000e+00
1.082993e+03	1.147478e+03	0.000000e+00	0.000000e+00	0.000000e+00
1.147478e+03	1.215803e+03	0.000000e+00	0.000000e+00	0.000000e+00
1.215803e+03	1.288196e+03	0.000000e+00	0.000000e+00	0.000000e+00
1.288196e+03	1.364900e+03	0.000000e+00	0.000000e+00	0.000000e+00
1.364900e+03	1.446171e+03	0.000000e+00	0.000000e+00	0.000000e+00
1.446171e+03	1.532281e+03	0.000000e+00	0.000000e+00	0.000000e+00
1.532281e+03	1.623519e+03	0.000000e+00	0.000000e+00	0.000000e+00
1.623519e+03	1.720189e+03	0.000000e+00	0.000000e+00	0.000000e+00
1.720189e+03	1.822615e+03	0.000000e+00	0.000000e+00	0.000000e+00
1.822615e+03	1.931140e+03	0.000000e+00	0.000000e+00	0.000000e+00
1.931140e+03	2.046127e+03	0.000000e+00	0.000000e+00	0.000000e+00
2.046127e+03	2.167961e+03	0.000000e+00	0.000000e+00	0.000000e+00
2.167961e+03	2.297050e+03	0.000000e+00	0.000000e+00	0.000000e+00
2.297050e+03	2.433824e+03	0.000000e+00	0.000000e+00	0.000000e+00
2.433824e+03	2.578743e+03	0.000000e+00	0.000000e+00	0.000000e+00
2.578743e+03	2.732290e+03	0.000000e+00	0.000000e+00	0.000000e+00
2.732290e+03	2.894981e+03	0.000000e+00	0.000000e+00	0.000000e+00
2.894981e+03	3.067358e+03	0.000000e+00	0.000000e+00	0.000000e+00
3.067358e+03	3.250000e+03	0.000000e+00	0.000000e+00	0.000000e+00
# END HISTO1D

