# BEGIN PLOT
Legend=1
LogY=1
Title=Lepton $\eta$
XLabel=$\eta_{\mathrm{l}}$ [GeV]
YLabel=$\mathrm{d}\sigma/\mathrm{d}\eta_{\mathrm{l}}$ [pb/GeV]
RemoveOptions=1
DrawOnly=//eos/home-y/youpeng/valid/genValidation/masterVBS_merged.yoda.gz/MC_ZINC:ENERGY=13000/lepton_eta //eos/home-y/youpeng/valid/genValidation/mg352VBS_merged.yoda.gz/MC_ZINC:ENERGY=13000/lepton_eta
LegendOnly=//eos/home-y/youpeng/valid/genValidation/masterVBS_merged.yoda.gz/MC_ZINC:ENERGY=13000/lepton_eta //eos/home-y/youpeng/valid/genValidation/mg352VBS_merged.yoda.gz/MC_ZINC:ENERGY=13000/lepton_eta
RatioPlot=1
RatioPlotReference=//eos/home-y/youpeng/valid/genValidation/masterVBS_merged.yoda.gz/MC_ZINC:ENERGY=13000/lepton_eta
RatioPlotYLabel=Ratio
# END PLOT

# BEGIN HISTO1D //eos/home-y/youpeng/valid/genValidation/masterVBS_merged.yoda.gz/MC_ZINC:ENERGY=13000/lepton_eta
ErrorBars=1
LineColor=red
LineStyle=solid
Path=//eos/home-y/youpeng/valid/genValidation/masterVBS_merged.yoda.gz/MC_ZINC:ENERGY=13000/lepton_eta
ScaledBy=1.00503000000000010e-06
Title=VBSZZ@NLO(v2918)
# xlow	 xhigh	 val	 errminus	 errplus
-4.000000e+00	-3.800000e+00	0.000000e+00	0.000000e+00	0.000000e+00
-3.800000e+00	-3.600000e+00	0.000000e+00	0.000000e+00	0.000000e+00
-3.600000e+00	-3.400000e+00	0.000000e+00	0.000000e+00	0.000000e+00
-3.400000e+00	-3.200000e+00	0.000000e+00	0.000000e+00	0.000000e+00
-3.200000e+00	-3.000000e+00	0.000000e+00	0.000000e+00	0.000000e+00
-3.000000e+00	-2.800000e+00	2.512575e-05	1.123658e-05	1.123658e-05
-2.800000e+00	-2.600000e+00	4.522635e-05	1.507545e-05	1.507545e-05
-2.600000e+00	-2.400000e+00	6.030180e-05	1.740763e-05	1.740763e-05
-2.400000e+00	-2.200000e+00	2.512575e-05	1.123658e-05	1.123658e-05
-2.200000e+00	-2.000000e+00	6.532695e-05	1.811844e-05	1.811844e-05
-2.000000e+00	-1.800000e+00	9.547785e-05	2.190412e-05	2.190412e-05
-1.800000e+00	-1.600000e+00	1.507545e-04	2.752388e-05	2.752388e-05
-1.600000e+00	-1.400000e+00	1.909557e-04	3.097710e-05	3.097710e-05
-1.400000e+00	-1.200000e+00	1.758803e-04	2.972919e-05	2.972919e-05
-1.200000e+00	-1.000000e+00	1.256288e-04	2.512575e-05	2.512575e-05
-1.000000e+00	-8.000000e-01	1.959809e-04	3.138205e-05	3.138205e-05
-8.000000e-01	-6.000000e-01	2.311569e-04	3.408222e-05	3.408222e-05
-6.000000e-01	-4.000000e-01	2.261318e-04	3.370973e-05	3.370973e-05
-4.000000e-01	-2.000000e-01	2.060311e-04	3.217666e-05	3.217666e-05
-2.000000e-01	0.000000e+00	1.859306e-04	3.056680e-05	3.056680e-05
0.000000e+00	2.000000e-01	2.060311e-04	3.217666e-05	3.217666e-05
2.000000e-01	4.000000e-01	2.361820e-04	3.445069e-05	3.445069e-05
4.000000e-01	6.000000e-01	1.959809e-04	3.138205e-05	3.138205e-05
6.000000e-01	8.000000e-01	2.211066e-04	3.333307e-05	3.333307e-05
8.000000e-01	1.000000e+00	2.160815e-04	3.295211e-05	3.295211e-05
1.000000e+00	1.200000e+00	2.110563e-04	3.256669e-05	3.256669e-05
1.200000e+00	1.400000e+00	1.507545e-04	2.752388e-05	2.752388e-05
1.400000e+00	1.600000e+00	1.256287e-04	2.512575e-05	2.512575e-05
1.600000e+00	1.800000e+00	1.608048e-04	2.842654e-05	2.842654e-05
1.800000e+00	2.000000e+00	1.055282e-04	2.302813e-05	2.302813e-05
2.000000e+00	2.200000e+00	9.045270e-05	2.131991e-05	2.131991e-05
2.200000e+00	2.400000e+00	7.537725e-05	1.946232e-05	1.946232e-05
2.400000e+00	2.600000e+00	3.517605e-05	1.329530e-05	1.329530e-05
2.600000e+00	2.800000e+00	3.015090e-05	1.230905e-05	1.230905e-05
2.800000e+00	3.000000e+00	3.517605e-05	1.329530e-05	1.329530e-05
3.000000e+00	3.200000e+00	0.000000e+00	0.000000e+00	0.000000e+00
3.200000e+00	3.400000e+00	0.000000e+00	0.000000e+00	0.000000e+00
3.400000e+00	3.600000e+00	0.000000e+00	0.000000e+00	0.000000e+00
3.600000e+00	3.800000e+00	0.000000e+00	0.000000e+00	0.000000e+00
3.800000e+00	4.000000e+00	0.000000e+00	0.000000e+00	0.000000e+00
# END HISTO1D


# BEGIN HISTO1D //eos/home-y/youpeng/valid/genValidation/mg352VBS_merged.yoda.gz/MC_ZINC:ENERGY=13000/lepton_eta
ErrorBars=1
LineColor=blue
LineStyle=solid
Path=//eos/home-y/youpeng/valid/genValidation/mg352VBS_merged.yoda.gz/MC_ZINC:ENERGY=13000/lepton_eta
ScaledBy=9.96719999999999835e-07
Title=VBSZZ@NLO(v352)
# xlow	 xhigh	 val	 errminus	 errplus
-4.000000e+00	-3.800000e+00	0.000000e+00	0.000000e+00	0.000000e+00
-3.800000e+00	-3.600000e+00	0.000000e+00	0.000000e+00	0.000000e+00
-3.600000e+00	-3.400000e+00	0.000000e+00	0.000000e+00	0.000000e+00
-3.400000e+00	-3.200000e+00	0.000000e+00	0.000000e+00	0.000000e+00
-3.200000e+00	-3.000000e+00	0.000000e+00	0.000000e+00	0.000000e+00
-3.000000e+00	-2.800000e+00	1.993440e-05	9.967200e-06	9.967200e-06
-2.800000e+00	-2.600000e+00	3.986880e-05	1.409575e-05	1.409575e-05
-2.600000e+00	-2.400000e+00	6.478680e-05	1.796863e-05	1.796863e-05
-2.400000e+00	-2.200000e+00	3.986880e-05	1.409575e-05	1.409575e-05
-2.200000e+00	-2.000000e+00	8.472120e-05	2.054791e-05	2.054791e-05
-2.000000e+00	-1.800000e+00	1.196064e-04	2.441456e-05	2.441456e-05
-1.800000e+00	-1.600000e+00	1.644588e-04	2.862860e-05	2.862860e-05
-1.600000e+00	-1.400000e+00	1.295736e-04	2.541147e-05	2.541147e-05
-1.400000e+00	-1.200000e+00	1.843932e-04	3.031406e-05	3.031406e-05
-1.200000e+00	-1.000000e+00	1.395408e-04	2.637073e-05	2.637073e-05
-1.000000e+00	-8.000000e-01	2.093112e-04	3.229742e-05	3.229742e-05
-8.000000e-01	-6.000000e-01	2.142948e-04	3.267965e-05	3.267965e-05
-6.000000e-01	-4.000000e-01	2.342292e-04	3.416584e-05	3.416584e-05
-4.000000e-01	-2.000000e-01	2.491800e-04	3.523937e-05	3.523937e-05
-2.000000e-01	0.000000e+00	2.093112e-04	3.229742e-05	3.229742e-05
0.000000e+00	2.000000e-01	2.192784e-04	3.305746e-05	3.305746e-05
2.000000e-01	4.000000e-01	2.840652e-04	3.762535e-05	3.762535e-05
4.000000e-01	6.000000e-01	1.893768e-04	3.072097e-05	3.072097e-05
6.000000e-01	8.000000e-01	2.093112e-04	3.229742e-05	3.229742e-05
8.000000e-01	1.000000e+00	1.843932e-04	3.031406e-05	3.031406e-05
1.000000e+00	1.200000e+00	1.694424e-04	2.905913e-05	2.905913e-05
1.200000e+00	1.400000e+00	1.495080e-04	2.729630e-05	2.729630e-05
1.400000e+00	1.600000e+00	9.468840e-05	2.172301e-05	2.172301e-05
1.600000e+00	1.800000e+00	1.046556e-04	2.283773e-05	2.283773e-05
1.800000e+00	2.000000e+00	1.495080e-04	2.729630e-05	2.729630e-05
2.000000e+00	2.200000e+00	7.973760e-05	1.993440e-05	1.993440e-05
2.200000e+00	2.400000e+00	7.475400e-05	1.930140e-05	1.930140e-05
2.400000e+00	2.600000e+00	7.475400e-05	1.930140e-05	1.930140e-05
2.600000e+00	2.800000e+00	3.986880e-05	1.409575e-05	1.409575e-05
2.800000e+00	3.000000e+00	2.990160e-05	1.220728e-05	1.220728e-05
3.000000e+00	3.200000e+00	0.000000e+00	0.000000e+00	0.000000e+00
3.200000e+00	3.400000e+00	0.000000e+00	0.000000e+00	0.000000e+00
3.400000e+00	3.600000e+00	0.000000e+00	0.000000e+00	0.000000e+00
3.600000e+00	3.800000e+00	0.000000e+00	0.000000e+00	0.000000e+00
3.800000e+00	4.000000e+00	0.000000e+00	0.000000e+00	0.000000e+00
# END HISTO1D

