# BEGIN PLOT
Legend=1
LogY=1
Title=Z mass
XLabel=$m_{\mathrm{Z}}$ [GeV]
YLabel=$\mathrm{d}\sigma/\mathrm{d}m_{\mathrm{Z}}$ [pb/GeV]
RemoveOptions=1
DrawOnly=//eos/home-y/youpeng/valid/genValidation/masterVBS_merged.yoda.gz/MC_ZINC:ENERGY=13000/Z_mass //eos/home-y/youpeng/valid/genValidation/mg352VBS_merged.yoda.gz/MC_ZINC:ENERGY=13000/Z_mass
LegendOnly=//eos/home-y/youpeng/valid/genValidation/masterVBS_merged.yoda.gz/MC_ZINC:ENERGY=13000/Z_mass //eos/home-y/youpeng/valid/genValidation/mg352VBS_merged.yoda.gz/MC_ZINC:ENERGY=13000/Z_mass
RatioPlot=1
RatioPlotReference=//eos/home-y/youpeng/valid/genValidation/masterVBS_merged.yoda.gz/MC_ZINC:ENERGY=13000/Z_mass
RatioPlotYLabel=Ratio
# END PLOT

# BEGIN HISTO1D //eos/home-y/youpeng/valid/genValidation/masterVBS_merged.yoda.gz/MC_ZINC:ENERGY=13000/Z_mass
ErrorBars=1
LineColor=red
LineStyle=solid
Path=//eos/home-y/youpeng/valid/genValidation/masterVBS_merged.yoda.gz/MC_ZINC:ENERGY=13000/Z_mass
ScaledBy=1.00503000000000010e-06
Title=VBSZZ@NLO(v2918)
# xlow	 xhigh	 val	 errminus	 errplus
6.600000e+01	6.700000e+01	1.005030e-06	1.005030e-06	1.005030e-06
6.700000e+01	6.800000e+01	0.000000e+00	0.000000e+00	0.000000e+00
6.800000e+01	6.900000e+01	2.010060e-06	1.421327e-06	1.421327e-06
6.900000e+01	7.000000e+01	1.005030e-06	1.005030e-06	1.005030e-06
7.000000e+01	7.100000e+01	0.000000e+00	0.000000e+00	0.000000e+00
7.100000e+01	7.200000e+01	1.005030e-06	1.005030e-06	1.005030e-06
7.200000e+01	7.300000e+01	0.000000e+00	0.000000e+00	0.000000e+00
7.300000e+01	7.400000e+01	0.000000e+00	0.000000e+00	0.000000e+00
7.400000e+01	7.500000e+01	1.005030e-06	1.005030e-06	1.005030e-06
7.500000e+01	7.600000e+01	1.005030e-06	1.005030e-06	1.005030e-06
7.600000e+01	7.700000e+01	1.005030e-06	1.005030e-06	1.005030e-06
7.700000e+01	7.800000e+01	0.000000e+00	0.000000e+00	0.000000e+00
7.800000e+01	7.900000e+01	0.000000e+00	0.000000e+00	0.000000e+00
7.900000e+01	8.000000e+01	1.005030e-06	1.005030e-06	1.005030e-06
8.000000e+01	8.100000e+01	2.010060e-06	1.421327e-06	1.421327e-06
8.100000e+01	8.200000e+01	2.010060e-06	1.421327e-06	1.421327e-06
8.200000e+01	8.300000e+01	1.005030e-06	1.005030e-06	1.005030e-06
8.300000e+01	8.400000e+01	4.020120e-06	2.010060e-06	2.010060e-06
8.400000e+01	8.500000e+01	4.020120e-06	2.010060e-06	2.010060e-06
8.500000e+01	8.600000e+01	6.030180e-06	2.461811e-06	2.461811e-06
8.600000e+01	8.700000e+01	7.035210e-06	2.659059e-06	2.659059e-06
8.700000e+01	8.800000e+01	1.105533e-05	3.333308e-06	3.333308e-06
8.800000e+01	8.900000e+01	2.110563e-05	4.605626e-06	4.605626e-06
8.900000e+01	9.000000e+01	5.025150e-05	7.106636e-06	7.106636e-06
9.000000e+01	9.100000e+01	7.537725e-05	8.703815e-06	8.703815e-06
9.100000e+01	9.200000e+01	1.055282e-04	1.029850e-05	1.029850e-05
9.200000e+01	9.300000e+01	5.728671e-05	7.587810e-06	7.587810e-06
9.300000e+01	9.400000e+01	1.909557e-05	4.380824e-06	4.380824e-06
9.400000e+01	9.500000e+01	1.608048e-05	4.020119e-06	4.020119e-06
9.500000e+01	9.600000e+01	5.025150e-06	2.247316e-06	2.247316e-06
9.600000e+01	9.700000e+01	1.005030e-06	1.005030e-06	1.005030e-06
9.700000e+01	9.800000e+01	5.025150e-06	2.247316e-06	2.247316e-06
9.800000e+01	9.900000e+01	1.005030e-06	1.005030e-06	1.005030e-06
9.900000e+01	1.000000e+02	0.000000e+00	0.000000e+00	0.000000e+00
1.000000e+02	1.010000e+02	0.000000e+00	0.000000e+00	0.000000e+00
1.010000e+02	1.020000e+02	2.010060e-06	1.421327e-06	1.421327e-06
1.020000e+02	1.030000e+02	1.005030e-06	1.005030e-06	1.005030e-06
1.030000e+02	1.040000e+02	1.005030e-06	1.005030e-06	1.005030e-06
1.040000e+02	1.050000e+02	0.000000e+00	0.000000e+00	0.000000e+00
1.050000e+02	1.060000e+02	2.010060e-06	1.421327e-06	1.421327e-06
1.060000e+02	1.070000e+02	0.000000e+00	0.000000e+00	0.000000e+00
1.070000e+02	1.080000e+02	0.000000e+00	0.000000e+00	0.000000e+00
1.080000e+02	1.090000e+02	0.000000e+00	0.000000e+00	0.000000e+00
1.090000e+02	1.100000e+02	0.000000e+00	0.000000e+00	0.000000e+00
1.100000e+02	1.110000e+02	0.000000e+00	0.000000e+00	0.000000e+00
1.110000e+02	1.120000e+02	0.000000e+00	0.000000e+00	0.000000e+00
1.120000e+02	1.130000e+02	1.005030e-06	1.005030e-06	1.005030e-06
1.130000e+02	1.140000e+02	0.000000e+00	0.000000e+00	0.000000e+00
1.140000e+02	1.150000e+02	0.000000e+00	0.000000e+00	0.000000e+00
1.150000e+02	1.160000e+02	0.000000e+00	0.000000e+00	0.000000e+00
# END HISTO1D


# BEGIN HISTO1D //eos/home-y/youpeng/valid/genValidation/mg352VBS_merged.yoda.gz/MC_ZINC:ENERGY=13000/Z_mass
ErrorBars=1
LineColor=blue
LineStyle=solid
Path=//eos/home-y/youpeng/valid/genValidation/mg352VBS_merged.yoda.gz/MC_ZINC:ENERGY=13000/Z_mass
ScaledBy=9.96719999999999835e-07
Title=VBSZZ@NLO(v352)
# xlow	 xhigh	 val	 errminus	 errplus
6.600000e+01	6.700000e+01	0.000000e+00	0.000000e+00	0.000000e+00
6.700000e+01	6.800000e+01	9.967200e-07	9.967200e-07	9.967200e-07
6.800000e+01	6.900000e+01	0.000000e+00	0.000000e+00	0.000000e+00
6.900000e+01	7.000000e+01	0.000000e+00	0.000000e+00	0.000000e+00
7.000000e+01	7.100000e+01	0.000000e+00	0.000000e+00	0.000000e+00
7.100000e+01	7.200000e+01	0.000000e+00	0.000000e+00	0.000000e+00
7.200000e+01	7.300000e+01	9.967200e-07	9.967200e-07	9.967200e-07
7.300000e+01	7.400000e+01	0.000000e+00	0.000000e+00	0.000000e+00
7.400000e+01	7.500000e+01	1.993440e-06	1.409575e-06	1.409575e-06
7.500000e+01	7.600000e+01	0.000000e+00	0.000000e+00	0.000000e+00
7.600000e+01	7.700000e+01	1.993440e-06	1.409575e-06	1.409575e-06
7.700000e+01	7.800000e+01	0.000000e+00	0.000000e+00	0.000000e+00
7.800000e+01	7.900000e+01	0.000000e+00	0.000000e+00	0.000000e+00
7.900000e+01	8.000000e+01	9.967200e-07	9.967200e-07	9.967200e-07
8.000000e+01	8.100000e+01	0.000000e+00	0.000000e+00	0.000000e+00
8.100000e+01	8.200000e+01	0.000000e+00	0.000000e+00	0.000000e+00
8.200000e+01	8.300000e+01	9.967200e-07	9.967200e-07	9.967200e-07
8.300000e+01	8.400000e+01	3.986880e-06	1.993440e-06	1.993440e-06
8.400000e+01	8.500000e+01	3.986880e-06	1.993440e-06	1.993440e-06
8.500000e+01	8.600000e+01	7.973760e-06	2.819150e-06	2.819150e-06
8.600000e+01	8.700000e+01	6.977040e-06	2.637073e-06	2.637073e-06
8.700000e+01	8.800000e+01	1.096392e-05	3.305747e-06	3.305747e-06
8.800000e+01	8.900000e+01	1.495080e-05	3.860280e-06	3.860280e-06
8.900000e+01	9.000000e+01	3.887208e-05	6.224514e-06	6.224514e-06
9.000000e+01	9.100000e+01	8.272776e-05	9.080551e-06	9.080551e-06
9.100000e+01	9.200000e+01	1.106359e-04	1.050110e-05	1.050110e-05
9.200000e+01	9.300000e+01	5.681304e-05	7.525071e-06	7.525071e-06
9.300000e+01	9.400000e+01	2.491800e-05	4.983600e-06	4.983600e-06
9.400000e+01	9.500000e+01	1.395408e-05	3.729385e-06	3.729385e-06
9.500000e+01	9.600000e+01	6.977040e-06	2.637073e-06	2.637073e-06
9.600000e+01	9.700000e+01	3.986880e-06	1.993440e-06	1.993440e-06
9.700000e+01	9.800000e+01	5.980320e-06	2.441456e-06	2.441456e-06
9.800000e+01	9.900000e+01	3.986880e-06	1.993440e-06	1.993440e-06
9.900000e+01	1.000000e+02	9.967200e-07	9.967200e-07	9.967200e-07
1.000000e+02	1.010000e+02	9.967200e-07	9.967200e-07	9.967200e-07
1.010000e+02	1.020000e+02	0.000000e+00	0.000000e+00	0.000000e+00
1.020000e+02	1.030000e+02	1.993440e-06	1.409575e-06	1.409575e-06
1.030000e+02	1.040000e+02	9.967200e-07	9.967200e-07	9.967200e-07
1.040000e+02	1.050000e+02	0.000000e+00	0.000000e+00	0.000000e+00
1.050000e+02	1.060000e+02	9.967200e-07	9.967200e-07	9.967200e-07
1.060000e+02	1.070000e+02	0.000000e+00	0.000000e+00	0.000000e+00
1.070000e+02	1.080000e+02	0.000000e+00	0.000000e+00	0.000000e+00
1.080000e+02	1.090000e+02	9.967200e-07	9.967200e-07	9.967200e-07
1.090000e+02	1.100000e+02	0.000000e+00	0.000000e+00	0.000000e+00
1.100000e+02	1.110000e+02	9.967200e-07	9.967200e-07	9.967200e-07
1.110000e+02	1.120000e+02	0.000000e+00	0.000000e+00	0.000000e+00
1.120000e+02	1.130000e+02	0.000000e+00	0.000000e+00	0.000000e+00
1.130000e+02	1.140000e+02	0.000000e+00	0.000000e+00	0.000000e+00
1.140000e+02	1.150000e+02	9.967200e-07	9.967200e-07	9.967200e-07
1.150000e+02	1.160000e+02	9.967200e-07	9.967200e-07	9.967200e-07
# END HISTO1D

