# BEGIN PLOT
Legend=1
LogY=1
Title=$\log_{10}$($k_\perp$ jet resolution $1 \to 2$ [GeV])
XLabel=$\log_{10}(d_{12}/\mathrm{GeV})$
YLabel=$\mathrm{d}\sigma/\mathrm{d}\log_{10}(d_{12}/\mathrm{GeV})$ [pb]
LegendXPos=0.15
LegendYPos=0.5
Rebin=2
RemoveOptions=1
DrawOnly=//eos/home-y/youpeng/valid/genValidation/masterVBS_merged.yoda.gz/MC_ZKTSPLITTINGS:ENERGY=13000/log10_d_12 //eos/home-y/youpeng/valid/genValidation/mg352VBS_merged.yoda.gz/MC_ZKTSPLITTINGS:ENERGY=13000/log10_d_12
LegendOnly=//eos/home-y/youpeng/valid/genValidation/masterVBS_merged.yoda.gz/MC_ZKTSPLITTINGS:ENERGY=13000/log10_d_12 //eos/home-y/youpeng/valid/genValidation/mg352VBS_merged.yoda.gz/MC_ZKTSPLITTINGS:ENERGY=13000/log10_d_12
RatioPlot=1
RatioPlotReference=//eos/home-y/youpeng/valid/genValidation/masterVBS_merged.yoda.gz/MC_ZKTSPLITTINGS:ENERGY=13000/log10_d_12
RatioPlotYLabel=Ratio
# END PLOT

# BEGIN HISTO1D //eos/home-y/youpeng/valid/genValidation/masterVBS_merged.yoda.gz/MC_ZKTSPLITTINGS:ENERGY=13000/log10_d_12
ErrorBars=1
LineColor=red
LineStyle=solid
Path=//eos/home-y/youpeng/valid/genValidation/masterVBS_merged.yoda.gz/MC_ZKTSPLITTINGS:ENERGY=13000/log10_d_12
ScaledBy=1.00503000000000010e-06
Title=VBSZZ@NLO(v2918)
# xlow	 xhigh	 val	 errminus	 errplus
2.000000e-01	2.361291e-01	0.000000e+00	0.000000e+00	0.000000e+00
2.361291e-01	2.722583e-01	0.000000e+00	0.000000e+00	0.000000e+00
2.722583e-01	3.083874e-01	0.000000e+00	0.000000e+00	0.000000e+00
3.083874e-01	3.445165e-01	0.000000e+00	0.000000e+00	0.000000e+00
3.445165e-01	3.806457e-01	0.000000e+00	0.000000e+00	0.000000e+00
3.806457e-01	4.167748e-01	0.000000e+00	0.000000e+00	0.000000e+00
4.167748e-01	4.529039e-01	0.000000e+00	0.000000e+00	0.000000e+00
4.529039e-01	4.890331e-01	0.000000e+00	0.000000e+00	0.000000e+00
4.890331e-01	5.251622e-01	0.000000e+00	0.000000e+00	0.000000e+00
5.251622e-01	5.612913e-01	0.000000e+00	0.000000e+00	0.000000e+00
5.612913e-01	5.974205e-01	0.000000e+00	0.000000e+00	0.000000e+00
5.974205e-01	6.335496e-01	0.000000e+00	0.000000e+00	0.000000e+00
6.335496e-01	6.696787e-01	0.000000e+00	0.000000e+00	0.000000e+00
6.696787e-01	7.058079e-01	0.000000e+00	0.000000e+00	0.000000e+00
7.058079e-01	7.419370e-01	0.000000e+00	0.000000e+00	0.000000e+00
7.419370e-01	7.780661e-01	0.000000e+00	0.000000e+00	0.000000e+00
7.780661e-01	8.141953e-01	0.000000e+00	0.000000e+00	0.000000e+00
8.141953e-01	8.503244e-01	0.000000e+00	0.000000e+00	0.000000e+00
8.503244e-01	8.864535e-01	0.000000e+00	0.000000e+00	0.000000e+00
8.864535e-01	9.225827e-01	0.000000e+00	0.000000e+00	0.000000e+00
9.225827e-01	9.587118e-01	0.000000e+00	0.000000e+00	0.000000e+00
9.587118e-01	9.948409e-01	0.000000e+00	0.000000e+00	0.000000e+00
9.948409e-01	1.030970e+00	0.000000e+00	0.000000e+00	0.000000e+00
1.030970e+00	1.067099e+00	0.000000e+00	0.000000e+00	0.000000e+00
1.067099e+00	1.103228e+00	0.000000e+00	0.000000e+00	0.000000e+00
1.103228e+00	1.139357e+00	0.000000e+00	0.000000e+00	0.000000e+00
1.139357e+00	1.175487e+00	0.000000e+00	0.000000e+00	0.000000e+00
1.175487e+00	1.211616e+00	0.000000e+00	0.000000e+00	0.000000e+00
1.211616e+00	1.247745e+00	0.000000e+00	0.000000e+00	0.000000e+00
1.247745e+00	1.283874e+00	0.000000e+00	0.000000e+00	0.000000e+00
1.283874e+00	1.320003e+00	0.000000e+00	0.000000e+00	0.000000e+00
1.320003e+00	1.356132e+00	0.000000e+00	0.000000e+00	0.000000e+00
1.356132e+00	1.392261e+00	0.000000e+00	0.000000e+00	0.000000e+00
1.392261e+00	1.428391e+00	1.390852e-04	6.220082e-05	6.220082e-05
1.428391e+00	1.464520e+00	0.000000e+00	0.000000e+00	0.000000e+00
1.464520e+00	1.500649e+00	5.563564e-05	3.934034e-05	3.934034e-05
1.500649e+00	1.536778e+00	2.781782e-05	2.781782e-05	2.781782e-05
1.536778e+00	1.572907e+00	1.112713e-04	5.563564e-05	5.563564e-05
1.572907e+00	1.609036e+00	1.390891e-04	6.220254e-05	6.220254e-05
1.609036e+00	1.645165e+00	5.563564e-05	3.934034e-05	3.934034e-05
1.645165e+00	1.681294e+00	1.390891e-04	6.220254e-05	6.220254e-05
1.681294e+00	1.717424e+00	1.947193e-04	7.359699e-05	7.359699e-05
1.717424e+00	1.753553e+00	1.669069e-04	6.813946e-05	6.813946e-05
1.753553e+00	1.789682e+00	5.007208e-04	1.180210e-04	1.180210e-04
1.789682e+00	1.825811e+00	5.563564e-04	1.244051e-04	1.244051e-04
1.825811e+00	1.861940e+00	4.172673e-04	1.077380e-04	1.077380e-04
1.861940e+00	1.898069e+00	8.067168e-04	1.498035e-04	1.498035e-04
1.898069e+00	1.934198e+00	4.729029e-04	1.146958e-04	1.146958e-04
1.934198e+00	1.970328e+00	6.676092e-04	1.362752e-04	1.362752e-04
1.970328e+00	2.006457e+00	9.179880e-04	1.598012e-04	1.598012e-04
2.006457e+00	2.042586e+00	5.563564e-04	1.244051e-04	1.244051e-04
2.042586e+00	2.078715e+00	6.954455e-04	1.390891e-04	1.390891e-04
2.078715e+00	2.114844e+00	6.398098e-04	1.334096e-04	1.334096e-04
2.114844e+00	2.150973e+00	5.841742e-04	1.274773e-04	1.274773e-04
2.150973e+00	2.187102e+00	6.676277e-04	1.362789e-04	1.362789e-04
2.187102e+00	2.223231e+00	6.676277e-04	1.362789e-04	1.362789e-04
2.223231e+00	2.259361e+00	3.338046e-04	9.636107e-05	9.636107e-05
2.259361e+00	2.295490e+00	4.172673e-04	1.077380e-04	1.077380e-04
2.295490e+00	2.331619e+00	1.669069e-04	6.813946e-05	6.813946e-05
2.331619e+00	2.367748e+00	1.112713e-04	5.563564e-05	5.563564e-05
2.367748e+00	2.403877e+00	1.947247e-04	7.359903e-05	7.359903e-05
2.403877e+00	2.440006e+00	1.669069e-04	6.813946e-05	6.813946e-05
2.440006e+00	2.476135e+00	1.669069e-04	6.813946e-05	6.813946e-05
2.476135e+00	2.512265e+00	1.112682e-04	5.563410e-05	5.563410e-05
2.512265e+00	2.548394e+00	5.563564e-05	3.934034e-05	3.934034e-05
2.548394e+00	2.584523e+00	5.563564e-05	3.934034e-05	3.934034e-05
2.584523e+00	2.620652e+00	1.390891e-04	6.220254e-05	6.220254e-05
2.620652e+00	2.656781e+00	2.781782e-05	2.781782e-05	2.781782e-05
2.656781e+00	2.692910e+00	0.000000e+00	0.000000e+00	0.000000e+00
2.692910e+00	2.729039e+00	1.112713e-04	5.563564e-05	5.563564e-05
2.729039e+00	2.765168e+00	2.781782e-05	2.781782e-05	2.781782e-05
2.765168e+00	2.801298e+00	2.781705e-05	2.781705e-05	2.781705e-05
2.801298e+00	2.837427e+00	2.781782e-05	2.781782e-05	2.781782e-05
2.837427e+00	2.873556e+00	0.000000e+00	0.000000e+00	0.000000e+00
2.873556e+00	2.909685e+00	0.000000e+00	0.000000e+00	0.000000e+00
2.909685e+00	2.945814e+00	0.000000e+00	0.000000e+00	0.000000e+00
2.945814e+00	2.981943e+00	0.000000e+00	0.000000e+00	0.000000e+00
2.981943e+00	3.018072e+00	2.781782e-05	2.781782e-05	2.781782e-05
3.018072e+00	3.054202e+00	0.000000e+00	0.000000e+00	0.000000e+00
3.054202e+00	3.090331e+00	0.000000e+00	0.000000e+00	0.000000e+00
3.090331e+00	3.126460e+00	0.000000e+00	0.000000e+00	0.000000e+00
3.126460e+00	3.162589e+00	0.000000e+00	0.000000e+00	0.000000e+00
3.162589e+00	3.198718e+00	0.000000e+00	0.000000e+00	0.000000e+00
3.198718e+00	3.234847e+00	0.000000e+00	0.000000e+00	0.000000e+00
3.234847e+00	3.270976e+00	0.000000e+00	0.000000e+00	0.000000e+00
3.270976e+00	3.307105e+00	0.000000e+00	0.000000e+00	0.000000e+00
3.307105e+00	3.343235e+00	0.000000e+00	0.000000e+00	0.000000e+00
3.343235e+00	3.379364e+00	0.000000e+00	0.000000e+00	0.000000e+00
3.379364e+00	3.415493e+00	0.000000e+00	0.000000e+00	0.000000e+00
3.415493e+00	3.451622e+00	0.000000e+00	0.000000e+00	0.000000e+00
3.451622e+00	3.487751e+00	0.000000e+00	0.000000e+00	0.000000e+00
3.487751e+00	3.523880e+00	0.000000e+00	0.000000e+00	0.000000e+00
3.523880e+00	3.560009e+00	0.000000e+00	0.000000e+00	0.000000e+00
3.560009e+00	3.596139e+00	0.000000e+00	0.000000e+00	0.000000e+00
3.596139e+00	3.632268e+00	0.000000e+00	0.000000e+00	0.000000e+00
3.632268e+00	3.668397e+00	0.000000e+00	0.000000e+00	0.000000e+00
3.668397e+00	3.704526e+00	0.000000e+00	0.000000e+00	0.000000e+00
3.704526e+00	3.740655e+00	0.000000e+00	0.000000e+00	0.000000e+00
3.740655e+00	3.776784e+00	0.000000e+00	0.000000e+00	0.000000e+00
3.776784e+00	3.812913e+00	0.000000e+00	0.000000e+00	0.000000e+00
# END HISTO1D


# BEGIN HISTO1D //eos/home-y/youpeng/valid/genValidation/mg352VBS_merged.yoda.gz/MC_ZKTSPLITTINGS:ENERGY=13000/log10_d_12
ErrorBars=1
LineColor=blue
LineStyle=solid
Path=//eos/home-y/youpeng/valid/genValidation/mg352VBS_merged.yoda.gz/MC_ZKTSPLITTINGS:ENERGY=13000/log10_d_12
ScaledBy=9.96719999999999835e-07
Title=VBSZZ@NLO(v352)
# xlow	 xhigh	 val	 errminus	 errplus
2.000000e-01	2.361291e-01	0.000000e+00	0.000000e+00	0.000000e+00
2.361291e-01	2.722583e-01	0.000000e+00	0.000000e+00	0.000000e+00
2.722583e-01	3.083874e-01	0.000000e+00	0.000000e+00	0.000000e+00
3.083874e-01	3.445165e-01	0.000000e+00	0.000000e+00	0.000000e+00
3.445165e-01	3.806457e-01	0.000000e+00	0.000000e+00	0.000000e+00
3.806457e-01	4.167748e-01	0.000000e+00	0.000000e+00	0.000000e+00
4.167748e-01	4.529039e-01	0.000000e+00	0.000000e+00	0.000000e+00
4.529039e-01	4.890331e-01	0.000000e+00	0.000000e+00	0.000000e+00
4.890331e-01	5.251622e-01	0.000000e+00	0.000000e+00	0.000000e+00
5.251622e-01	5.612913e-01	0.000000e+00	0.000000e+00	0.000000e+00
5.612913e-01	5.974205e-01	0.000000e+00	0.000000e+00	0.000000e+00
5.974205e-01	6.335496e-01	0.000000e+00	0.000000e+00	0.000000e+00
6.335496e-01	6.696787e-01	0.000000e+00	0.000000e+00	0.000000e+00
6.696787e-01	7.058079e-01	0.000000e+00	0.000000e+00	0.000000e+00
7.058079e-01	7.419370e-01	0.000000e+00	0.000000e+00	0.000000e+00
7.419370e-01	7.780661e-01	0.000000e+00	0.000000e+00	0.000000e+00
7.780661e-01	8.141953e-01	0.000000e+00	0.000000e+00	0.000000e+00
8.141953e-01	8.503244e-01	0.000000e+00	0.000000e+00	0.000000e+00
8.503244e-01	8.864535e-01	0.000000e+00	0.000000e+00	0.000000e+00
8.864535e-01	9.225827e-01	0.000000e+00	0.000000e+00	0.000000e+00
9.225827e-01	9.587118e-01	0.000000e+00	0.000000e+00	0.000000e+00
9.587118e-01	9.948409e-01	0.000000e+00	0.000000e+00	0.000000e+00
9.948409e-01	1.030970e+00	0.000000e+00	0.000000e+00	0.000000e+00
1.030970e+00	1.067099e+00	0.000000e+00	0.000000e+00	0.000000e+00
1.067099e+00	1.103228e+00	0.000000e+00	0.000000e+00	0.000000e+00
1.103228e+00	1.139357e+00	0.000000e+00	0.000000e+00	0.000000e+00
1.139357e+00	1.175487e+00	0.000000e+00	0.000000e+00	0.000000e+00
1.175487e+00	1.211616e+00	0.000000e+00	0.000000e+00	0.000000e+00
1.211616e+00	1.247745e+00	0.000000e+00	0.000000e+00	0.000000e+00
1.247745e+00	1.283874e+00	2.758781e-05	2.758781e-05	2.758781e-05
1.283874e+00	1.320003e+00	0.000000e+00	0.000000e+00	0.000000e+00
1.320003e+00	1.356132e+00	2.758781e-05	2.758781e-05	2.758781e-05
1.356132e+00	1.392261e+00	0.000000e+00	0.000000e+00	0.000000e+00
1.392261e+00	1.428391e+00	2.758705e-05	2.758705e-05	2.758705e-05
1.428391e+00	1.464520e+00	0.000000e+00	0.000000e+00	0.000000e+00
1.464520e+00	1.500649e+00	0.000000e+00	0.000000e+00	0.000000e+00
1.500649e+00	1.536778e+00	8.276343e-05	4.778349e-05	4.778349e-05
1.536778e+00	1.572907e+00	8.276343e-05	4.778349e-05	4.778349e-05
1.572907e+00	1.609036e+00	1.379391e-04	6.168822e-05	6.168822e-05
1.609036e+00	1.645165e+00	1.103512e-04	5.517562e-05	5.517562e-05
1.645165e+00	1.681294e+00	5.517562e-05	3.901506e-05	3.901506e-05
1.681294e+00	1.717424e+00	3.034575e-04	9.149589e-05	9.149589e-05
1.717424e+00	1.753553e+00	2.482903e-04	8.276343e-05	8.276343e-05
1.753553e+00	1.789682e+00	3.586415e-04	9.946927e-05	9.946927e-05
1.789682e+00	1.825811e+00	4.689928e-04	1.137474e-04	1.137474e-04
1.825811e+00	1.861940e+00	4.689928e-04	1.137474e-04	1.137474e-04
1.861940e+00	1.898069e+00	7.724587e-04	1.459810e-04	1.459810e-04
1.898069e+00	1.934198e+00	4.689928e-04	1.137474e-04	1.137474e-04
1.934198e+00	1.970328e+00	6.896762e-04	1.379352e-04	1.379352e-04
1.970328e+00	2.006457e+00	7.172831e-04	1.406708e-04	1.406708e-04
2.006457e+00	2.042586e+00	7.448709e-04	1.433505e-04	1.433505e-04
2.042586e+00	2.078715e+00	4.965806e-04	1.170452e-04	1.170452e-04
2.078715e+00	2.114844e+00	8.552221e-04	1.536024e-04	1.536024e-04
2.114844e+00	2.150973e+00	6.621074e-04	1.351521e-04	1.351521e-04
2.150973e+00	2.187102e+00	4.965806e-04	1.170452e-04	1.170452e-04
2.187102e+00	2.223231e+00	3.034659e-04	9.149842e-05	9.149842e-05
2.223231e+00	2.259361e+00	6.069150e-04	1.293947e-04	1.293947e-04
2.259361e+00	2.295490e+00	3.034659e-04	9.149842e-05	9.149842e-05
2.295490e+00	2.331619e+00	3.310537e-04	9.556698e-05	9.556698e-05
2.331619e+00	2.367748e+00	2.207025e-04	7.803011e-05	7.803011e-05
2.367748e+00	2.403877e+00	3.586415e-04	9.946927e-05	9.946927e-05
2.403877e+00	2.440006e+00	1.655269e-04	6.757606e-05	6.757606e-05
2.440006e+00	2.476135e+00	1.655269e-04	6.757606e-05	6.757606e-05
2.476135e+00	2.512265e+00	1.655223e-04	6.757419e-05	6.757419e-05
2.512265e+00	2.548394e+00	1.655269e-04	6.757606e-05	6.757606e-05
2.548394e+00	2.584523e+00	1.379391e-04	6.168822e-05	6.168822e-05
2.584523e+00	2.620652e+00	5.517562e-05	3.901506e-05	3.901506e-05
2.620652e+00	2.656781e+00	8.276343e-05	4.778349e-05	4.778349e-05
2.656781e+00	2.692910e+00	8.276343e-05	4.778349e-05	4.778349e-05
2.692910e+00	2.729039e+00	0.000000e+00	0.000000e+00	0.000000e+00
2.729039e+00	2.765168e+00	0.000000e+00	0.000000e+00	0.000000e+00
2.765168e+00	2.801298e+00	5.517409e-05	3.901398e-05	3.901398e-05
2.801298e+00	2.837427e+00	0.000000e+00	0.000000e+00	0.000000e+00
2.837427e+00	2.873556e+00	0.000000e+00	0.000000e+00	0.000000e+00
2.873556e+00	2.909685e+00	0.000000e+00	0.000000e+00	0.000000e+00
2.909685e+00	2.945814e+00	0.000000e+00	0.000000e+00	0.000000e+00
2.945814e+00	2.981943e+00	0.000000e+00	0.000000e+00	0.000000e+00
2.981943e+00	3.018072e+00	0.000000e+00	0.000000e+00	0.000000e+00
3.018072e+00	3.054202e+00	0.000000e+00	0.000000e+00	0.000000e+00
3.054202e+00	3.090331e+00	0.000000e+00	0.000000e+00	0.000000e+00
3.090331e+00	3.126460e+00	0.000000e+00	0.000000e+00	0.000000e+00
3.126460e+00	3.162589e+00	0.000000e+00	0.000000e+00	0.000000e+00
3.162589e+00	3.198718e+00	0.000000e+00	0.000000e+00	0.000000e+00
3.198718e+00	3.234847e+00	0.000000e+00	0.000000e+00	0.000000e+00
3.234847e+00	3.270976e+00	0.000000e+00	0.000000e+00	0.000000e+00
3.270976e+00	3.307105e+00	0.000000e+00	0.000000e+00	0.000000e+00
3.307105e+00	3.343235e+00	0.000000e+00	0.000000e+00	0.000000e+00
3.343235e+00	3.379364e+00	0.000000e+00	0.000000e+00	0.000000e+00
3.379364e+00	3.415493e+00	0.000000e+00	0.000000e+00	0.000000e+00
3.415493e+00	3.451622e+00	0.000000e+00	0.000000e+00	0.000000e+00
3.451622e+00	3.487751e+00	0.000000e+00	0.000000e+00	0.000000e+00
3.487751e+00	3.523880e+00	0.000000e+00	0.000000e+00	0.000000e+00
3.523880e+00	3.560009e+00	0.000000e+00	0.000000e+00	0.000000e+00
3.560009e+00	3.596139e+00	0.000000e+00	0.000000e+00	0.000000e+00
3.596139e+00	3.632268e+00	0.000000e+00	0.000000e+00	0.000000e+00
3.632268e+00	3.668397e+00	0.000000e+00	0.000000e+00	0.000000e+00
3.668397e+00	3.704526e+00	0.000000e+00	0.000000e+00	0.000000e+00
3.704526e+00	3.740655e+00	0.000000e+00	0.000000e+00	0.000000e+00
3.740655e+00	3.776784e+00	0.000000e+00	0.000000e+00	0.000000e+00
3.776784e+00	3.812913e+00	0.000000e+00	0.000000e+00	0.000000e+00
# END HISTO1D

