# BEGIN PLOT
Legend=1
LogY=1
Title=Transverse momentum of leading electron
XLabel=$p_\perp(\mathrm{e1})$ [GeV]
YLabel=$\mathrm{d}\sigma/\mathrm{d}p_\perp(\mathrm{e1})$ [pb/GeV]
LogX=1
LegendXPos=0.05
LegendYPos=0.5
XMin=20.0
RemoveOptions=1
DrawOnly=//eos/home-y/youpeng/valid/genValidation/masterVBS_merged.yoda.gz/MC_ELECTRONS:ENERGY=13000/electron_pt_1 //eos/home-y/youpeng/valid/genValidation/mg352VBS_merged.yoda.gz/MC_ELECTRONS:ENERGY=13000/electron_pt_1
LegendOnly=//eos/home-y/youpeng/valid/genValidation/masterVBS_merged.yoda.gz/MC_ELECTRONS:ENERGY=13000/electron_pt_1 //eos/home-y/youpeng/valid/genValidation/mg352VBS_merged.yoda.gz/MC_ELECTRONS:ENERGY=13000/electron_pt_1
RatioPlot=1
RatioPlotReference=//eos/home-y/youpeng/valid/genValidation/masterVBS_merged.yoda.gz/MC_ELECTRONS:ENERGY=13000/electron_pt_1
RatioPlotYLabel=Ratio
# END PLOT

# BEGIN HISTO1D //eos/home-y/youpeng/valid/genValidation/masterVBS_merged.yoda.gz/MC_ELECTRONS:ENERGY=13000/electron_pt_1
ErrorBars=1
LineColor=red
LineStyle=solid
Path=//eos/home-y/youpeng/valid/genValidation/masterVBS_merged.yoda.gz/MC_ELECTRONS:ENERGY=13000/electron_pt_1
ScaledBy=1.00503000000000010e-06
Title=VBSZZ@NLO(v2918)
# xlow	 xhigh	 val	 errminus	 errplus
1.000000e+00	1.084224e+00	2.386564e-05	1.687556e-05	1.687556e-05
1.084224e+00	1.175541e+00	6.603568e-05	2.695895e-05	2.695895e-05
1.175541e+00	1.274549e+00	2.030200e-05	1.435568e-05	1.435568e-05
1.274549e+00	1.381896e+00	2.808732e-05	1.621622e-05	1.621622e-05
1.381896e+00	1.498284e+00	1.727034e-05	1.221197e-05	1.221197e-05
1.498284e+00	1.624475e+00	2.389307e-05	1.379467e-05	1.379467e-05
1.624475e+00	1.761294e+00	1.469138e-05	1.038838e-05	1.038838e-05
1.761294e+00	1.909636e+00	6.775087e-06	6.775086e-06	6.775086e-06
1.909636e+00	2.070473e+00	1.874625e-05	1.082315e-05	1.082315e-05
2.070473e+00	2.244855e+00	2.305353e-05	1.152676e-05	1.152676e-05
2.244855e+00	2.433925e+00	3.720955e-05	1.406389e-05	1.406389e-05
2.433925e+00	2.638919e+00	1.961092e-05	9.805457e-06	9.805457e-06
2.638919e+00	2.861178e+00	1.808755e-05	9.043773e-06	9.043773e-06
2.861178e+00	3.102156e+00	8.341259e-06	5.898162e-06	5.898162e-06
3.102156e+00	3.363431e+00	7.693273e-06	5.439966e-06	5.439966e-06
3.363431e+00	3.646711e+00	7.095665e-06	5.017393e-06	5.017393e-06
3.646711e+00	3.953850e+00	3.272232e-06	3.272231e-06	3.272231e-06
3.953850e+00	4.286857e+00	1.207218e-05	6.036089e-06	6.036089e-06
4.286857e+00	4.647911e+00	1.113440e-05	5.567200e-06	5.567200e-06
4.647911e+00	5.039375e+00	5.134725e-06	3.630799e-06	3.630799e-06
5.039375e+00	5.463809e+00	0.000000e+00	0.000000e+00	0.000000e+00
5.463809e+00	5.923990e+00	8.735954e-06	4.367977e-06	4.367977e-06
5.923990e+00	6.422930e+00	8.057322e-06	4.028661e-06	4.028661e-06
6.422930e+00	6.963892e+00	1.857857e-06	1.857857e-06	1.857857e-06
6.963892e+00	7.550415e+00	5.140617e-06	2.967937e-06	2.967937e-06
7.550415e+00	8.186338e+00	3.160854e-06	2.235062e-06	2.235062e-06
8.186338e+00	8.875820e+00	2.915319e-06	2.061442e-06	2.061442e-06
8.875820e+00	9.623373e+00	2.688853e-06	1.901306e-06	1.901306e-06
9.623373e+00	1.043389e+01	2.479973e-06	1.753606e-06	1.753606e-06
1.043389e+01	1.131267e+01	5.718325e-06	2.557313e-06	2.557313e-06
1.131267e+01	1.226546e+01	2.109657e-06	1.491753e-06	1.491753e-06
1.226546e+01	1.329850e+01	0.000000e+00	0.000000e+00	0.000000e+00
1.329850e+01	1.441855e+01	2.691924e-06	1.554183e-06	1.554183e-06
1.441855e+01	1.563293e+01	1.655215e-06	1.170414e-06	1.170414e-06
1.563293e+01	1.694959e+01	1.526636e-06	1.079494e-06	1.079494e-06
1.694959e+01	1.837714e+01	2.816098e-06	1.408049e-06	1.408049e-06
1.837714e+01	1.992493e+01	1.947997e-06	1.124677e-06	1.124677e-06
1.992493e+01	2.160308e+01	4.192241e-06	1.584518e-06	1.584518e-06
2.160308e+01	2.342257e+01	3.314214e-06	1.353022e-06	1.353022e-06
2.342257e+01	2.539530e+01	5.094615e-06	1.611059e-06	1.611059e-06
2.539530e+01	2.753418e+01	4.698861e-06	1.485910e-06	1.485910e-06
2.753418e+01	2.985321e+01	1.733535e-06	8.667675e-07	8.667675e-07
2.985321e+01	3.236755e+01	2.798034e-06	1.057558e-06	1.057558e-06
3.236755e+01	3.509366e+01	1.843341e-06	8.243671e-07	8.243671e-07
3.509366e+01	3.804937e+01	2.720240e-06	9.617500e-07	9.617500e-07
3.804937e+01	4.125403e+01	4.076997e-06	1.130756e-06	1.130756e-06
4.125403e+01	4.472859e+01	2.603285e-06	8.677617e-07	8.677617e-07
4.472859e+01	4.849579e+01	3.734981e-06	9.982155e-07	9.982155e-07
4.849579e+01	5.258027e+01	6.397578e-06	1.254668e-06	1.254668e-06
5.258027e+01	5.700877e+01	6.581432e-06	1.222141e-06	1.222141e-06
5.700877e+01	6.181025e+01	5.442234e-06	1.067310e-06	1.067310e-06
6.181025e+01	6.701613e+01	4.826417e-06	9.652834e-07	9.652834e-07
6.701613e+01	7.266047e+01	4.629555e-06	9.079304e-07	9.079304e-07
7.266047e+01	7.878019e+01	5.912212e-06	9.853686e-07	9.853686e-07
7.878019e+01	8.541534e+01	4.241176e-06	8.015070e-07	8.015070e-07
8.541534e+01	9.260932e+01	5.727877e-06	8.945441e-07	8.945441e-07
9.260932e+01	1.004092e+02	3.092448e-06	6.312433e-07	6.312433e-07
1.004092e+02	1.088660e+02	3.802970e-06	6.722765e-07	6.722765e-07
1.088660e+02	1.180351e+02	3.397927e-06	6.102856e-07	6.102856e-07
1.180351e+02	1.279764e+02	2.931797e-06	5.444209e-07	5.444209e-07
1.279764e+02	1.387551e+02	2.237813e-06	4.567918e-07	4.567918e-07
1.387551e+02	1.504415e+02	1.633999e-06	3.748652e-07	3.748652e-07
1.504415e+02	1.631122e+02	1.507065e-06	3.457444e-07	3.457444e-07
1.631122e+02	1.768501e+02	1.755779e-06	3.583970e-07	3.583970e-07
1.768501e+02	1.917451e+02	1.147063e-06	2.782037e-07	2.782037e-07
1.917451e+02	2.078945e+02	6.845660e-07	2.064044e-07	2.064044e-07
2.078945e+02	2.254041e+02	8.609820e-07	2.223046e-07	2.223046e-07
2.254041e+02	2.443885e+02	6.882172e-07	1.908771e-07	1.908771e-07
2.443885e+02	2.649717e+02	3.417938e-07	1.291859e-07	1.291859e-07
2.649717e+02	2.872886e+02	4.503448e-07	1.424115e-07	1.424115e-07
2.872886e+02	3.114850e+02	4.153634e-08	4.153634e-08	4.153634e-08
3.114850e+02	3.377194e+02	3.447866e-07	1.149289e-07	1.149289e-07
3.377194e+02	3.661633e+02	7.066752e-08	4.996949e-08	4.996949e-08
3.661633e+02	3.970029e+02	3.258894e-08	3.258894e-08	3.258894e-08
3.970029e+02	4.304399e+02	6.011484e-08	4.250762e-08	4.250762e-08
4.304399e+02	4.666931e+02	5.544504e-08	3.920557e-08	3.920557e-08
4.666931e+02	5.059996e+02	2.556905e-08	2.556905e-08	2.556905e-08
5.059996e+02	5.486167e+02	2.358279e-08	2.358278e-08	2.358278e-08
5.486167e+02	5.948231e+02	2.175088e-08	2.175088e-08	2.175088e-08
5.948231e+02	6.449213e+02	0.000000e+00	0.000000e+00	0.000000e+00
6.449213e+02	6.992388e+02	0.000000e+00	0.000000e+00	0.000000e+00
6.992388e+02	7.581312e+02	0.000000e+00	0.000000e+00	0.000000e+00
7.581312e+02	8.219837e+02	0.000000e+00	0.000000e+00	0.000000e+00
8.219837e+02	8.912140e+02	0.000000e+00	0.000000e+00	0.000000e+00
8.912140e+02	9.662753e+02	0.000000e+00	0.000000e+00	0.000000e+00
9.662753e+02	1.047658e+03	0.000000e+00	0.000000e+00	0.000000e+00
1.047658e+03	1.135896e+03	0.000000e+00	0.000000e+00	0.000000e+00
1.135896e+03	1.231565e+03	0.000000e+00	0.000000e+00	0.000000e+00
1.231565e+03	1.335292e+03	0.000000e+00	0.000000e+00	0.000000e+00
1.335292e+03	1.447755e+03	0.000000e+00	0.000000e+00	0.000000e+00
1.447755e+03	1.569690e+03	0.000000e+00	0.000000e+00	0.000000e+00
1.569690e+03	1.701895e+03	0.000000e+00	0.000000e+00	0.000000e+00
1.701895e+03	1.845234e+03	0.000000e+00	0.000000e+00	0.000000e+00
1.845234e+03	2.000647e+03	0.000000e+00	0.000000e+00	0.000000e+00
2.000647e+03	2.169148e+03	0.000000e+00	0.000000e+00	0.000000e+00
2.169148e+03	2.351841e+03	0.000000e+00	0.000000e+00	0.000000e+00
2.351841e+03	2.549922e+03	0.000000e+00	0.000000e+00	0.000000e+00
2.549922e+03	2.764685e+03	0.000000e+00	0.000000e+00	0.000000e+00
2.764685e+03	2.997537e+03	0.000000e+00	0.000000e+00	0.000000e+00
2.997537e+03	3.250000e+03	0.000000e+00	0.000000e+00	0.000000e+00
# END HISTO1D


# BEGIN HISTO1D //eos/home-y/youpeng/valid/genValidation/mg352VBS_merged.yoda.gz/MC_ELECTRONS:ENERGY=13000/electron_pt_1
ErrorBars=1
LineColor=blue
LineStyle=solid
Path=//eos/home-y/youpeng/valid/genValidation/mg352VBS_merged.yoda.gz/MC_ELECTRONS:ENERGY=13000/electron_pt_1
ScaledBy=9.96719999999999835e-07
Title=VBSZZ@NLO(v352)
# xlow	 xhigh	 val	 errminus	 errplus
1.000000e+00	1.084224e+00	3.550247e-05	2.049736e-05	2.049736e-05
1.084224e+00	1.175541e+00	2.182989e-05	1.543606e-05	1.543606e-05
1.175541e+00	1.274549e+00	2.013413e-05	1.423698e-05	1.423698e-05
1.274549e+00	1.381896e+00	2.785509e-05	1.608214e-05	1.608214e-05
1.381896e+00	1.498284e+00	8.563769e-06	8.563770e-06	8.563770e-06
1.498284e+00	1.624475e+00	2.369551e-05	1.368061e-05	1.368061e-05
1.624475e+00	1.761294e+00	7.284953e-06	7.284953e-06	7.284953e-06
1.761294e+00	1.909636e+00	2.015720e-05	1.163777e-05	1.163777e-05
1.909636e+00	2.070473e+00	1.239416e-05	8.763998e-06	8.763998e-06
2.070473e+00	2.244855e+00	2.857864e-05	1.278076e-05	1.278076e-05
2.244855e+00	2.433925e+00	1.054340e-05	7.455308e-06	7.455308e-06
2.433925e+00	2.638919e+00	9.724382e-06	6.876177e-06	6.876177e-06
2.638919e+00	2.861178e+00	0.000000e+00	0.000000e+00	0.000000e+00
2.861178e+00	3.102156e+00	8.272290e-06	5.849393e-06	5.849393e-06
3.102156e+00	3.363431e+00	3.814831e-06	3.814831e-06	3.814831e-06
3.363431e+00	3.646711e+00	7.036995e-06	4.975908e-06	4.975908e-06
3.646711e+00	3.953850e+00	9.735527e-06	5.620809e-06	5.620809e-06
3.953850e+00	4.286857e+00	5.986180e-06	4.232869e-06	4.232869e-06
4.286857e+00	4.647911e+00	1.380292e-05	6.172854e-06	6.172854e-06
4.647911e+00	5.039375e+00	5.092269e-06	3.600778e-06	3.600778e-06
5.039375e+00	5.463809e+00	7.045053e-06	4.067463e-06	4.067463e-06
5.463809e+00	5.923990e+00	0.000000e+00	0.000000e+00	0.000000e+00
5.923990e+00	6.422930e+00	1.997675e-06	1.997675e-06	1.997675e-06
6.422930e+00	6.963892e+00	5.527486e-06	3.191296e-06	3.191296e-06
6.963892e+00	7.550415e+00	8.496853e-06	3.799908e-06	3.799908e-06
7.550415e+00	8.186338e+00	3.134719e-06	2.216581e-06	2.216581e-06
8.186338e+00	8.875820e+00	4.336821e-06	2.503865e-06	2.503865e-06
8.875820e+00	9.623373e+00	2.666620e-06	1.885586e-06	1.885586e-06
9.623373e+00	1.043389e+01	2.459467e-06	1.739106e-06	1.739106e-06
1.043389e+01	1.131267e+01	3.402626e-06	1.964507e-06	1.964507e-06
1.131267e+01	1.226546e+01	8.368854e-06	2.958837e-06	2.958837e-06
1.226546e+01	1.329850e+01	5.789050e-06	2.363370e-06	2.363370e-06
1.329850e+01	1.441855e+01	1.779778e-06	1.258493e-06	1.258493e-06
1.441855e+01	1.563293e+01	4.103823e-06	1.835285e-06	1.835285e-06
1.563293e+01	1.694959e+01	2.271019e-06	1.311173e-06	1.311173e-06
1.694959e+01	1.837714e+01	2.094610e-06	1.209323e-06	1.209323e-06
1.837714e+01	1.992493e+01	1.931890e-06	1.115377e-06	1.115377e-06
1.992493e+01	2.160308e+01	3.563639e-06	1.454849e-06	1.454849e-06
2.160308e+01	2.342257e+01	1.643406e-06	9.488206e-07	9.488206e-07
2.342257e+01	2.539530e+01	3.031494e-06	1.237602e-06	1.237602e-06
2.539530e+01	2.753418e+01	2.796005e-06	1.141464e-06	1.141464e-06
2.753418e+01	2.985321e+01	1.289401e-06	7.444361e-07	7.444361e-07
2.985321e+01	3.236755e+01	3.171313e-06	1.121229e-06	1.121229e-06
3.236755e+01	3.509366e+01	3.656199e-06	1.156192e-06	1.156192e-06
3.509366e+01	3.804937e+01	3.034966e-06	1.011655e-06	1.011655e-06
3.804937e+01	4.125403e+01	2.488177e-06	8.797033e-07	8.797033e-07
4.125403e+01	4.472859e+01	4.876658e-06	1.182763e-06	1.182763e-06
4.472859e+01	4.849579e+01	6.085305e-06	1.268874e-06	1.268874e-06
4.849579e+01	5.258027e+01	4.148445e-06	1.006146e-06	1.006146e-06
5.258027e+01	5.700877e+01	8.102500e-06	1.350417e-06	1.350417e-06
5.700877e+01	6.181025e+01	6.019994e-06	1.117885e-06	1.117885e-06
6.181025e+01	6.701613e+01	6.126734e-06	1.083064e-06	1.083064e-06
6.701613e+01	7.266047e+01	5.650801e-06	9.989298e-07	9.989298e-07
7.266047e+01	7.878019e+01	5.374716e-06	9.356181e-07	9.356181e-07
7.878019e+01	8.541534e+01	4.806981e-06	8.497622e-07	8.497622e-07
8.541534e+01	9.260932e+01	4.017926e-06	7.461101e-07	7.461101e-07
9.260932e+01	1.004092e+02	4.600317e-06	7.667195e-07	7.667195e-07
1.004092e+02	1.088660e+02	3.300085e-06	6.236575e-07	6.236575e-07
1.088660e+02	1.180351e+02	3.043719e-06	5.752087e-07	5.752087e-07
1.180351e+02	1.279764e+02	4.010421e-06	6.341033e-07	6.341033e-07
1.279764e+02	1.387551e+02	2.496724e-06	4.804948e-07	4.804948e-07
1.387551e+02	1.504415e+02	1.535200e-06	3.618500e-07	3.618500e-07
1.504415e+02	1.631122e+02	1.573267e-06	3.517933e-07	3.517933e-07
1.631122e+02	1.768501e+02	6.529732e-07	2.176577e-07	2.176577e-07
1.768501e+02	1.917451e+02	1.204495e-06	2.839023e-07	2.839023e-07
1.917451e+02	2.078945e+02	1.357811e-06	2.894864e-07	2.894864e-07
2.078945e+02	2.254041e+02	6.830904e-07	1.971912e-07	1.971912e-07
2.254041e+02	2.443885e+02	5.775226e-07	1.741296e-07	1.741296e-07
2.443885e+02	2.649717e+02	4.358156e-07	1.452719e-07	1.452719e-07
2.649717e+02	2.872886e+02	3.572969e-07	1.263235e-07	1.263235e-07
2.872886e+02	3.114850e+02	3.295432e-07	1.165111e-07	1.165111e-07
3.114850e+02	3.377194e+02	1.519715e-07	7.598573e-08	7.598573e-08
3.377194e+02	3.661633e+02	1.051248e-07	6.069384e-08	6.069384e-08
3.661633e+02	3.970029e+02	1.615974e-07	7.226857e-08	7.226857e-08
3.970029e+02	4.304399e+02	5.961779e-08	4.215615e-08	4.215615e-08
4.304399e+02	4.666931e+02	5.498659e-08	3.888140e-08	3.888140e-08
4.666931e+02	5.059996e+02	0.000000e+00	0.000000e+00	0.000000e+00
5.059996e+02	5.486167e+02	2.338780e-08	2.338780e-08	2.338780e-08
5.486167e+02	5.948231e+02	2.157104e-08	2.157104e-08	2.157104e-08
5.948231e+02	6.449213e+02	1.989533e-08	1.989533e-08	1.989533e-08
6.449213e+02	6.992388e+02	0.000000e+00	0.000000e+00	0.000000e+00
6.992388e+02	7.581312e+02	0.000000e+00	0.000000e+00	0.000000e+00
7.581312e+02	8.219837e+02	0.000000e+00	0.000000e+00	0.000000e+00
8.219837e+02	8.912140e+02	0.000000e+00	0.000000e+00	0.000000e+00
8.912140e+02	9.662753e+02	0.000000e+00	0.000000e+00	0.000000e+00
9.662753e+02	1.047658e+03	0.000000e+00	0.000000e+00	0.000000e+00
1.047658e+03	1.135896e+03	0.000000e+00	0.000000e+00	0.000000e+00
1.135896e+03	1.231565e+03	0.000000e+00	0.000000e+00	0.000000e+00
1.231565e+03	1.335292e+03	0.000000e+00	0.000000e+00	0.000000e+00
1.335292e+03	1.447755e+03	0.000000e+00	0.000000e+00	0.000000e+00
1.447755e+03	1.569690e+03	0.000000e+00	0.000000e+00	0.000000e+00
1.569690e+03	1.701895e+03	0.000000e+00	0.000000e+00	0.000000e+00
1.701895e+03	1.845234e+03	0.000000e+00	0.000000e+00	0.000000e+00
1.845234e+03	2.000647e+03	0.000000e+00	0.000000e+00	0.000000e+00
2.000647e+03	2.169148e+03	0.000000e+00	0.000000e+00	0.000000e+00
2.169148e+03	2.351841e+03	0.000000e+00	0.000000e+00	0.000000e+00
2.351841e+03	2.549922e+03	0.000000e+00	0.000000e+00	0.000000e+00
2.549922e+03	2.764685e+03	0.000000e+00	0.000000e+00	0.000000e+00
2.764685e+03	2.997537e+03	0.000000e+00	0.000000e+00	0.000000e+00
2.997537e+03	3.250000e+03	0.000000e+00	0.000000e+00	0.000000e+00
# END HISTO1D

