# BEGIN PLOT
Legend=1
LogY=1
Title=Rapidity of first electron
XLabel=$y(\mathrm{e1})$
YLabel=$\mathrm{d}\sigma/\mathrm{d}y(\mathrm{e1})$ [pb]
RemoveOptions=1
DrawOnly=//eos/home-y/youpeng/valid/genValidation/masterVBS_merged.yoda.gz/MC_ELECTRONS:ENERGY=13000/electron_y_1 //eos/home-y/youpeng/valid/genValidation/mg352VBS_merged.yoda.gz/MC_ELECTRONS:ENERGY=13000/electron_y_1
LegendOnly=//eos/home-y/youpeng/valid/genValidation/masterVBS_merged.yoda.gz/MC_ELECTRONS:ENERGY=13000/electron_y_1 //eos/home-y/youpeng/valid/genValidation/mg352VBS_merged.yoda.gz/MC_ELECTRONS:ENERGY=13000/electron_y_1
RatioPlot=1
RatioPlotReference=//eos/home-y/youpeng/valid/genValidation/masterVBS_merged.yoda.gz/MC_ELECTRONS:ENERGY=13000/electron_y_1
RatioPlotYLabel=Ratio
# END PLOT

# BEGIN HISTO1D //eos/home-y/youpeng/valid/genValidation/masterVBS_merged.yoda.gz/MC_ELECTRONS:ENERGY=13000/electron_y_1
ErrorBars=1
LineColor=red
LineStyle=solid
Path=//eos/home-y/youpeng/valid/genValidation/masterVBS_merged.yoda.gz/MC_ELECTRONS:ENERGY=13000/electron_y_1
ScaledBy=1.00503000000000010e-06
Title=VBSZZ@NLO(v2918)
# xlow	 xhigh	 val	 errminus	 errplus
-5.000000e+00	-4.800000e+00	0.000000e+00	0.000000e+00	0.000000e+00
-4.800000e+00	-4.600000e+00	5.025150e-06	5.025149e-06	5.025149e-06
-4.600000e+00	-4.400000e+00	1.005030e-05	7.106636e-06	7.106636e-06
-4.400000e+00	-4.200000e+00	0.000000e+00	0.000000e+00	0.000000e+00
-4.200000e+00	-4.000000e+00	5.025150e-06	5.025149e-06	5.025149e-06
-4.000000e+00	-3.800000e+00	0.000000e+00	0.000000e+00	0.000000e+00
-3.800000e+00	-3.600000e+00	0.000000e+00	0.000000e+00	0.000000e+00
-3.600000e+00	-3.400000e+00	5.025150e-06	5.025149e-06	5.025149e-06
-3.400000e+00	-3.200000e+00	0.000000e+00	0.000000e+00	0.000000e+00
-3.200000e+00	-3.000000e+00	5.025150e-06	5.025149e-06	5.025149e-06
-3.000000e+00	-2.800000e+00	3.517605e-05	1.329530e-05	1.329530e-05
-2.800000e+00	-2.600000e+00	3.015090e-05	1.230905e-05	1.230905e-05
-2.600000e+00	-2.400000e+00	6.532695e-05	1.811844e-05	1.811844e-05
-2.400000e+00	-2.200000e+00	5.527665e-05	1.666654e-05	1.666654e-05
-2.200000e+00	-2.000000e+00	6.532695e-05	1.811844e-05	1.811844e-05
-2.000000e+00	-1.800000e+00	8.542755e-05	2.071922e-05	2.071922e-05
-1.800000e+00	-1.600000e+00	1.256288e-04	2.512575e-05	2.512575e-05
-1.600000e+00	-1.400000e+00	1.507545e-04	2.752388e-05	2.752388e-05
-1.400000e+00	-1.200000e+00	1.356791e-04	2.611144e-05	2.611144e-05
-1.200000e+00	-1.000000e+00	1.306539e-04	2.562334e-05	2.562334e-05
-1.000000e+00	-8.000000e-01	1.407042e-04	2.659060e-05	2.659060e-05
-8.000000e-01	-6.000000e-01	2.211066e-04	3.333307e-05	3.333307e-05
-6.000000e-01	-4.000000e-01	1.758803e-04	2.972919e-05	2.972919e-05
-4.000000e-01	-2.000000e-01	2.110563e-04	3.256669e-05	3.256669e-05
-2.000000e-01	0.000000e+00	1.758802e-04	2.972919e-05	2.972919e-05
0.000000e+00	2.000000e-01	1.809054e-04	3.015090e-05	3.015090e-05
2.000000e-01	4.000000e-01	1.909557e-04	3.097710e-05	3.097710e-05
4.000000e-01	6.000000e-01	1.708551e-04	2.930141e-05	2.930141e-05
6.000000e-01	8.000000e-01	2.311569e-04	3.408222e-05	3.408222e-05
8.000000e-01	1.000000e+00	1.909557e-04	3.097710e-05	3.097710e-05
1.000000e+00	1.200000e+00	1.708551e-04	2.930141e-05	2.930141e-05
1.200000e+00	1.400000e+00	1.407042e-04	2.659060e-05	2.659060e-05
1.400000e+00	1.600000e+00	1.356790e-04	2.611144e-05	2.611144e-05
1.600000e+00	1.800000e+00	1.256288e-04	2.512575e-05	2.512575e-05
1.800000e+00	2.000000e+00	1.105533e-04	2.357004e-05	2.357004e-05
2.000000e+00	2.200000e+00	5.025150e-05	1.589092e-05	1.589092e-05
2.200000e+00	2.400000e+00	7.537725e-05	1.946232e-05	1.946232e-05
2.400000e+00	2.600000e+00	3.517605e-05	1.329530e-05	1.329530e-05
2.600000e+00	2.800000e+00	5.025150e-05	1.589092e-05	1.589092e-05
2.800000e+00	3.000000e+00	3.517605e-05	1.329530e-05	1.329530e-05
3.000000e+00	3.200000e+00	1.005030e-05	7.106636e-06	7.106636e-06
3.200000e+00	3.400000e+00	1.005030e-05	7.106636e-06	7.106636e-06
3.400000e+00	3.600000e+00	1.507545e-05	8.703815e-06	8.703815e-06
3.600000e+00	3.800000e+00	5.025150e-06	5.025149e-06	5.025149e-06
3.800000e+00	4.000000e+00	1.005030e-05	7.106636e-06	7.106636e-06
4.000000e+00	4.200000e+00	5.025150e-06	5.025149e-06	5.025149e-06
4.200000e+00	4.400000e+00	5.025150e-06	5.025149e-06	5.025149e-06
4.400000e+00	4.600000e+00	5.025150e-06	5.025149e-06	5.025149e-06
4.600000e+00	4.800000e+00	1.005030e-05	7.106636e-06	7.106636e-06
4.800000e+00	5.000000e+00	5.025150e-06	5.025149e-06	5.025149e-06
# END HISTO1D


# BEGIN HISTO1D //eos/home-y/youpeng/valid/genValidation/mg352VBS_merged.yoda.gz/MC_ELECTRONS:ENERGY=13000/electron_y_1
ErrorBars=1
LineColor=blue
LineStyle=solid
Path=//eos/home-y/youpeng/valid/genValidation/mg352VBS_merged.yoda.gz/MC_ELECTRONS:ENERGY=13000/electron_y_1
ScaledBy=9.96719999999999835e-07
Title=VBSZZ@NLO(v352)
# xlow	 xhigh	 val	 errminus	 errplus
-5.000000e+00	-4.800000e+00	0.000000e+00	0.000000e+00	0.000000e+00
-4.800000e+00	-4.600000e+00	4.983600e-06	4.983600e-06	4.983600e-06
-4.600000e+00	-4.400000e+00	0.000000e+00	0.000000e+00	0.000000e+00
-4.400000e+00	-4.200000e+00	0.000000e+00	0.000000e+00	0.000000e+00
-4.200000e+00	-4.000000e+00	0.000000e+00	0.000000e+00	0.000000e+00
-4.000000e+00	-3.800000e+00	4.983600e-06	4.983600e-06	4.983600e-06
-3.800000e+00	-3.600000e+00	0.000000e+00	0.000000e+00	0.000000e+00
-3.600000e+00	-3.400000e+00	4.983600e-06	4.983600e-06	4.983600e-06
-3.400000e+00	-3.200000e+00	9.967200e-06	7.047876e-06	7.047876e-06
-3.200000e+00	-3.000000e+00	9.967200e-06	7.047876e-06	7.047876e-06
-3.000000e+00	-2.800000e+00	2.990160e-05	1.220728e-05	1.220728e-05
-2.800000e+00	-2.600000e+00	3.986880e-05	1.409575e-05	1.409575e-05
-2.600000e+00	-2.400000e+00	5.481960e-05	1.652873e-05	1.652873e-05
-2.400000e+00	-2.200000e+00	6.977040e-05	1.864692e-05	1.864692e-05
-2.200000e+00	-2.000000e+00	9.967200e-05	2.228734e-05	2.228734e-05
-2.000000e+00	-1.800000e+00	1.245900e-04	2.491800e-05	2.491800e-05
-1.800000e+00	-1.600000e+00	1.295736e-04	2.541147e-05	2.541147e-05
-1.600000e+00	-1.400000e+00	1.245900e-04	2.491800e-05	2.491800e-05
-1.400000e+00	-1.200000e+00	1.245900e-04	2.491800e-05	2.491800e-05
-1.200000e+00	-1.000000e+00	1.245900e-04	2.491800e-05	2.491800e-05
-1.000000e+00	-8.000000e-01	1.744260e-04	2.948338e-05	2.948338e-05
-8.000000e-01	-6.000000e-01	1.993440e-04	3.151905e-05	3.151905e-05
-6.000000e-01	-4.000000e-01	2.242620e-04	3.343100e-05	3.343100e-05
-4.000000e-01	-2.000000e-01	2.940324e-04	3.827976e-05	3.827976e-05
-2.000000e-01	0.000000e+00	2.093112e-04	3.229742e-05	3.229742e-05
0.000000e+00	2.000000e-01	1.644588e-04	2.862860e-05	2.862860e-05
2.000000e-01	4.000000e-01	2.392128e-04	3.452739e-05	3.452739e-05
4.000000e-01	6.000000e-01	1.594752e-04	2.819150e-05	2.819150e-05
6.000000e-01	8.000000e-01	1.893768e-04	3.072097e-05	3.072097e-05
8.000000e-01	1.000000e+00	2.541636e-04	3.559002e-05	3.559002e-05
1.000000e+00	1.200000e+00	1.345572e-04	2.589554e-05	2.589554e-05
1.200000e+00	1.400000e+00	1.096392e-04	2.337516e-05	2.337516e-05
1.400000e+00	1.600000e+00	9.468840e-05	2.172301e-05	2.172301e-05
1.600000e+00	1.800000e+00	9.468840e-05	2.172301e-05	2.172301e-05
1.800000e+00	2.000000e+00	7.475400e-05	1.930140e-05	1.930140e-05
2.000000e+00	2.200000e+00	9.468840e-05	2.172301e-05	2.172301e-05
2.200000e+00	2.400000e+00	5.980320e-05	1.726370e-05	1.726370e-05
2.400000e+00	2.600000e+00	4.485240e-05	1.495080e-05	1.495080e-05
2.600000e+00	2.800000e+00	4.983600e-05	1.575953e-05	1.575953e-05
2.800000e+00	3.000000e+00	2.990160e-05	1.220728e-05	1.220728e-05
3.000000e+00	3.200000e+00	0.000000e+00	0.000000e+00	0.000000e+00
3.200000e+00	3.400000e+00	9.967200e-06	7.047876e-06	7.047876e-06
3.400000e+00	3.600000e+00	9.967200e-06	7.047876e-06	7.047876e-06
3.600000e+00	3.800000e+00	4.983600e-06	4.983600e-06	4.983600e-06
3.800000e+00	4.000000e+00	4.983600e-06	4.983600e-06	4.983600e-06
4.000000e+00	4.200000e+00	4.983600e-06	4.983600e-06	4.983600e-06
4.200000e+00	4.400000e+00	4.983600e-06	4.983600e-06	4.983600e-06
4.400000e+00	4.600000e+00	0.000000e+00	0.000000e+00	0.000000e+00
4.600000e+00	4.800000e+00	0.000000e+00	0.000000e+00	0.000000e+00
4.800000e+00	5.000000e+00	0.000000e+00	0.000000e+00	0.000000e+00
# END HISTO1D

