# BEGIN PLOT
Legend=1
LogY=1
Title=Mass of first jet
XLabel=$m(\mathrm{jet~1})$
YLabel=$\mathrm{d}\sigma/\mathrm{d}m(\mathrm{jet~1})$ [pb/GeV]
RemoveOptions=1
DrawOnly=//eos/home-y/youpeng/valid/genValidation/masterVBS_merged.yoda.gz/MC_ZZJETS:ENERGY=13000/jet_mass_1 //eos/home-y/youpeng/valid/genValidation/mg352VBS_merged.yoda.gz/MC_ZZJETS:ENERGY=13000/jet_mass_1
LegendOnly=//eos/home-y/youpeng/valid/genValidation/masterVBS_merged.yoda.gz/MC_ZZJETS:ENERGY=13000/jet_mass_1 //eos/home-y/youpeng/valid/genValidation/mg352VBS_merged.yoda.gz/MC_ZZJETS:ENERGY=13000/jet_mass_1
RatioPlot=1
RatioPlotReference=//eos/home-y/youpeng/valid/genValidation/masterVBS_merged.yoda.gz/MC_ZZJETS:ENERGY=13000/jet_mass_1
RatioPlotYLabel=Ratio
# END PLOT

# BEGIN HISTO1D //eos/home-y/youpeng/valid/genValidation/masterVBS_merged.yoda.gz/MC_ZZJETS:ENERGY=13000/jet_mass_1
ErrorBars=1
LineColor=red
LineStyle=solid
Path=//eos/home-y/youpeng/valid/genValidation/masterVBS_merged.yoda.gz/MC_ZZJETS:ENERGY=13000/jet_mass_1
ScaledBy=1.00503000000000010e-06
Title=VBSZZ@NLO(v2918)
# xlow	 xhigh	 val	 errminus	 errplus
1.000000e+00	1.047129e+00	0.000000e+00	0.000000e+00	0.000000e+00
1.047129e+00	1.096478e+00	0.000000e+00	0.000000e+00	0.000000e+00
1.096478e+00	1.148154e+00	0.000000e+00	0.000000e+00	0.000000e+00
1.148154e+00	1.202264e+00	0.000000e+00	0.000000e+00	0.000000e+00
1.202264e+00	1.258925e+00	0.000000e+00	0.000000e+00	0.000000e+00
1.258925e+00	1.318257e+00	0.000000e+00	0.000000e+00	0.000000e+00
1.318257e+00	1.380384e+00	0.000000e+00	0.000000e+00	0.000000e+00
1.380384e+00	1.445440e+00	0.000000e+00	0.000000e+00	0.000000e+00
1.445440e+00	1.513561e+00	0.000000e+00	0.000000e+00	0.000000e+00
1.513561e+00	1.584893e+00	0.000000e+00	0.000000e+00	0.000000e+00
1.584893e+00	1.659587e+00	0.000000e+00	0.000000e+00	0.000000e+00
1.659587e+00	1.737801e+00	0.000000e+00	0.000000e+00	0.000000e+00
1.737801e+00	1.819701e+00	0.000000e+00	0.000000e+00	0.000000e+00
1.819701e+00	1.905461e+00	0.000000e+00	0.000000e+00	0.000000e+00
1.905461e+00	1.995262e+00	0.000000e+00	0.000000e+00	0.000000e+00
1.995262e+00	2.089296e+00	0.000000e+00	0.000000e+00	0.000000e+00
2.089296e+00	2.187762e+00	0.000000e+00	0.000000e+00	0.000000e+00
2.187762e+00	2.290868e+00	0.000000e+00	0.000000e+00	0.000000e+00
2.290868e+00	2.398833e+00	0.000000e+00	0.000000e+00	0.000000e+00
2.398833e+00	2.511886e+00	0.000000e+00	0.000000e+00	0.000000e+00
2.511886e+00	2.630268e+00	0.000000e+00	0.000000e+00	0.000000e+00
2.630268e+00	2.754229e+00	0.000000e+00	0.000000e+00	0.000000e+00
2.754229e+00	2.884032e+00	0.000000e+00	0.000000e+00	0.000000e+00
2.884032e+00	3.019952e+00	0.000000e+00	0.000000e+00	0.000000e+00
3.019952e+00	3.162278e+00	0.000000e+00	0.000000e+00	0.000000e+00
3.162278e+00	3.311311e+00	0.000000e+00	0.000000e+00	0.000000e+00
3.311311e+00	3.467369e+00	0.000000e+00	0.000000e+00	0.000000e+00
3.467369e+00	3.630781e+00	0.000000e+00	0.000000e+00	0.000000e+00
3.630781e+00	3.801894e+00	0.000000e+00	0.000000e+00	0.000000e+00
3.801894e+00	3.981072e+00	0.000000e+00	0.000000e+00	0.000000e+00
3.981072e+00	4.168694e+00	0.000000e+00	0.000000e+00	0.000000e+00
4.168694e+00	4.365158e+00	0.000000e+00	0.000000e+00	0.000000e+00
4.365158e+00	4.570882e+00	9.770664e-06	6.908903e-06	6.908903e-06
4.570882e+00	4.786301e+00	4.665466e-06	4.665465e-06	4.665465e-06
4.786301e+00	5.011872e+00	4.455493e-06	4.455492e-06	4.455492e-06
5.011872e+00	5.248075e+00	0.000000e+00	0.000000e+00	0.000000e+00
5.248075e+00	5.495409e+00	0.000000e+00	0.000000e+00	0.000000e+00
5.495409e+00	5.754399e+00	0.000000e+00	0.000000e+00	0.000000e+00
5.754399e+00	6.025596e+00	7.411808e-06	5.240940e-06	5.240940e-06
6.025596e+00	6.309573e+00	7.078249e-06	5.005079e-06	5.005079e-06
6.309573e+00	6.606934e+00	0.000000e+00	0.000000e+00	0.000000e+00
6.606934e+00	6.918310e+00	0.000000e+00	0.000000e+00	0.000000e+00
6.918310e+00	7.244360e+00	9.247324e-06	5.338945e-06	5.338945e-06
7.244360e+00	7.585776e+00	8.831133e-06	5.098657e-06	5.098657e-06
7.585776e+00	7.943282e+00	8.433677e-06	4.869186e-06	4.869186e-06
7.943282e+00	8.317638e+00	2.684691e-06	2.684690e-06	2.684690e-06
8.317638e+00	8.709636e+00	1.794706e-05	6.783349e-06	6.783349e-06
8.709636e+00	9.120108e+00	1.713932e-05	6.478053e-06	6.478053e-06
9.120108e+00	9.549926e+00	9.353075e-06	4.676537e-06	4.676537e-06
9.549926e+00	1.000000e+01	2.233033e-06	2.233032e-06	2.233032e-06
1.000000e+01	1.047129e+01	6.397526e-06	3.693613e-06	3.693613e-06
1.047129e+01	1.096478e+01	4.073152e-06	2.880154e-06	2.880154e-06
1.096478e+01	1.148154e+01	3.889736e-06	2.750459e-06	2.750459e-06
1.148154e+01	1.202264e+01	7.429532e-06	3.714766e-06	3.714766e-06
1.202264e+01	1.258925e+01	7.095039e-06	3.547519e-06	3.547519e-06
1.258925e+01	1.318257e+01	0.000000e+00	0.000000e+00	0.000000e+00
1.318257e+01	1.380384e+01	1.617702e-06	1.617702e-06	1.617702e-06
1.380384e+01	1.445440e+01	6.179476e-06	3.089738e-06	3.089738e-06
1.445440e+01	1.513561e+01	2.950720e-06	2.086474e-06	2.086474e-06
1.513561e+01	1.584893e+01	1.408947e-06	1.408947e-06	1.408947e-06
1.584893e+01	1.659587e+01	8.073179e-06	3.295861e-06	3.295861e-06
1.659587e+01	1.737801e+01	6.424873e-06	2.873291e-06	2.873291e-06
1.737801e+01	1.819701e+01	4.908571e-06	2.454286e-06	2.454286e-06
1.819701e+01	1.905461e+01	1.171910e-06	1.171910e-06	1.171910e-06
1.905461e+01	1.995262e+01	6.715048e-06	2.741407e-06	2.741407e-06
1.995262e+01	2.089296e+01	4.275177e-06	2.137588e-06	2.137588e-06
2.089296e+01	2.187762e+01	4.082749e-06	2.041375e-06	2.041375e-06
2.187762e+01	2.290868e+01	1.949508e-06	1.378511e-06	1.378511e-06
2.290868e+01	2.398833e+01	1.861770e-06	1.316470e-06	1.316470e-06
2.398833e+01	2.511886e+01	8.889901e-07	8.889900e-07	8.889900e-07
2.511886e+01	2.630268e+01	0.000000e+00	0.000000e+00	0.000000e+00
2.630268e+01	2.754229e+01	8.107631e-07	8.107629e-07	8.107629e-07
2.754229e+01	2.884032e+01	7.742733e-07	7.742732e-07	7.742732e-07
2.884032e+01	3.019952e+01	2.218283e-06	1.280726e-06	1.280726e-06
3.019952e+01	3.162278e+01	7.061465e-07	7.061463e-07	7.061463e-07
3.162278e+01	3.311311e+01	6.743674e-07	6.743673e-07	6.743673e-07
3.311311e+01	3.467369e+01	1.288021e-06	9.107686e-07	9.107686e-07
3.467369e+01	3.630781e+01	1.845085e-06	1.065260e-06	1.065260e-06
3.630781e+01	3.801894e+01	1.174697e-06	8.306366e-07	8.306366e-07
3.801894e+01	3.981072e+01	5.609115e-07	5.609114e-07	5.609114e-07
3.981072e+01	4.168694e+01	0.000000e+00	0.000000e+00	0.000000e+00
4.168694e+01	4.365158e+01	0.000000e+00	0.000000e+00	0.000000e+00
4.365158e+01	4.570882e+01	0.000000e+00	0.000000e+00	0.000000e+00
4.570882e+01	4.786301e+01	0.000000e+00	0.000000e+00	0.000000e+00
4.786301e+01	5.011872e+01	4.455493e-07	4.455492e-07	4.455492e-07
5.011872e+01	5.248075e+01	4.254942e-07	4.254941e-07	4.254941e-07
5.248075e+01	5.495409e+01	4.063453e-07	4.063452e-07	4.063452e-07
5.495409e+01	5.754399e+01	0.000000e+00	0.000000e+00	0.000000e+00
5.754399e+01	6.025596e+01	0.000000e+00	0.000000e+00	0.000000e+00
6.025596e+01	6.309573e+01	0.000000e+00	0.000000e+00	0.000000e+00
6.309573e+01	6.606934e+01	0.000000e+00	0.000000e+00	0.000000e+00
6.606934e+01	6.918310e+01	0.000000e+00	0.000000e+00	0.000000e+00
6.918310e+01	7.244360e+01	0.000000e+00	0.000000e+00	0.000000e+00
7.244360e+01	7.585776e+01	0.000000e+00	0.000000e+00	0.000000e+00
7.585776e+01	7.943282e+01	0.000000e+00	0.000000e+00	0.000000e+00
7.943282e+01	8.317638e+01	0.000000e+00	0.000000e+00	0.000000e+00
8.317638e+01	8.709636e+01	0.000000e+00	0.000000e+00	0.000000e+00
8.709636e+01	9.120108e+01	0.000000e+00	0.000000e+00	0.000000e+00
9.120108e+01	9.549926e+01	0.000000e+00	0.000000e+00	0.000000e+00
9.549926e+01	1.000000e+02	0.000000e+00	0.000000e+00	0.000000e+00
# END HISTO1D


# BEGIN HISTO1D //eos/home-y/youpeng/valid/genValidation/mg352VBS_merged.yoda.gz/MC_ZZJETS:ENERGY=13000/jet_mass_1
ErrorBars=1
LineColor=blue
LineStyle=solid
Path=//eos/home-y/youpeng/valid/genValidation/mg352VBS_merged.yoda.gz/MC_ZZJETS:ENERGY=13000/jet_mass_1
ScaledBy=9.96719999999999835e-07
Title=VBSZZ@NLO(v352)
# xlow	 xhigh	 val	 errminus	 errplus
1.000000e+00	1.047129e+00	0.000000e+00	0.000000e+00	0.000000e+00
1.047129e+00	1.096478e+00	0.000000e+00	0.000000e+00	0.000000e+00
1.096478e+00	1.148154e+00	0.000000e+00	0.000000e+00	0.000000e+00
1.148154e+00	1.202264e+00	0.000000e+00	0.000000e+00	0.000000e+00
1.202264e+00	1.258925e+00	0.000000e+00	0.000000e+00	0.000000e+00
1.258925e+00	1.318257e+00	0.000000e+00	0.000000e+00	0.000000e+00
1.318257e+00	1.380384e+00	0.000000e+00	0.000000e+00	0.000000e+00
1.380384e+00	1.445440e+00	0.000000e+00	0.000000e+00	0.000000e+00
1.445440e+00	1.513561e+00	0.000000e+00	0.000000e+00	0.000000e+00
1.513561e+00	1.584893e+00	0.000000e+00	0.000000e+00	0.000000e+00
1.584893e+00	1.659587e+00	0.000000e+00	0.000000e+00	0.000000e+00
1.659587e+00	1.737801e+00	0.000000e+00	0.000000e+00	0.000000e+00
1.737801e+00	1.819701e+00	0.000000e+00	0.000000e+00	0.000000e+00
1.819701e+00	1.905461e+00	0.000000e+00	0.000000e+00	0.000000e+00
1.905461e+00	1.995262e+00	0.000000e+00	0.000000e+00	0.000000e+00
1.995262e+00	2.089296e+00	0.000000e+00	0.000000e+00	0.000000e+00
2.089296e+00	2.187762e+00	0.000000e+00	0.000000e+00	0.000000e+00
2.187762e+00	2.290868e+00	0.000000e+00	0.000000e+00	0.000000e+00
2.290868e+00	2.398833e+00	0.000000e+00	0.000000e+00	0.000000e+00
2.398833e+00	2.511886e+00	0.000000e+00	0.000000e+00	0.000000e+00
2.511886e+00	2.630268e+00	0.000000e+00	0.000000e+00	0.000000e+00
2.630268e+00	2.754229e+00	0.000000e+00	0.000000e+00	0.000000e+00
2.754229e+00	2.884032e+00	0.000000e+00	0.000000e+00	0.000000e+00
2.884032e+00	3.019952e+00	0.000000e+00	0.000000e+00	0.000000e+00
3.019952e+00	3.162278e+00	0.000000e+00	0.000000e+00	0.000000e+00
3.162278e+00	3.311311e+00	0.000000e+00	0.000000e+00	0.000000e+00
3.311311e+00	3.467369e+00	0.000000e+00	0.000000e+00	0.000000e+00
3.467369e+00	3.630781e+00	0.000000e+00	0.000000e+00	0.000000e+00
3.630781e+00	3.801894e+00	0.000000e+00	0.000000e+00	0.000000e+00
3.801894e+00	3.981072e+00	0.000000e+00	0.000000e+00	0.000000e+00
3.981072e+00	4.168694e+00	0.000000e+00	0.000000e+00	0.000000e+00
4.168694e+00	4.365158e+00	0.000000e+00	0.000000e+00	0.000000e+00
4.365158e+00	4.570882e+00	0.000000e+00	0.000000e+00	0.000000e+00
4.570882e+00	4.786301e+00	4.626890e-06	4.626890e-06	4.626890e-06
4.786301e+00	5.011872e+00	0.000000e+00	0.000000e+00	0.000000e+00
5.011872e+00	5.248075e+00	0.000000e+00	0.000000e+00	0.000000e+00
5.248075e+00	5.495409e+00	0.000000e+00	0.000000e+00	0.000000e+00
5.495409e+00	5.754399e+00	3.848488e-06	3.848488e-06	3.848488e-06
5.754399e+00	6.025596e+00	3.675262e-06	3.675262e-06	3.675262e-06
6.025596e+00	6.309573e+00	1.052959e-05	6.079259e-06	6.079259e-06
6.309573e+00	6.606934e+00	3.351885e-06	3.351885e-06	3.351885e-06
6.606934e+00	6.918310e+00	6.402035e-06	4.526923e-06	4.526923e-06
6.918310e+00	7.244360e+00	9.170863e-06	5.294800e-06	5.294800e-06
7.244360e+00	7.585776e+00	0.000000e+00	0.000000e+00	0.000000e+00
7.585776e+00	7.943282e+00	2.787981e-06	2.787981e-06	2.787981e-06
7.943282e+00	8.317638e+00	5.324985e-06	3.765333e-06	3.765333e-06
8.317638e+00	8.709636e+00	2.542666e-06	2.542666e-06	2.542666e-06
8.709636e+00	9.120108e+00	2.428229e-06	2.428229e-06	2.428229e-06
9.120108e+00	9.549926e+00	2.318935e-06	2.318935e-06	2.318935e-06
9.549926e+00	1.000000e+01	8.858277e-06	4.429138e-06	4.429138e-06
1.000000e+01	1.047129e+01	0.000000e+00	0.000000e+00	0.000000e+00
1.047129e+01	1.096478e+01	1.009868e-05	4.516269e-06	4.516269e-06
1.096478e+01	1.148154e+01	1.928787e-06	1.928787e-06	1.928787e-06
1.148154e+01	1.202264e+01	9.210128e-06	4.118894e-06	4.118894e-06
1.202264e+01	1.258925e+01	7.036374e-06	3.518187e-06	3.518187e-06
1.258925e+01	1.318257e+01	5.039709e-06	2.909677e-06	2.909677e-06
1.318257e+01	1.380384e+01	4.812980e-06	2.778775e-06	2.778775e-06
1.380384e+01	1.445440e+01	3.064191e-06	2.166710e-06	2.166710e-06
1.445440e+01	1.513561e+01	4.389483e-06	2.534269e-06	2.534269e-06
1.513561e+01	1.584893e+01	4.191891e-06	2.420190e-06	2.420190e-06
1.584893e+01	1.659587e+01	9.340831e-06	3.530502e-06	3.530502e-06
1.659587e+01	1.737801e+01	5.097399e-06	2.548700e-06	2.548700e-06
1.737801e+01	1.819701e+01	2.433993e-06	1.721093e-06	1.721093e-06
1.819701e+01	1.905461e+01	3.486660e-06	2.013024e-06	2.013024e-06
1.905461e+01	1.995262e+01	2.219842e-06	1.569665e-06	1.569665e-06
1.995262e+01	2.089296e+01	2.119914e-06	1.499006e-06	1.499006e-06
2.089296e+01	2.187762e+01	5.061239e-06	2.263455e-06	2.263455e-06
2.187762e+01	2.290868e+01	5.800167e-06	2.367908e-06	2.367908e-06
2.290868e+01	2.398833e+01	9.231881e-07	9.231881e-07	9.231881e-07
2.398833e+01	2.511886e+01	8.816396e-07	8.816396e-07	8.816396e-07
2.511886e+01	2.630268e+01	1.683905e-06	1.190701e-06	1.190701e-06
2.630268e+01	2.754229e+01	1.608119e-06	1.137112e-06	1.137112e-06
2.754229e+01	2.884032e+01	2.303614e-06	1.329992e-06	1.329992e-06
2.884032e+01	3.019952e+01	7.333137e-07	7.333137e-07	7.333137e-07
3.019952e+01	3.162278e+01	0.000000e+00	0.000000e+00	0.000000e+00
3.162278e+01	3.311311e+01	0.000000e+00	0.000000e+00	0.000000e+00
3.311311e+01	3.467369e+01	2.554742e-06	1.277371e-06	1.277371e-06
3.467369e+01	3.630781e+01	6.099430e-07	6.099430e-07	6.099430e-07
3.630781e+01	3.801894e+01	1.164985e-06	8.237686e-07	8.237686e-07
3.801894e+01	3.981072e+01	5.562736e-07	5.562737e-07	5.562737e-07
3.981072e+01	4.168694e+01	0.000000e+00	0.000000e+00	0.000000e+00
4.168694e+01	4.365158e+01	0.000000e+00	0.000000e+00	0.000000e+00
4.365158e+01	4.570882e+01	4.844938e-07	4.844938e-07	4.844938e-07
4.570882e+01	4.786301e+01	0.000000e+00	0.000000e+00	0.000000e+00
4.786301e+01	5.011872e+01	0.000000e+00	0.000000e+00	0.000000e+00
5.011872e+01	5.248075e+01	0.000000e+00	0.000000e+00	0.000000e+00
5.248075e+01	5.495409e+01	0.000000e+00	0.000000e+00	0.000000e+00
5.495409e+01	5.754399e+01	0.000000e+00	0.000000e+00	0.000000e+00
5.754399e+01	6.025596e+01	3.675262e-07	3.675262e-07	3.675262e-07
6.025596e+01	6.309573e+01	0.000000e+00	0.000000e+00	0.000000e+00
6.309573e+01	6.606934e+01	0.000000e+00	0.000000e+00	0.000000e+00
6.606934e+01	6.918310e+01	0.000000e+00	0.000000e+00	0.000000e+00
6.918310e+01	7.244360e+01	0.000000e+00	0.000000e+00	0.000000e+00
7.244360e+01	7.585776e+01	0.000000e+00	0.000000e+00	0.000000e+00
7.585776e+01	7.943282e+01	2.787981e-07	2.787981e-07	2.787981e-07
7.943282e+01	8.317638e+01	0.000000e+00	0.000000e+00	0.000000e+00
8.317638e+01	8.709636e+01	0.000000e+00	0.000000e+00	0.000000e+00
8.709636e+01	9.120108e+01	0.000000e+00	0.000000e+00	0.000000e+00
9.120108e+01	9.549926e+01	0.000000e+00	0.000000e+00	0.000000e+00
9.549926e+01	1.000000e+02	2.214569e-07	2.214569e-07	2.214569e-07
# END HISTO1D

