# BEGIN PLOT
Legend=1
LogY=1
Title=Mass of fourth jet
XLabel=$m(\mathrm{jet~4})$
YLabel=$\mathrm{d}\sigma/\mathrm{d}m(\mathrm{jet~4})$ [pb/GeV]
RemoveOptions=1
DrawOnly=//eos/home-y/youpeng/valid/genValidation/masterVBS_merged.yoda.gz/MC_ZZJETS:ENERGY=13000/jet_mass_4 //eos/home-y/youpeng/valid/genValidation/mg352VBS_merged.yoda.gz/MC_ZZJETS:ENERGY=13000/jet_mass_4
LegendOnly=//eos/home-y/youpeng/valid/genValidation/masterVBS_merged.yoda.gz/MC_ZZJETS:ENERGY=13000/jet_mass_4 //eos/home-y/youpeng/valid/genValidation/mg352VBS_merged.yoda.gz/MC_ZZJETS:ENERGY=13000/jet_mass_4
RatioPlot=1
RatioPlotReference=//eos/home-y/youpeng/valid/genValidation/masterVBS_merged.yoda.gz/MC_ZZJETS:ENERGY=13000/jet_mass_4
RatioPlotYLabel=Ratio
# END PLOT

# BEGIN HISTO1D //eos/home-y/youpeng/valid/genValidation/masterVBS_merged.yoda.gz/MC_ZZJETS:ENERGY=13000/jet_mass_4
ErrorBars=1
LineColor=red
LineStyle=solid
Path=//eos/home-y/youpeng/valid/genValidation/masterVBS_merged.yoda.gz/MC_ZZJETS:ENERGY=13000/jet_mass_4
ScaledBy=1.00503000000000010e-06
Title=VBSZZ@NLO(v2918)
# xlow	 xhigh	 val	 errminus	 errplus
1.000000e+00	1.202264e+00	0.000000e+00	0.000000e+00	0.000000e+00
1.202264e+00	1.445440e+00	0.000000e+00	0.000000e+00	0.000000e+00
1.445440e+00	1.737801e+00	0.000000e+00	0.000000e+00	0.000000e+00
1.737801e+00	2.089296e+00	0.000000e+00	0.000000e+00	0.000000e+00
2.089296e+00	2.511886e+00	0.000000e+00	0.000000e+00	0.000000e+00
2.511886e+00	3.019952e+00	0.000000e+00	0.000000e+00	0.000000e+00
3.019952e+00	3.630781e+00	1.645354e-06	1.645354e-06	1.645354e-06
3.630781e+00	4.365158e+00	1.368548e-06	1.368548e-06	1.368548e-06
4.365158e+00	5.248075e+00	2.276613e-06	1.609808e-06	1.609808e-06
5.248075e+00	6.309573e+00	3.787214e-06	1.893607e-06	1.893607e-06
6.309573e+00	7.585776e+00	1.575032e-06	1.113716e-06	1.113716e-06
7.585776e+00	9.120108e+00	2.620111e-06	1.310055e-06	1.310055e-06
9.120108e+00	1.096478e+01	0.000000e+00	0.000000e+00	0.000000e+00
1.096478e+01	1.318257e+01	0.000000e+00	0.000000e+00	0.000000e+00
1.318257e+01	1.584893e+01	0.000000e+00	0.000000e+00	0.000000e+00
1.584893e+01	1.905461e+01	0.000000e+00	0.000000e+00	0.000000e+00
1.905461e+01	2.290868e+01	0.000000e+00	0.000000e+00	0.000000e+00
2.290868e+01	2.754229e+01	0.000000e+00	0.000000e+00	0.000000e+00
2.754229e+01	3.311311e+01	0.000000e+00	0.000000e+00	0.000000e+00
3.311311e+01	3.981072e+01	0.000000e+00	0.000000e+00	0.000000e+00
3.981072e+01	4.786301e+01	0.000000e+00	0.000000e+00	0.000000e+00
4.786301e+01	5.754399e+01	0.000000e+00	0.000000e+00	0.000000e+00
5.754399e+01	6.918310e+01	0.000000e+00	0.000000e+00	0.000000e+00
6.918310e+01	8.317638e+01	0.000000e+00	0.000000e+00	0.000000e+00
8.317638e+01	1.000000e+02	0.000000e+00	0.000000e+00	0.000000e+00
# END HISTO1D


# BEGIN HISTO1D //eos/home-y/youpeng/valid/genValidation/mg352VBS_merged.yoda.gz/MC_ZZJETS:ENERGY=13000/jet_mass_4
ErrorBars=1
LineColor=blue
LineStyle=solid
Path=//eos/home-y/youpeng/valid/genValidation/mg352VBS_merged.yoda.gz/MC_ZZJETS:ENERGY=13000/jet_mass_4
ScaledBy=9.96719999999999835e-07
Title=VBSZZ@NLO(v352)
# xlow	 xhigh	 val	 errminus	 errplus
1.000000e+00	1.202264e+00	0.000000e+00	0.000000e+00	0.000000e+00
1.202264e+00	1.445440e+00	0.000000e+00	0.000000e+00	0.000000e+00
1.445440e+00	1.737801e+00	0.000000e+00	0.000000e+00	0.000000e+00
1.737801e+00	2.089296e+00	0.000000e+00	0.000000e+00	0.000000e+00
2.089296e+00	2.511886e+00	0.000000e+00	0.000000e+00	0.000000e+00
2.511886e+00	3.019952e+00	0.000000e+00	0.000000e+00	0.000000e+00
3.019952e+00	3.630781e+00	0.000000e+00	0.000000e+00	0.000000e+00
3.630781e+00	4.365158e+00	1.357232e-06	1.357232e-06	1.357232e-06
4.365158e+00	5.248075e+00	1.128894e-06	1.128894e-06	1.128894e-06
5.248075e+00	6.309573e+00	2.816925e-06	1.626352e-06	1.626352e-06
6.309573e+00	7.585776e+00	1.562009e-06	1.104507e-06	1.104507e-06
7.585776e+00	9.120108e+00	6.496117e-07	6.496117e-07	6.496117e-07
9.120108e+00	1.096478e+01	1.620971e-06	9.358681e-07	9.358681e-07
1.096478e+01	1.318257e+01	0.000000e+00	0.000000e+00	0.000000e+00
1.318257e+01	1.584893e+01	0.000000e+00	0.000000e+00	0.000000e+00
1.584893e+01	1.905461e+01	0.000000e+00	0.000000e+00	0.000000e+00
1.905461e+01	2.290868e+01	0.000000e+00	0.000000e+00	0.000000e+00
2.290868e+01	2.754229e+01	0.000000e+00	0.000000e+00	0.000000e+00
2.754229e+01	3.311311e+01	0.000000e+00	0.000000e+00	0.000000e+00
3.311311e+01	3.981072e+01	0.000000e+00	0.000000e+00	0.000000e+00
3.981072e+01	4.786301e+01	0.000000e+00	0.000000e+00	0.000000e+00
4.786301e+01	5.754399e+01	0.000000e+00	0.000000e+00	0.000000e+00
5.754399e+01	6.918310e+01	0.000000e+00	0.000000e+00	0.000000e+00
6.918310e+01	8.317638e+01	0.000000e+00	0.000000e+00	0.000000e+00
8.317638e+01	1.000000e+02	0.000000e+00	0.000000e+00	0.000000e+00
# END HISTO1D

