# BEGIN PLOT
Legend=1
LogY=1
Title=Scalar sum of jet transverse momenta (HT)
XLabel=$HT$ [GeV]
YLabel=$\mathrm{d}\sigma/\mathrm{d}HT$ [pb/GeV]
LogX=1
RemoveOptions=1
DrawOnly=//eos/home-y/youpeng/valid/genValidation/masterVBS_merged.yoda.gz/MC_ZZJETS:ENERGY=13000/jet_HT //eos/home-y/youpeng/valid/genValidation/mg352VBS_merged.yoda.gz/MC_ZZJETS:ENERGY=13000/jet_HT
LegendOnly=//eos/home-y/youpeng/valid/genValidation/masterVBS_merged.yoda.gz/MC_ZZJETS:ENERGY=13000/jet_HT //eos/home-y/youpeng/valid/genValidation/mg352VBS_merged.yoda.gz/MC_ZZJETS:ENERGY=13000/jet_HT
RatioPlot=1
RatioPlotReference=//eos/home-y/youpeng/valid/genValidation/masterVBS_merged.yoda.gz/MC_ZZJETS:ENERGY=13000/jet_HT
RatioPlotYLabel=Ratio
# END PLOT

# BEGIN HISTO1D //eos/home-y/youpeng/valid/genValidation/masterVBS_merged.yoda.gz/MC_ZZJETS:ENERGY=13000/jet_HT
ErrorBars=1
LineColor=red
LineStyle=solid
Path=//eos/home-y/youpeng/valid/genValidation/masterVBS_merged.yoda.gz/MC_ZZJETS:ENERGY=13000/jet_HT
ScaledBy=1.00503000000000010e-06
Title=VBSZZ@NLO(v2918)
# xlow	 xhigh	 val	 errminus	 errplus
2.000000e+01	2.245265e+01	0.000000e+00	0.000000e+00	0.000000e+00
2.245265e+01	2.520608e+01	0.000000e+00	0.000000e+00	0.000000e+00
2.520608e+01	2.829717e+01	0.000000e+00	0.000000e+00	0.000000e+00
2.829717e+01	3.176733e+01	0.000000e+00	0.000000e+00	0.000000e+00
3.176733e+01	3.566304e+01	2.579838e-07	2.579837e-07	2.579837e-07
3.566304e+01	4.003649e+01	0.000000e+00	0.000000e+00	0.000000e+00
4.003649e+01	4.494627e+01	0.000000e+00	0.000000e+00	0.000000e+00
4.494627e+01	5.045815e+01	0.000000e+00	0.000000e+00	0.000000e+00
5.045815e+01	5.664597e+01	0.000000e+00	0.000000e+00	0.000000e+00
5.664597e+01	6.359261e+01	0.000000e+00	0.000000e+00	0.000000e+00
6.359261e+01	7.139114e+01	0.000000e+00	0.000000e+00	0.000000e+00
7.139114e+01	8.014603e+01	0.000000e+00	0.000000e+00	0.000000e+00
8.014603e+01	8.997455e+01	0.000000e+00	0.000000e+00	0.000000e+00
8.997455e+01	1.010084e+02	9.108607e-08	9.108605e-08	9.108605e-08
1.010084e+02	1.133953e+02	1.622730e-07	1.147444e-07	1.147444e-07
1.133953e+02	1.273013e+02	2.890925e-07	1.445462e-07	1.445462e-07
1.273013e+02	1.429125e+02	2.575151e-07	1.287576e-07	1.287576e-07
1.429125e+02	1.604383e+02	5.734574e-07	1.813431e-07	1.813431e-07
1.604383e+02	1.801133e+02	2.554079e-07	1.142219e-07	1.142219e-07
1.801133e+02	2.022010e+02	5.915233e-07	1.640591e-07	1.640591e-07
2.022010e+02	2.269975e+02	2.431867e-07	9.928057e-08	9.928057e-08
2.269975e+02	2.548348e+02	5.054520e-07	1.350877e-07	1.350877e-07
2.548348e+02	2.860858e+02	2.894394e-07	9.647979e-08	9.647979e-08
2.860858e+02	3.211693e+02	2.578212e-07	8.594040e-08	8.594040e-08
3.211693e+02	3.605551e+02	1.275879e-07	5.705903e-08	5.705903e-08
3.605551e+02	4.047710e+02	1.136503e-07	5.082596e-08	5.082596e-08
4.047710e+02	4.544091e+02	8.098860e-08	4.049430e-08	4.049430e-08
4.544091e+02	5.101345e+02	7.214161e-08	3.607080e-08	3.607080e-08
5.101345e+02	5.726936e+02	8.032644e-08	3.592308e-08	3.592308e-08
5.726936e+02	6.429246e+02	5.724139e-08	2.862069e-08	2.862069e-08
6.429246e+02	7.217681e+02	2.549430e-08	1.802720e-08	1.802720e-08
7.217681e+02	8.102804e+02	0.000000e+00	0.000000e+00	0.000000e+00
8.102804e+02	9.096473e+02	2.022867e-08	1.430383e-08	1.430383e-08
9.096473e+02	1.021200e+03	9.009464e-09	9.009462e-09	9.009462e-09
1.021200e+03	1.146432e+03	0.000000e+00	0.000000e+00	0.000000e+00
1.146432e+03	1.287022e+03	1.429732e-08	1.010973e-08	1.010973e-08
1.287022e+03	1.444853e+03	6.367760e-09	6.367760e-09	6.367760e-09
1.444853e+03	1.622039e+03	0.000000e+00	0.000000e+00	0.000000e+00
1.622039e+03	1.820954e+03	0.000000e+00	0.000000e+00	0.000000e+00
1.820954e+03	2.044263e+03	0.000000e+00	0.000000e+00	0.000000e+00
2.044263e+03	2.294956e+03	0.000000e+00	0.000000e+00	0.000000e+00
2.294956e+03	2.576392e+03	0.000000e+00	0.000000e+00	0.000000e+00
2.576392e+03	2.892342e+03	0.000000e+00	0.000000e+00	0.000000e+00
2.892342e+03	3.247038e+03	0.000000e+00	0.000000e+00	0.000000e+00
3.247038e+03	3.645231e+03	0.000000e+00	0.000000e+00	0.000000e+00
3.645231e+03	4.092255e+03	0.000000e+00	0.000000e+00	0.000000e+00
4.092255e+03	4.594099e+03	0.000000e+00	0.000000e+00	0.000000e+00
4.594099e+03	5.157486e+03	0.000000e+00	0.000000e+00	0.000000e+00
5.157486e+03	5.789962e+03	0.000000e+00	0.000000e+00	0.000000e+00
5.789962e+03	6.500000e+03	0.000000e+00	0.000000e+00	0.000000e+00
# END HISTO1D


# BEGIN HISTO1D //eos/home-y/youpeng/valid/genValidation/mg352VBS_merged.yoda.gz/MC_ZZJETS:ENERGY=13000/jet_HT
ErrorBars=1
LineColor=blue
LineStyle=solid
Path=//eos/home-y/youpeng/valid/genValidation/mg352VBS_merged.yoda.gz/MC_ZZJETS:ENERGY=13000/jet_HT
ScaledBy=9.96719999999999835e-07
Title=VBSZZ@NLO(v352)
# xlow	 xhigh	 val	 errminus	 errplus
2.000000e+01	2.245265e+01	0.000000e+00	0.000000e+00	0.000000e+00
2.245265e+01	2.520608e+01	0.000000e+00	0.000000e+00	0.000000e+00
2.520608e+01	2.829717e+01	0.000000e+00	0.000000e+00	0.000000e+00
2.829717e+01	3.176733e+01	0.000000e+00	0.000000e+00	0.000000e+00
3.176733e+01	3.566304e+01	0.000000e+00	0.000000e+00	0.000000e+00
3.566304e+01	4.003649e+01	2.279025e-07	2.279025e-07	2.279025e-07
4.003649e+01	4.494627e+01	0.000000e+00	0.000000e+00	0.000000e+00
4.494627e+01	5.045815e+01	0.000000e+00	0.000000e+00	0.000000e+00
5.045815e+01	5.664597e+01	0.000000e+00	0.000000e+00	0.000000e+00
5.664597e+01	6.359261e+01	1.434823e-07	1.434823e-07	1.434823e-07
6.359261e+01	7.139114e+01	0.000000e+00	0.000000e+00	0.000000e+00
7.139114e+01	8.014603e+01	2.276945e-07	1.610043e-07	1.610043e-07
8.014603e+01	8.997455e+01	0.000000e+00	0.000000e+00	0.000000e+00
8.997455e+01	1.010084e+02	1.806659e-07	1.277501e-07	1.277501e-07
1.010084e+02	1.133953e+02	1.609313e-07	1.137956e-07	1.137956e-07
1.133953e+02	1.273013e+02	2.150266e-07	1.241457e-07	1.241457e-07
1.273013e+02	1.429125e+02	3.192323e-07	1.427650e-07	1.427650e-07
1.429125e+02	1.604383e+02	1.706148e-07	9.850447e-08	9.850447e-08
1.604383e+02	1.801133e+02	2.026368e-07	1.013184e-07	1.013184e-07
1.801133e+02	2.022010e+02	1.805023e-07	9.025113e-08	9.025113e-08
2.022010e+02	2.269975e+02	4.019600e-07	1.271109e-07	1.271109e-07
2.269975e+02	2.548348e+02	6.444935e-07	1.519086e-07	1.519086e-07
2.548348e+02	2.860858e+02	2.870462e-07	9.568206e-08	9.568206e-08
2.860858e+02	3.211693e+02	1.704596e-07	6.958985e-08	6.958985e-08
3.211693e+02	3.605551e+02	7.591975e-08	4.383228e-08	4.383228e-08
3.605551e+02	4.047710e+02	1.803369e-07	6.375874e-08	6.375874e-08
4.047710e+02	4.544091e+02	6.023921e-08	3.477912e-08	3.477912e-08
4.544091e+02	5.101345e+02	7.154511e-08	3.577256e-08	3.577256e-08
5.101345e+02	5.726936e+02	6.372982e-08	3.186491e-08	3.186491e-08
5.726936e+02	6.429246e+02	5.676809e-08	2.838405e-08	2.838405e-08
6.429246e+02	7.217681e+02	3.792526e-08	2.189616e-08	2.189616e-08
7.217681e+02	8.102804e+02	4.504323e-08	2.252162e-08	2.252162e-08
8.102804e+02	9.096473e+02	0.000000e+00	0.000000e+00	0.000000e+00
9.096473e+02	1.021200e+03	0.000000e+00	0.000000e+00	0.000000e+00
1.021200e+03	1.146432e+03	7.958988e-09	7.958988e-09	7.958988e-09
1.146432e+03	1.287022e+03	0.000000e+00	0.000000e+00	0.000000e+00
1.287022e+03	1.444853e+03	0.000000e+00	0.000000e+00	0.000000e+00
1.444853e+03	1.622039e+03	0.000000e+00	0.000000e+00	0.000000e+00
1.622039e+03	1.820954e+03	0.000000e+00	0.000000e+00	0.000000e+00
1.820954e+03	2.044263e+03	0.000000e+00	0.000000e+00	0.000000e+00
2.044263e+03	2.294956e+03	0.000000e+00	0.000000e+00	0.000000e+00
2.294956e+03	2.576392e+03	0.000000e+00	0.000000e+00	0.000000e+00
2.576392e+03	2.892342e+03	0.000000e+00	0.000000e+00	0.000000e+00
2.892342e+03	3.247038e+03	0.000000e+00	0.000000e+00	0.000000e+00
3.247038e+03	3.645231e+03	0.000000e+00	0.000000e+00	0.000000e+00
3.645231e+03	4.092255e+03	0.000000e+00	0.000000e+00	0.000000e+00
4.092255e+03	4.594099e+03	0.000000e+00	0.000000e+00	0.000000e+00
4.594099e+03	5.157486e+03	0.000000e+00	0.000000e+00	0.000000e+00
5.157486e+03	5.789962e+03	0.000000e+00	0.000000e+00	0.000000e+00
5.789962e+03	6.500000e+03	0.000000e+00	0.000000e+00	0.000000e+00
# END HISTO1D

