# BEGIN PLOT
Legend=1
LogY=1
Title=$\log_{10}$($k_\perp$ jet resolution $1 \to 2$ [GeV])
XLabel=$\log_{10}(d_{12}/\mathrm{GeV})$
YLabel=$\mathrm{d}\sigma/\mathrm{d}\log_{10}(d_{12}/\mathrm{GeV})$ [pb]
LegendXPos=0.15
LegendYPos=0.5
Rebin=2
RemoveOptions=1
DrawOnly=//ospool/cms-user/youpeng/genvalid/genValidation/masterVBS_merged.yoda.gz/MC_ZKTSPLITTINGS:ENERGY=13600/log10_d_12 //ospool/cms-user/youpeng/genvalid/genValidation/mg352VBS_merged.yoda.gz/MC_ZKTSPLITTINGS:ENERGY=13600/log10_d_12 //ospool/cms-user/youpeng/genvalid/genValidation/mg35xVBS_merged.yoda.gz/MC_ZKTSPLITTINGS:ENERGY=13600/log10_d_12
LegendOnly=//ospool/cms-user/youpeng/genvalid/genValidation/masterVBS_merged.yoda.gz/MC_ZKTSPLITTINGS:ENERGY=13600/log10_d_12 //ospool/cms-user/youpeng/genvalid/genValidation/mg352VBS_merged.yoda.gz/MC_ZKTSPLITTINGS:ENERGY=13600/log10_d_12 //ospool/cms-user/youpeng/genvalid/genValidation/mg35xVBS_merged.yoda.gz/MC_ZKTSPLITTINGS:ENERGY=13600/log10_d_12
RatioPlot=1
RatioPlotReference=//ospool/cms-user/youpeng/genvalid/genValidation/masterVBS_merged.yoda.gz/MC_ZKTSPLITTINGS:ENERGY=13600/log10_d_12
RatioPlotYLabel=Ratio
# END PLOT

# BEGIN HISTO1D //ospool/cms-user/youpeng/genvalid/genValidation/masterVBS_merged.yoda.gz/MC_ZKTSPLITTINGS:ENERGY=13600/log10_d_12
ErrorBars=1
LineColor=red
LineStyle=solid
Path=//ospool/cms-user/youpeng/genvalid/genValidation/masterVBS_merged.yoda.gz/MC_ZKTSPLITTINGS:ENERGY=13600/log10_d_12
ScaledBy=1.07182617187499956e-09
Title=VBSZZ@LO(v2918)
# xlow	 xhigh	 val	 errminus	 errplus
2.000000e-01	2.363251e-01	0.000000e+00	0.000000e+00	0.000000e+00
2.363251e-01	2.726502e-01	0.000000e+00	0.000000e+00	0.000000e+00
2.726502e-01	3.089753e-01	0.000000e+00	0.000000e+00	0.000000e+00
3.089753e-01	3.453004e-01	0.000000e+00	0.000000e+00	0.000000e+00
3.453004e-01	3.816254e-01	0.000000e+00	0.000000e+00	0.000000e+00
3.816254e-01	4.179505e-01	0.000000e+00	0.000000e+00	0.000000e+00
4.179505e-01	4.542756e-01	0.000000e+00	0.000000e+00	0.000000e+00
4.542756e-01	4.906007e-01	0.000000e+00	0.000000e+00	0.000000e+00
4.906007e-01	5.269258e-01	0.000000e+00	0.000000e+00	0.000000e+00
5.269258e-01	5.632509e-01	0.000000e+00	0.000000e+00	0.000000e+00
5.632509e-01	5.995760e-01	0.000000e+00	0.000000e+00	0.000000e+00
5.995760e-01	6.359011e-01	0.000000e+00	0.000000e+00	0.000000e+00
6.359011e-01	6.722262e-01	0.000000e+00	0.000000e+00	0.000000e+00
6.722262e-01	7.085512e-01	0.000000e+00	0.000000e+00	0.000000e+00
7.085512e-01	7.448763e-01	0.000000e+00	0.000000e+00	0.000000e+00
7.448763e-01	7.812014e-01	0.000000e+00	0.000000e+00	0.000000e+00
7.812014e-01	8.175265e-01	0.000000e+00	0.000000e+00	0.000000e+00
8.175265e-01	8.538516e-01	2.950648e-08	2.950648e-08	2.950648e-08
8.538516e-01	8.901767e-01	0.000000e+00	0.000000e+00	0.000000e+00
8.901767e-01	9.265018e-01	0.000000e+00	0.000000e+00	0.000000e+00
9.265018e-01	9.628269e-01	1.180260e-07	5.901298e-08	5.901298e-08
9.628269e-01	9.991520e-01	2.950648e-08	2.950648e-08	2.950648e-08
9.991520e-01	1.035477e+00	8.851972e-08	5.110688e-08	5.110688e-08
1.035477e+00	1.071802e+00	1.180263e-07	5.901314e-08	5.901314e-08
1.071802e+00	1.108127e+00	2.950657e-07	9.330795e-08	9.330795e-08
1.108127e+00	1.144452e+00	4.425985e-07	1.142785e-07	1.142785e-07
1.144452e+00	1.180777e+00	5.606249e-07	1.286162e-07	1.286162e-07
1.180777e+00	1.217102e+00	1.593355e-06	2.168281e-07	2.168281e-07
1.217102e+00	1.253428e+00	1.563805e-06	2.148052e-07	2.148052e-07
1.253428e+00	1.289753e+00	2.832630e-06	2.891042e-07	2.891042e-07
1.289753e+00	1.326078e+00	4.809572e-06	3.767146e-07	3.767146e-07
1.326078e+00	1.362403e+00	8.202827e-06	4.919729e-07	4.919729e-07
1.362403e+00	1.398728e+00	1.195016e-05	5.938083e-07	5.938083e-07
1.398728e+00	1.435053e+00	1.935631e-05	7.557369e-07	7.557369e-07
1.435053e+00	1.471378e+00	3.074585e-05	9.524727e-07	9.524727e-07
1.471378e+00	1.507703e+00	4.175180e-05	1.109933e-06	1.109933e-06
1.507703e+00	1.544028e+00	5.824597e-05	1.310969e-06	1.310969e-06
1.544028e+00	1.580353e+00	8.120209e-05	1.547900e-06	1.547900e-06
1.580353e+00	1.616678e+00	1.166100e-04	1.854929e-06	1.854929e-06
1.616678e+00	1.653004e+00	1.622817e-04	2.188206e-06	2.188206e-06
1.653004e+00	1.689329e+00	2.136571e-04	2.510834e-06	2.510834e-06
1.689329e+00	1.725654e+00	2.927642e-04	2.939127e-06	2.939127e-06
1.725654e+00	1.761979e+00	3.616030e-04	3.266445e-06	3.266445e-06
1.761979e+00	1.798304e+00	4.476146e-04	3.634223e-06	3.634223e-06
1.798304e+00	1.834629e+00	5.189616e-04	3.913154e-06	3.913154e-06
1.834629e+00	1.870954e+00	5.908691e-04	4.175467e-06	4.175467e-06
1.870954e+00	1.907279e+00	6.505313e-04	4.381204e-06	4.381204e-06
1.907279e+00	1.943604e+00	7.052366e-04	4.561701e-06	4.561701e-06
1.943604e+00	1.979929e+00	7.373396e-04	4.664372e-06	4.664372e-06
1.979929e+00	2.016254e+00	7.558109e-04	4.722434e-06	4.722434e-06
2.016254e+00	2.052580e+00	7.426303e-04	4.681012e-06	4.681012e-06
2.052580e+00	2.088905e+00	7.298156e-04	4.640512e-06	4.640512e-06
2.088905e+00	2.125230e+00	6.941126e-04	4.525581e-06	4.525581e-06
2.125230e+00	2.161555e+00	6.341847e-04	4.325808e-06	4.325808e-06
2.161555e+00	2.197880e+00	5.840826e-04	4.151418e-06	4.151418e-06
2.197880e+00	2.234205e+00	5.164534e-04	3.903686e-06	3.903686e-06
2.234205e+00	2.270530e+00	4.567912e-04	3.671286e-06	3.671286e-06
2.270530e+00	2.306855e+00	3.976011e-04	3.425177e-06	3.425177e-06
2.306855e+00	2.343180e+00	3.414794e-04	3.174254e-06	3.174254e-06
2.343180e+00	2.379505e+00	2.868925e-04	2.909503e-06	2.909503e-06
2.379505e+00	2.415830e+00	2.377049e-04	2.648369e-06	2.648369e-06
2.415830e+00	2.452156e+00	1.955347e-04	2.401957e-06	2.401957e-06
2.452156e+00	2.488481e+00	1.640270e-04	2.199972e-06	2.199972e-06
2.488481e+00	2.524806e+00	1.346090e-04	1.992950e-06	1.992950e-06
2.524806e+00	2.561131e+00	1.132167e-04	1.827741e-06	1.827741e-06
2.561131e+00	2.597456e+00	9.521770e-05	1.676171e-06	1.676171e-06
2.597456e+00	2.633781e+00	7.158293e-05	1.453330e-06	1.453330e-06
2.633781e+00	2.670106e+00	5.561988e-05	1.281074e-06	1.281074e-06
2.670106e+00	2.706431e+00	4.240094e-05	1.118529e-06	1.118529e-06
2.706431e+00	2.742756e+00	3.139499e-05	9.624751e-07	9.624751e-07
2.742756e+00	2.779081e+00	2.301512e-05	8.240736e-07	8.240736e-07
2.779081e+00	2.815406e+00	1.637615e-05	6.951287e-07	6.951287e-07
2.815406e+00	2.851732e+00	1.224489e-05	6.010780e-07	6.010780e-07
2.851732e+00	2.888057e+00	9.058516e-06	5.169969e-07	5.169969e-07
2.888057e+00	2.924382e+00	5.665261e-06	4.088551e-07	4.088551e-07
2.924382e+00	2.960707e+00	3.865360e-06	3.377182e-07	3.377182e-07
2.960707e+00	2.997032e+00	2.537565e-06	2.736327e-07	2.736327e-07
2.997032e+00	3.033357e+00	1.563848e-06	2.148111e-07	2.148111e-07
3.033357e+00	3.069682e+00	8.851972e-07	1.616141e-07	1.616141e-07
3.069682e+00	3.106007e+00	5.606249e-07	1.286162e-07	1.286162e-07
3.106007e+00	3.142332e+00	5.016116e-07	1.216587e-07	1.216587e-07
3.142332e+00	3.178657e+00	3.245723e-07	9.786220e-08	9.786220e-08
3.178657e+00	3.214982e+00	1.180263e-07	5.901314e-08	5.901314e-08
3.214982e+00	3.251307e+00	8.851972e-08	5.110688e-08	5.110688e-08
3.251307e+00	3.287633e+00	8.851729e-08	5.110547e-08	5.110547e-08
3.287633e+00	3.323958e+00	2.950657e-08	2.950657e-08	2.950657e-08
3.323958e+00	3.360283e+00	0.000000e+00	0.000000e+00	0.000000e+00
3.360283e+00	3.396608e+00	2.950657e-08	2.950657e-08	2.950657e-08
3.396608e+00	3.432933e+00	0.000000e+00	0.000000e+00	0.000000e+00
3.432933e+00	3.469258e+00	0.000000e+00	0.000000e+00	0.000000e+00
3.469258e+00	3.505583e+00	0.000000e+00	0.000000e+00	0.000000e+00
3.505583e+00	3.541908e+00	0.000000e+00	0.000000e+00	0.000000e+00
3.541908e+00	3.578233e+00	0.000000e+00	0.000000e+00	0.000000e+00
3.578233e+00	3.614558e+00	0.000000e+00	0.000000e+00	0.000000e+00
3.614558e+00	3.650883e+00	0.000000e+00	0.000000e+00	0.000000e+00
3.650883e+00	3.687209e+00	0.000000e+00	0.000000e+00	0.000000e+00
3.687209e+00	3.723534e+00	0.000000e+00	0.000000e+00	0.000000e+00
3.723534e+00	3.759859e+00	0.000000e+00	0.000000e+00	0.000000e+00
3.759859e+00	3.796184e+00	0.000000e+00	0.000000e+00	0.000000e+00
3.796184e+00	3.832509e+00	0.000000e+00	0.000000e+00	0.000000e+00
# END HISTO1D


# BEGIN HISTO1D //ospool/cms-user/youpeng/genvalid/genValidation/mg352VBS_merged.yoda.gz/MC_ZKTSPLITTINGS:ENERGY=13600/log10_d_12
ErrorBars=1
LineColor=blue
LineStyle=solid
Path=//ospool/cms-user/youpeng/genvalid/genValidation/mg352VBS_merged.yoda.gz/MC_ZKTSPLITTINGS:ENERGY=13600/log10_d_12
ScaledBy=1.07425781250000051e-09
Title=VBSZZ@LO(v352)
# xlow	 xhigh	 val	 errminus	 errplus
2.000000e-01	2.363251e-01	0.000000e+00	0.000000e+00	0.000000e+00
2.363251e-01	2.726502e-01	0.000000e+00	0.000000e+00	0.000000e+00
2.726502e-01	3.089753e-01	0.000000e+00	0.000000e+00	0.000000e+00
3.089753e-01	3.453004e-01	0.000000e+00	0.000000e+00	0.000000e+00
3.453004e-01	3.816254e-01	0.000000e+00	0.000000e+00	0.000000e+00
3.816254e-01	4.179505e-01	0.000000e+00	0.000000e+00	0.000000e+00
4.179505e-01	4.542756e-01	0.000000e+00	0.000000e+00	0.000000e+00
4.542756e-01	4.906007e-01	0.000000e+00	0.000000e+00	0.000000e+00
4.906007e-01	5.269258e-01	0.000000e+00	0.000000e+00	0.000000e+00
5.269258e-01	5.632509e-01	0.000000e+00	0.000000e+00	0.000000e+00
5.632509e-01	5.995760e-01	0.000000e+00	0.000000e+00	0.000000e+00
5.995760e-01	6.359011e-01	0.000000e+00	0.000000e+00	0.000000e+00
6.359011e-01	6.722262e-01	0.000000e+00	0.000000e+00	0.000000e+00
6.722262e-01	7.085512e-01	0.000000e+00	0.000000e+00	0.000000e+00
7.085512e-01	7.448763e-01	0.000000e+00	0.000000e+00	0.000000e+00
7.448763e-01	7.812014e-01	0.000000e+00	0.000000e+00	0.000000e+00
7.812014e-01	8.175265e-01	0.000000e+00	0.000000e+00	0.000000e+00
8.175265e-01	8.538516e-01	0.000000e+00	0.000000e+00	0.000000e+00
8.538516e-01	8.901767e-01	0.000000e+00	0.000000e+00	0.000000e+00
8.901767e-01	9.265018e-01	0.000000e+00	0.000000e+00	0.000000e+00
9.265018e-01	9.628269e-01	0.000000e+00	0.000000e+00	0.000000e+00
9.628269e-01	9.991520e-01	0.000000e+00	0.000000e+00	0.000000e+00
9.991520e-01	1.035477e+00	5.914703e-08	4.182326e-08	4.182326e-08
1.035477e+00	1.071802e+00	1.774411e-07	7.244001e-08	7.244001e-08
1.071802e+00	1.108127e+00	2.365881e-07	8.364652e-08	8.364652e-08
1.108127e+00	1.144452e+00	5.323232e-07	1.254698e-07	1.254698e-07
1.144452e+00	1.180777e+00	9.759259e-07	1.698869e-07	1.698869e-07
1.180777e+00	1.217102e+00	1.301234e-06	1.961685e-07	1.961685e-07
1.217102e+00	1.253428e+00	1.981371e-06	2.420630e-07	2.420630e-07
1.253428e+00	1.289753e+00	2.720763e-06	2.836591e-07	2.836591e-07
1.289753e+00	1.326078e+00	5.589393e-06	4.065685e-07	4.065685e-07
1.326078e+00	1.362403e+00	8.191862e-06	4.922014e-07	4.922014e-07
1.362403e+00	1.398728e+00	1.286448e-05	6.168045e-07	6.168045e-07
1.398728e+00	1.435053e+00	2.046487e-05	7.779577e-07	7.779577e-07
1.435053e+00	1.471378e+00	2.836099e-05	9.158245e-07	9.158245e-07
1.471378e+00	1.507703e+00	4.163950e-05	1.109697e-06	1.109697e-06
1.507703e+00	1.544028e+00	6.219309e-05	1.356196e-06	1.356196e-06
1.544028e+00	1.580353e+00	8.455067e-05	1.581284e-06	1.581284e-06
1.580353e+00	1.616678e+00	1.197136e-04	1.881582e-06	1.881582e-06
1.616678e+00	1.653004e+00	1.603136e-04	2.177362e-06	2.177362e-06
1.653004e+00	1.689329e+00	2.181934e-04	2.540225e-06	2.540225e-06
1.689329e+00	1.725654e+00	2.899386e-04	2.928226e-06	2.928226e-06
1.725654e+00	1.761979e+00	3.703491e-04	3.309460e-06	3.309460e-06
1.761979e+00	1.798304e+00	4.442830e-04	3.624776e-06	3.624776e-06
1.798304e+00	1.834629e+00	5.266747e-04	3.946596e-06	3.946596e-06
1.834629e+00	1.870954e+00	5.929784e-04	4.187655e-06	4.187655e-06
1.870954e+00	1.907279e+00	6.593710e-04	4.415871e-06	4.415871e-06
1.907279e+00	1.943604e+00	6.972842e-04	4.541051e-06	4.541051e-06
1.943604e+00	1.979929e+00	7.356410e-04	4.664278e-06	4.664278e-06
1.979929e+00	2.016254e+00	7.569933e-04	4.731484e-06	4.731484e-06
2.016254e+00	2.052580e+00	7.482781e-04	4.704105e-06	4.704105e-06
2.052580e+00	2.088905e+00	7.220964e-04	4.621139e-06	4.621139e-06
2.088905e+00	2.125230e+00	6.878502e-04	4.510227e-06	4.510227e-06
2.125230e+00	2.161555e+00	6.414494e-04	4.355447e-06	4.355447e-06
2.161555e+00	2.197880e+00	5.883353e-04	4.171228e-06	4.171228e-06
2.197880e+00	2.234205e+00	5.223273e-04	3.930275e-06	3.930275e-06
2.234205e+00	2.270530e+00	4.578866e-04	3.679852e-06	3.679852e-06
2.270530e+00	2.306855e+00	3.972906e-04	3.427722e-06	3.427722e-06
2.306855e+00	2.343180e+00	3.426979e-04	3.183517e-06	3.183517e-06
2.343180e+00	2.379505e+00	2.904416e-04	2.930764e-06	2.930764e-06
2.379505e+00	2.415830e+00	2.340744e-04	2.631045e-06	2.631045e-06
2.415830e+00	2.452156e+00	1.948841e-04	2.400677e-06	2.400677e-06
2.452156e+00	2.488481e+00	1.645766e-04	2.206152e-06	2.206152e-06
2.488481e+00	2.524806e+00	1.377534e-04	2.018379e-06	2.018379e-06
2.524806e+00	2.561131e+00	1.137989e-04	1.834511e-06	1.834511e-06
2.561131e+00	2.597456e+00	9.141173e-05	1.644191e-06	1.644191e-06
2.597456e+00	2.633781e+00	7.210023e-05	1.460225e-06	1.460225e-06
2.633781e+00	2.670106e+00	5.370549e-05	1.260262e-06	1.260262e-06
2.670106e+00	2.706431e+00	3.995381e-05	1.087002e-06	1.087002e-06
2.706431e+00	2.742756e+00	2.969181e-05	9.370651e-07	9.370651e-07
2.742756e+00	2.779081e+00	2.297862e-05	8.243534e-07	8.243534e-07
2.779081e+00	2.815406e+00	1.670904e-05	7.029544e-07	7.029544e-07
2.815406e+00	2.851732e+00	1.301199e-05	6.203221e-07	6.203221e-07
2.851732e+00	2.888057e+00	8.517173e-06	5.018791e-07	5.018791e-07
2.888057e+00	2.924382e+00	5.618968e-06	4.076428e-07	4.076428e-07
2.924382e+00	2.960707e+00	3.578395e-06	3.253086e-07	3.253086e-07
2.960707e+00	2.997032e+00	2.395454e-06	2.661616e-07	2.661616e-07
2.997032e+00	3.033357e+00	1.863131e-06	2.347325e-07	2.347325e-07
3.033357e+00	3.069682e+00	8.576319e-07	1.592582e-07	1.592582e-07
3.069682e+00	3.106007e+00	2.661616e-07	8.872054e-08	8.872054e-08
3.106007e+00	3.142332e+00	2.070146e-07	7.824416e-08	7.824416e-08
3.142332e+00	3.178657e+00	2.365881e-07	8.364652e-08	8.364652e-08
3.178657e+00	3.214982e+00	8.872052e-08	5.122283e-08	5.122283e-08
3.214982e+00	3.251307e+00	0.000000e+00	0.000000e+00	0.000000e+00
3.251307e+00	3.287633e+00	5.914541e-08	4.182211e-08	4.182211e-08
3.287633e+00	3.323958e+00	2.957352e-08	2.957351e-08	2.957351e-08
3.323958e+00	3.360283e+00	0.000000e+00	0.000000e+00	0.000000e+00
3.360283e+00	3.396608e+00	0.000000e+00	0.000000e+00	0.000000e+00
3.396608e+00	3.432933e+00	0.000000e+00	0.000000e+00	0.000000e+00
3.432933e+00	3.469258e+00	2.957352e-08	2.957351e-08	2.957351e-08
3.469258e+00	3.505583e+00	0.000000e+00	0.000000e+00	0.000000e+00
3.505583e+00	3.541908e+00	0.000000e+00	0.000000e+00	0.000000e+00
3.541908e+00	3.578233e+00	0.000000e+00	0.000000e+00	0.000000e+00
3.578233e+00	3.614558e+00	0.000000e+00	0.000000e+00	0.000000e+00
3.614558e+00	3.650883e+00	0.000000e+00	0.000000e+00	0.000000e+00
3.650883e+00	3.687209e+00	0.000000e+00	0.000000e+00	0.000000e+00
3.687209e+00	3.723534e+00	0.000000e+00	0.000000e+00	0.000000e+00
3.723534e+00	3.759859e+00	0.000000e+00	0.000000e+00	0.000000e+00
3.759859e+00	3.796184e+00	0.000000e+00	0.000000e+00	0.000000e+00
3.796184e+00	3.832509e+00	0.000000e+00	0.000000e+00	0.000000e+00
# END HISTO1D


# BEGIN HISTO1D //ospool/cms-user/youpeng/genvalid/genValidation/mg35xVBS_merged.yoda.gz/MC_ZKTSPLITTINGS:ENERGY=13600/log10_d_12
ErrorBars=1
LineColor=green
LineStyle=solid
Path=//ospool/cms-user/youpeng/genvalid/genValidation/mg35xVBS_merged.yoda.gz/MC_ZKTSPLITTINGS:ENERGY=13600/log10_d_12
ScaledBy=5.51937791219804204e-10
Title=VBSZZ@LO(v35x)
# xlow	 xhigh	 val	 errminus	 errplus
2.000000e-01	2.363251e-01	0.000000e+00	0.000000e+00	0.000000e+00
2.363251e-01	2.726502e-01	0.000000e+00	0.000000e+00	0.000000e+00
2.726502e-01	3.089753e-01	0.000000e+00	0.000000e+00	0.000000e+00
3.089753e-01	3.453004e-01	0.000000e+00	0.000000e+00	0.000000e+00
3.453004e-01	3.816254e-01	0.000000e+00	0.000000e+00	0.000000e+00
3.816254e-01	4.179505e-01	0.000000e+00	0.000000e+00	0.000000e+00
4.179505e-01	4.542756e-01	0.000000e+00	0.000000e+00	0.000000e+00
4.542756e-01	4.906007e-01	0.000000e+00	0.000000e+00	0.000000e+00
4.906007e-01	5.269258e-01	0.000000e+00	0.000000e+00	0.000000e+00
5.269258e-01	5.632509e-01	0.000000e+00	0.000000e+00	0.000000e+00
5.632509e-01	5.995760e-01	0.000000e+00	0.000000e+00	0.000000e+00
5.995760e-01	6.359011e-01	0.000000e+00	0.000000e+00	0.000000e+00
6.359011e-01	6.722262e-01	0.000000e+00	0.000000e+00	0.000000e+00
6.722262e-01	7.085512e-01	0.000000e+00	0.000000e+00	0.000000e+00
7.085512e-01	7.448763e-01	0.000000e+00	0.000000e+00	0.000000e+00
7.448763e-01	7.812014e-01	0.000000e+00	0.000000e+00	0.000000e+00
7.812014e-01	8.175265e-01	0.000000e+00	0.000000e+00	0.000000e+00
8.175265e-01	8.538516e-01	0.000000e+00	0.000000e+00	0.000000e+00
8.538516e-01	8.901767e-01	0.000000e+00	0.000000e+00	0.000000e+00
8.901767e-01	9.265018e-01	0.000000e+00	0.000000e+00	0.000000e+00
9.265018e-01	9.628269e-01	0.000000e+00	0.000000e+00	0.000000e+00
9.628269e-01	9.991520e-01	0.000000e+00	0.000000e+00	0.000000e+00
9.991520e-01	1.035477e+00	4.558329e-08	2.631753e-08	2.631753e-08
1.035477e+00	1.071802e+00	9.116661e-08	3.721861e-08	3.721861e-08
1.071802e+00	1.108127e+00	1.215555e-07	4.297635e-08	4.297635e-08
1.108127e+00	1.144452e+00	2.431109e-07	6.077773e-08	6.077773e-08
1.144452e+00	1.180777e+00	3.342775e-07	7.126821e-08	7.126821e-08
1.180777e+00	1.217102e+00	6.685550e-07	1.007885e-07	1.007885e-07
1.217102e+00	1.253428e+00	1.017999e-06	1.243684e-07	1.243684e-07
1.253428e+00	1.289753e+00	1.625804e-06	1.571724e-07	1.571724e-07
1.289753e+00	1.326078e+00	2.659026e-06	2.010035e-07	2.010035e-07
1.326078e+00	1.362403e+00	4.330414e-06	2.565116e-07	2.565116e-07
1.362403e+00	1.398728e+00	6.488022e-06	3.139775e-07	3.139775e-07
1.398728e+00	1.435053e+00	1.033221e-05	3.962223e-07	3.962223e-07
1.435053e+00	1.471378e+00	1.437394e-05	4.673369e-07	4.673369e-07
1.471378e+00	1.507703e+00	2.209270e-05	5.793843e-07	5.793843e-07
1.507703e+00	1.544028e+00	3.108782e-05	6.872857e-07	6.872857e-07
1.544028e+00	1.580353e+00	4.350167e-05	8.130087e-07	8.130087e-07
1.580353e+00	1.616678e+00	5.974450e-05	9.527770e-07	9.527770e-07
1.616678e+00	1.653004e+00	8.127278e-05	1.111242e-06	1.111242e-06
1.653004e+00	1.689329e+00	1.101444e-04	1.293670e-06	1.293670e-06
1.689329e+00	1.725654e+00	1.453044e-04	1.485873e-06	1.485873e-06
1.725654e+00	1.761979e+00	1.840957e-04	1.672492e-06	1.672492e-06
1.761979e+00	1.798304e+00	2.238140e-04	1.844106e-06	1.844106e-06
1.798304e+00	1.834629e+00	2.605845e-04	1.989833e-06	1.989833e-06
1.834629e+00	1.870954e+00	3.010169e-04	2.138640e-06	2.138640e-06
1.870954e+00	1.907279e+00	3.278200e-04	2.231824e-06	2.231824e-06
1.907279e+00	1.943604e+00	3.515689e-04	2.311253e-06	2.311253e-06
1.943604e+00	1.979929e+00	3.699540e-04	2.370916e-06	2.370916e-06
1.979929e+00	2.016254e+00	3.734337e-04	2.382039e-06	2.382039e-06
2.016254e+00	2.052580e+00	3.780576e-04	2.396708e-06	2.396708e-06
2.052580e+00	2.088905e+00	3.670519e-04	2.361598e-06	2.361598e-06
2.088905e+00	2.125230e+00	3.484540e-04	2.300991e-06	2.300991e-06
2.125230e+00	2.161555e+00	3.245988e-04	2.220832e-06	2.220832e-06
2.161555e+00	2.197880e+00	2.953949e-04	2.118575e-06	2.118575e-06
2.197880e+00	2.234205e+00	2.616785e-04	1.994005e-06	1.994005e-06
2.234205e+00	2.270530e+00	2.335688e-04	1.883865e-06	1.883865e-06
2.270530e+00	2.306855e+00	1.987128e-04	1.737622e-06	1.737622e-06
2.306855e+00	2.343180e+00	1.674123e-04	1.594909e-06	1.594909e-06
2.343180e+00	2.379505e+00	1.452740e-04	1.485717e-06	1.485717e-06
2.379505e+00	2.415830e+00	1.194130e-04	1.347002e-06	1.347002e-06
2.415830e+00	2.452156e+00	9.838124e-05	1.222623e-06	1.222623e-06
2.452156e+00	2.488481e+00	8.119906e-05	1.110754e-06	1.110754e-06
2.488481e+00	2.524806e+00	7.062373e-05	1.035899e-06	1.035899e-06
2.524806e+00	2.561131e+00	5.725264e-05	9.326957e-07	9.326957e-07
2.561131e+00	2.597456e+00	4.558329e-05	8.322334e-07	8.322334e-07
2.597456e+00	2.633781e+00	3.683130e-05	7.480848e-07	7.480848e-07
2.633781e+00	2.670106e+00	2.715245e-05	6.423131e-07	6.423131e-07
2.670106e+00	2.706431e+00	2.077079e-05	5.617832e-07	5.617832e-07
2.706431e+00	2.742756e+00	1.537677e-05	4.833645e-07	4.833645e-07
2.742756e+00	2.779081e+00	1.145660e-05	4.172248e-07	4.172248e-07
2.779081e+00	2.815406e+00	8.493688e-06	3.592447e-07	3.592447e-07
2.815406e+00	2.851732e+00	6.153576e-06	3.057736e-07	3.057736e-07
2.851732e+00	2.888057e+00	4.421580e-06	2.591976e-07	2.591976e-07
2.888057e+00	2.924382e+00	2.962915e-06	2.121787e-07	2.121787e-07
2.924382e+00	2.960707e+00	2.218387e-06	1.835950e-07	1.835950e-07
2.960707e+00	2.997032e+00	1.063610e-06	1.271257e-07	1.271257e-07
2.997032e+00	3.033357e+00	8.204994e-07	1.116558e-07	1.116558e-07
3.033357e+00	3.069682e+00	3.646665e-07	7.443722e-08	7.443722e-08
3.069682e+00	3.106007e+00	2.279165e-07	5.884779e-08	5.884779e-08
3.106007e+00	3.142332e+00	1.671388e-07	5.039424e-08	5.039424e-08
3.142332e+00	3.178657e+00	1.063610e-07	4.020069e-08	4.020069e-08
3.178657e+00	3.214982e+00	3.038888e-08	2.148817e-08	2.148817e-08
3.214982e+00	3.251307e+00	4.558329e-08	2.631753e-08	2.631753e-08
3.251307e+00	3.287633e+00	1.519402e-08	1.519401e-08	1.519401e-08
3.287633e+00	3.323958e+00	0.000000e+00	0.000000e+00	0.000000e+00
3.323958e+00	3.360283e+00	0.000000e+00	0.000000e+00	0.000000e+00
3.360283e+00	3.396608e+00	0.000000e+00	0.000000e+00	0.000000e+00
3.396608e+00	3.432933e+00	0.000000e+00	0.000000e+00	0.000000e+00
3.432933e+00	3.469258e+00	0.000000e+00	0.000000e+00	0.000000e+00
3.469258e+00	3.505583e+00	0.000000e+00	0.000000e+00	0.000000e+00
3.505583e+00	3.541908e+00	0.000000e+00	0.000000e+00	0.000000e+00
3.541908e+00	3.578233e+00	0.000000e+00	0.000000e+00	0.000000e+00
3.578233e+00	3.614558e+00	0.000000e+00	0.000000e+00	0.000000e+00
3.614558e+00	3.650883e+00	0.000000e+00	0.000000e+00	0.000000e+00
3.650883e+00	3.687209e+00	0.000000e+00	0.000000e+00	0.000000e+00
3.687209e+00	3.723534e+00	0.000000e+00	0.000000e+00	0.000000e+00
3.723534e+00	3.759859e+00	0.000000e+00	0.000000e+00	0.000000e+00
3.759859e+00	3.796184e+00	0.000000e+00	0.000000e+00	0.000000e+00
3.796184e+00	3.832509e+00	0.000000e+00	0.000000e+00	0.000000e+00
# END HISTO1D

