# BEGIN PLOT
Legend=1
LogY=1
Title=$\log_{10}$($k_\perp$ jet resolution $0 \to 1$ [GeV])
XLabel=$\log_{10}(d_{01}/\mathrm{GeV})$
YLabel=$\mathrm{d}\sigma/\mathrm{d}\log_{10}(d_{01}/\mathrm{GeV})$ [pb]
LegendXPos=0.15
LegendYPos=0.5
Rebin=2
RemoveOptions=1
DrawOnly=//eos/home-y/youpeng/valid/genValidation/masterVBS_merged.yoda.gz/MC_ZKTSPLITTINGS:ENERGY=13600/log10_d_01 //eos/home-y/youpeng/valid/genValidation/mg352VBS_merged.yoda.gz/MC_ZKTSPLITTINGS:ENERGY=13600/log10_d_01 //eos/home-y/youpeng/valid/genValidation/mg35xVBS_merged.yoda.gz/MC_ZKTSPLITTINGS:ENERGY=13600/log10_d_01
LegendOnly=//eos/home-y/youpeng/valid/genValidation/masterVBS_merged.yoda.gz/MC_ZKTSPLITTINGS:ENERGY=13600/log10_d_01 //eos/home-y/youpeng/valid/genValidation/mg352VBS_merged.yoda.gz/MC_ZKTSPLITTINGS:ENERGY=13600/log10_d_01 //eos/home-y/youpeng/valid/genValidation/mg35xVBS_merged.yoda.gz/MC_ZKTSPLITTINGS:ENERGY=13600/log10_d_01
RatioPlot=1
RatioPlotReference=//eos/home-y/youpeng/valid/genValidation/masterVBS_merged.yoda.gz/MC_ZKTSPLITTINGS:ENERGY=13600/log10_d_01
RatioPlotYLabel=Ratio
# END PLOT

# BEGIN HISTO1D //eos/home-y/youpeng/valid/genValidation/masterVBS_merged.yoda.gz/MC_ZKTSPLITTINGS:ENERGY=13600/log10_d_01
ErrorBars=1
LineColor=red
LineStyle=solid
Path=//eos/home-y/youpeng/valid/genValidation/masterVBS_merged.yoda.gz/MC_ZKTSPLITTINGS:ENERGY=13600/log10_d_01
ScaledBy=1.07182617187499956e-09
Title=VBSZZ@LO(v2918)
# xlow	 xhigh	 val	 errminus	 errplus
2.000000e-01	2.363251e-01	0.000000e+00	0.000000e+00	0.000000e+00
2.363251e-01	2.726502e-01	0.000000e+00	0.000000e+00	0.000000e+00
2.726502e-01	3.089753e-01	0.000000e+00	0.000000e+00	0.000000e+00
3.089753e-01	3.453004e-01	0.000000e+00	0.000000e+00	0.000000e+00
3.453004e-01	3.816254e-01	0.000000e+00	0.000000e+00	0.000000e+00
3.816254e-01	4.179505e-01	0.000000e+00	0.000000e+00	0.000000e+00
4.179505e-01	4.542756e-01	0.000000e+00	0.000000e+00	0.000000e+00
4.542756e-01	4.906007e-01	0.000000e+00	0.000000e+00	0.000000e+00
4.906007e-01	5.269258e-01	0.000000e+00	0.000000e+00	0.000000e+00
5.269258e-01	5.632509e-01	0.000000e+00	0.000000e+00	0.000000e+00
5.632509e-01	5.995760e-01	0.000000e+00	0.000000e+00	0.000000e+00
5.995760e-01	6.359011e-01	0.000000e+00	0.000000e+00	0.000000e+00
6.359011e-01	6.722262e-01	0.000000e+00	0.000000e+00	0.000000e+00
6.722262e-01	7.085512e-01	0.000000e+00	0.000000e+00	0.000000e+00
7.085512e-01	7.448763e-01	0.000000e+00	0.000000e+00	0.000000e+00
7.448763e-01	7.812014e-01	0.000000e+00	0.000000e+00	0.000000e+00
7.812014e-01	8.175265e-01	0.000000e+00	0.000000e+00	0.000000e+00
8.175265e-01	8.538516e-01	0.000000e+00	0.000000e+00	0.000000e+00
8.538516e-01	8.901767e-01	0.000000e+00	0.000000e+00	0.000000e+00
8.901767e-01	9.265018e-01	0.000000e+00	0.000000e+00	0.000000e+00
9.265018e-01	9.628269e-01	0.000000e+00	0.000000e+00	0.000000e+00
9.628269e-01	9.991520e-01	0.000000e+00	0.000000e+00	0.000000e+00
9.991520e-01	1.035477e+00	0.000000e+00	0.000000e+00	0.000000e+00
1.035477e+00	1.071802e+00	0.000000e+00	0.000000e+00	0.000000e+00
1.071802e+00	1.108127e+00	0.000000e+00	0.000000e+00	0.000000e+00
1.108127e+00	1.144452e+00	0.000000e+00	0.000000e+00	0.000000e+00
1.144452e+00	1.180777e+00	0.000000e+00	0.000000e+00	0.000000e+00
1.180777e+00	1.217102e+00	0.000000e+00	0.000000e+00	0.000000e+00
1.217102e+00	1.253428e+00	2.950575e-08	2.950575e-08	2.950575e-08
1.253428e+00	1.289753e+00	8.851972e-08	5.110688e-08	5.110688e-08
1.289753e+00	1.326078e+00	2.950657e-08	2.950657e-08	2.950657e-08
1.326078e+00	1.362403e+00	8.851972e-08	5.110688e-08	5.110688e-08
1.362403e+00	1.398728e+00	3.540787e-07	1.022138e-07	1.022138e-07
1.398728e+00	1.435053e+00	6.491447e-07	1.383981e-07	1.383981e-07
1.435053e+00	1.471378e+00	1.209769e-06	1.889342e-07	1.889342e-07
1.471378e+00	1.507703e+00	2.035953e-06	2.451000e-07	2.451000e-07
1.507703e+00	1.544028e+00	3.599802e-06	3.259107e-07	3.259107e-07
1.544028e+00	1.580353e+00	6.845525e-06	4.494307e-07	4.494307e-07
1.580353e+00	1.616678e+00	1.103546e-05	5.706299e-07	5.706299e-07
1.616678e+00	1.653004e+00	1.737889e-05	7.160848e-07	7.160848e-07
1.653004e+00	1.689329e+00	2.894593e-05	9.241729e-07	9.241729e-07
1.689329e+00	1.725654e+00	4.603025e-05	1.165416e-06	1.165416e-06
1.725654e+00	1.761979e+00	7.173046e-05	1.454826e-06	1.454826e-06
1.761979e+00	1.798304e+00	9.999777e-05	1.717729e-06	1.717729e-06
1.798304e+00	1.834629e+00	1.465886e-04	2.079742e-06	2.079742e-06
1.834629e+00	1.870954e+00	1.892847e-04	2.363290e-06	2.363290e-06
1.870954e+00	1.907279e+00	2.469110e-04	2.699166e-06	2.699166e-06
1.907279e+00	1.943604e+00	3.101140e-04	3.024964e-06	3.024964e-06
1.943604e+00	1.979929e+00	3.800446e-04	3.348703e-06	3.348703e-06
1.979929e+00	2.016254e+00	4.500341e-04	3.644032e-06	3.644032e-06
2.016254e+00	2.052580e+00	5.234912e-04	3.930140e-06	3.930140e-06
2.052580e+00	2.088905e+00	5.854103e-04	4.156135e-06	4.156135e-06
2.088905e+00	2.125230e+00	6.352471e-04	4.329429e-06	4.329429e-06
2.125230e+00	2.161555e+00	6.795067e-04	4.477714e-06	4.477714e-06
2.161555e+00	2.197880e+00	7.085412e-04	4.572376e-06	4.572376e-06
2.197880e+00	2.234205e+00	7.343890e-04	4.655030e-06	4.655030e-06
2.234205e+00	2.270530e+00	7.237963e-04	4.621335e-06	4.621335e-06
2.270530e+00	2.306855e+00	7.041153e-04	4.558073e-06	4.558073e-06
2.306855e+00	2.343180e+00	6.656977e-04	4.431981e-06	4.431981e-06
2.343180e+00	2.379505e+00	6.317063e-04	4.317347e-06	4.317347e-06
2.379505e+00	2.415830e+00	5.808663e-04	4.139973e-06	4.139973e-06
2.415830e+00	2.452156e+00	5.269138e-04	3.942967e-06	3.942967e-06
2.452156e+00	2.488481e+00	4.650530e-04	3.704339e-06	3.704339e-06
2.488481e+00	2.524806e+00	4.090200e-04	3.474015e-06	3.474015e-06
2.524806e+00	2.561131e+00	3.634618e-04	3.274831e-06	3.274831e-06
2.561131e+00	2.597456e+00	3.052749e-04	3.001269e-06	3.001269e-06
2.597456e+00	2.633781e+00	2.613102e-04	2.776754e-06	2.776754e-06
2.633781e+00	2.670106e+00	2.130374e-04	2.507191e-06	2.507191e-06
2.670106e+00	2.706431e+00	1.770394e-04	2.285569e-06	2.285569e-06
2.706431e+00	2.742756e+00	1.365859e-04	2.007531e-06	2.007531e-06
2.742756e+00	2.779081e+00	1.066957e-04	1.774324e-06	1.774324e-06
2.779081e+00	2.815406e+00	7.739573e-05	1.511186e-06	1.511186e-06
2.815406e+00	2.851732e+00	5.904102e-05	1.319867e-06	1.319867e-06
2.851732e+00	2.888057e+00	4.263700e-05	1.121638e-06	1.121638e-06
2.888057e+00	2.924382e+00	2.897544e-05	9.246439e-07	9.246439e-07
2.924382e+00	2.960707e+00	2.186437e-05	8.032077e-07	8.032077e-07
2.960707e+00	2.997032e+00	1.451723e-05	6.544874e-07	6.544874e-07
2.997032e+00	3.033357e+00	9.678156e-06	5.343867e-07	5.343867e-07
3.033357e+00	3.069682e+00	5.812796e-06	4.141444e-07	4.141444e-07
3.069682e+00	3.106007e+00	4.307959e-06	3.565293e-07	3.565293e-07
3.106007e+00	3.142332e+00	2.035953e-06	2.451000e-07	2.451000e-07
3.142332e+00	3.178657e+00	1.327796e-06	1.979361e-07	1.979361e-07
3.178657e+00	3.214982e+00	5.606249e-07	1.286162e-07	1.286162e-07
3.214982e+00	3.251307e+00	5.901313e-07	1.319574e-07	1.319574e-07
3.251307e+00	3.287633e+00	2.360461e-07	8.345489e-08	8.345489e-08
3.287633e+00	3.323958e+00	2.655591e-07	8.851970e-08	8.851970e-08
3.323958e+00	3.360283e+00	5.901313e-08	4.172859e-08	4.172859e-08
3.360283e+00	3.396608e+00	2.950657e-08	2.950657e-08	2.950657e-08
3.396608e+00	3.432933e+00	0.000000e+00	0.000000e+00	0.000000e+00
3.432933e+00	3.469258e+00	0.000000e+00	0.000000e+00	0.000000e+00
3.469258e+00	3.505583e+00	0.000000e+00	0.000000e+00	0.000000e+00
3.505583e+00	3.541908e+00	0.000000e+00	0.000000e+00	0.000000e+00
3.541908e+00	3.578233e+00	0.000000e+00	0.000000e+00	0.000000e+00
3.578233e+00	3.614558e+00	0.000000e+00	0.000000e+00	0.000000e+00
3.614558e+00	3.650883e+00	0.000000e+00	0.000000e+00	0.000000e+00
3.650883e+00	3.687209e+00	0.000000e+00	0.000000e+00	0.000000e+00
3.687209e+00	3.723534e+00	0.000000e+00	0.000000e+00	0.000000e+00
3.723534e+00	3.759859e+00	0.000000e+00	0.000000e+00	0.000000e+00
3.759859e+00	3.796184e+00	0.000000e+00	0.000000e+00	0.000000e+00
3.796184e+00	3.832509e+00	0.000000e+00	0.000000e+00	0.000000e+00
# END HISTO1D


# BEGIN HISTO1D //eos/home-y/youpeng/valid/genValidation/mg352VBS_merged.yoda.gz/MC_ZKTSPLITTINGS:ENERGY=13600/log10_d_01
ErrorBars=1
LineColor=blue
LineStyle=solid
Path=//eos/home-y/youpeng/valid/genValidation/mg352VBS_merged.yoda.gz/MC_ZKTSPLITTINGS:ENERGY=13600/log10_d_01
ScaledBy=1.07425781250000051e-09
Title=VBSZZ@LO(v352)
# xlow	 xhigh	 val	 errminus	 errplus
2.000000e-01	2.363251e-01	0.000000e+00	0.000000e+00	0.000000e+00
2.363251e-01	2.726502e-01	0.000000e+00	0.000000e+00	0.000000e+00
2.726502e-01	3.089753e-01	0.000000e+00	0.000000e+00	0.000000e+00
3.089753e-01	3.453004e-01	0.000000e+00	0.000000e+00	0.000000e+00
3.453004e-01	3.816254e-01	0.000000e+00	0.000000e+00	0.000000e+00
3.816254e-01	4.179505e-01	0.000000e+00	0.000000e+00	0.000000e+00
4.179505e-01	4.542756e-01	0.000000e+00	0.000000e+00	0.000000e+00
4.542756e-01	4.906007e-01	0.000000e+00	0.000000e+00	0.000000e+00
4.906007e-01	5.269258e-01	0.000000e+00	0.000000e+00	0.000000e+00
5.269258e-01	5.632509e-01	0.000000e+00	0.000000e+00	0.000000e+00
5.632509e-01	5.995760e-01	0.000000e+00	0.000000e+00	0.000000e+00
5.995760e-01	6.359011e-01	0.000000e+00	0.000000e+00	0.000000e+00
6.359011e-01	6.722262e-01	0.000000e+00	0.000000e+00	0.000000e+00
6.722262e-01	7.085512e-01	0.000000e+00	0.000000e+00	0.000000e+00
7.085512e-01	7.448763e-01	0.000000e+00	0.000000e+00	0.000000e+00
7.448763e-01	7.812014e-01	0.000000e+00	0.000000e+00	0.000000e+00
7.812014e-01	8.175265e-01	0.000000e+00	0.000000e+00	0.000000e+00
8.175265e-01	8.538516e-01	0.000000e+00	0.000000e+00	0.000000e+00
8.538516e-01	8.901767e-01	0.000000e+00	0.000000e+00	0.000000e+00
8.901767e-01	9.265018e-01	0.000000e+00	0.000000e+00	0.000000e+00
9.265018e-01	9.628269e-01	0.000000e+00	0.000000e+00	0.000000e+00
9.628269e-01	9.991520e-01	0.000000e+00	0.000000e+00	0.000000e+00
9.991520e-01	1.035477e+00	0.000000e+00	0.000000e+00	0.000000e+00
1.035477e+00	1.071802e+00	0.000000e+00	0.000000e+00	0.000000e+00
1.071802e+00	1.108127e+00	0.000000e+00	0.000000e+00	0.000000e+00
1.108127e+00	1.144452e+00	0.000000e+00	0.000000e+00	0.000000e+00
1.144452e+00	1.180777e+00	0.000000e+00	0.000000e+00	0.000000e+00
1.180777e+00	1.217102e+00	2.957352e-08	2.957351e-08	2.957351e-08
1.217102e+00	1.253428e+00	2.957270e-08	2.957270e-08	2.957270e-08
1.253428e+00	1.289753e+00	1.774411e-07	7.244001e-08	7.244001e-08
1.289753e+00	1.326078e+00	8.872052e-08	5.122283e-08	5.122283e-08
1.326078e+00	1.362403e+00	2.365881e-07	8.364652e-08	8.364652e-08
1.362403e+00	1.398728e+00	3.844556e-07	1.066288e-07	1.066288e-07
1.398728e+00	1.435053e+00	5.914703e-07	1.322568e-07	1.322568e-07
1.435053e+00	1.471378e+00	1.005500e-06	1.724417e-07	1.724417e-07
1.471378e+00	1.507703e+00	2.336308e-06	2.628551e-07	2.628551e-07
1.507703e+00	1.544028e+00	4.169866e-06	3.511660e-07	3.511660e-07
1.544028e+00	1.580353e+00	6.358304e-06	4.336328e-07	4.336328e-07
1.580353e+00	1.616678e+00	1.035073e-05	5.532697e-07	5.532697e-07
1.616678e+00	1.653004e+00	1.673815e-05	7.035568e-07	7.035568e-07
1.653004e+00	1.689329e+00	2.918904e-05	9.290977e-07	9.290977e-07
1.689329e+00	1.725654e+00	4.586852e-05	1.164686e-06	1.164686e-06
1.725654e+00	1.761979e+00	7.144961e-05	1.453622e-06	1.453622e-06
1.761979e+00	1.798304e+00	1.010231e-04	1.728470e-06	1.728470e-06
1.798304e+00	1.834629e+00	1.431358e-04	2.057432e-06	2.057432e-06
1.834629e+00	1.870954e+00	1.917251e-04	2.381173e-06	2.381173e-06
1.870954e+00	1.907279e+00	2.521733e-04	2.730870e-06	2.730870e-06
1.907279e+00	1.943604e+00	3.166139e-04	3.059965e-06	3.059965e-06
1.943604e+00	1.979929e+00	3.776242e-04	3.341807e-06	3.341807e-06
1.979929e+00	2.016254e+00	4.534508e-04	3.661984e-06	3.661984e-06
2.016254e+00	2.052580e+00	5.250928e-04	3.940610e-06	3.940610e-06
2.052580e+00	2.088905e+00	5.861765e-04	4.163569e-06	4.163569e-06
2.088905e+00	2.125230e+00	6.422480e-04	4.358157e-06	4.358157e-06
2.125230e+00	2.161555e+00	6.790078e-04	4.481144e-06	4.481144e-06
2.161555e+00	2.197880e+00	7.131356e-04	4.592377e-06	4.592377e-06
2.197880e+00	2.234205e+00	7.326541e-04	4.654800e-06	4.654800e-06
2.234205e+00	2.270530e+00	7.211204e-04	4.618015e-06	4.618015e-06
2.270530e+00	2.306855e+00	7.048551e-04	4.565637e-06	4.565637e-06
2.306855e+00	2.343180e+00	6.792443e-04	4.481924e-06	4.481924e-06
2.343180e+00	2.379505e+00	6.345294e-04	4.331888e-06	4.331888e-06
2.379505e+00	2.415830e+00	5.765652e-04	4.129293e-06	4.129293e-06
2.415830e+00	2.452156e+00	5.223129e-04	3.930166e-06	3.930166e-06
2.452156e+00	2.488481e+00	4.681784e-04	3.720978e-06	3.720978e-06
2.488481e+00	2.524806e+00	4.111309e-04	3.486916e-06	3.486916e-06
2.524806e+00	2.561131e+00	3.657060e-04	3.288649e-06	3.288649e-06
2.561131e+00	2.597456e+00	3.111430e-04	3.033412e-06	3.033412e-06
2.597456e+00	2.633781e+00	2.537703e-04	2.739503e-06	2.739503e-06
2.633781e+00	2.670106e+00	2.168034e-04	2.532121e-06	2.532121e-06
2.670106e+00	2.706431e+00	1.722657e-04	2.257100e-06	2.257100e-06
2.706431e+00	2.742756e+00	1.368366e-04	2.011651e-06	2.011651e-06
2.742756e+00	2.779081e+00	1.061689e-04	1.771944e-06	1.771944e-06
2.779081e+00	2.815406e+00	7.890213e-05	1.527551e-06	1.527551e-06
2.815406e+00	2.851732e+00	5.701616e-05	1.298508e-06	1.298508e-06
2.851732e+00	2.888057e+00	4.273374e-05	1.124182e-06	1.124182e-06
2.888057e+00	2.924382e+00	2.981010e-05	9.389299e-07	9.389299e-07
2.924382e+00	2.960707e+00	2.010999e-05	7.711828e-07	7.711828e-07
2.960707e+00	2.997032e+00	1.428401e-05	6.499448e-07	6.499448e-07
2.997032e+00	3.033357e+00	1.014371e-05	5.477091e-07	5.477091e-07
3.033357e+00	3.069682e+00	5.057071e-06	3.867238e-07	3.867238e-07
3.069682e+00	3.106007e+00	3.696688e-06	3.306419e-07	3.306419e-07
3.106007e+00	3.142332e+00	2.010999e-06	2.438694e-07	2.438694e-07
3.142332e+00	3.178657e+00	1.744837e-06	2.271585e-07	2.271585e-07
3.178657e+00	3.214982e+00	7.097643e-07	1.448800e-07	1.448800e-07
3.214982e+00	3.251307e+00	3.253087e-07	9.808425e-08	9.808425e-08
3.251307e+00	3.287633e+00	2.365816e-07	8.364422e-08	8.364422e-08
3.287633e+00	3.323958e+00	5.914703e-08	4.182326e-08	4.182326e-08
3.323958e+00	3.360283e+00	2.957352e-08	2.957351e-08	2.957351e-08
3.360283e+00	3.396608e+00	2.957352e-08	2.957351e-08	2.957351e-08
3.396608e+00	3.432933e+00	0.000000e+00	0.000000e+00	0.000000e+00
3.432933e+00	3.469258e+00	2.957352e-08	2.957351e-08	2.957351e-08
3.469258e+00	3.505583e+00	0.000000e+00	0.000000e+00	0.000000e+00
3.505583e+00	3.541908e+00	0.000000e+00	0.000000e+00	0.000000e+00
3.541908e+00	3.578233e+00	0.000000e+00	0.000000e+00	0.000000e+00
3.578233e+00	3.614558e+00	0.000000e+00	0.000000e+00	0.000000e+00
3.614558e+00	3.650883e+00	0.000000e+00	0.000000e+00	0.000000e+00
3.650883e+00	3.687209e+00	0.000000e+00	0.000000e+00	0.000000e+00
3.687209e+00	3.723534e+00	0.000000e+00	0.000000e+00	0.000000e+00
3.723534e+00	3.759859e+00	0.000000e+00	0.000000e+00	0.000000e+00
3.759859e+00	3.796184e+00	0.000000e+00	0.000000e+00	0.000000e+00
3.796184e+00	3.832509e+00	0.000000e+00	0.000000e+00	0.000000e+00
# END HISTO1D


# BEGIN HISTO1D //eos/home-y/youpeng/valid/genValidation/mg35xVBS_merged.yoda.gz/MC_ZKTSPLITTINGS:ENERGY=13600/log10_d_01
ErrorBars=1
LineColor=green
LineStyle=solid
Path=//eos/home-y/youpeng/valid/genValidation/mg35xVBS_merged.yoda.gz/MC_ZKTSPLITTINGS:ENERGY=13600/log10_d_01
ScaledBy=5.51937791219804204e-10
Title=VBSZZ@LO(v35x)
# xlow	 xhigh	 val	 errminus	 errplus
2.000000e-01	2.363251e-01	0.000000e+00	0.000000e+00	0.000000e+00
2.363251e-01	2.726502e-01	0.000000e+00	0.000000e+00	0.000000e+00
2.726502e-01	3.089753e-01	0.000000e+00	0.000000e+00	0.000000e+00
3.089753e-01	3.453004e-01	0.000000e+00	0.000000e+00	0.000000e+00
3.453004e-01	3.816254e-01	0.000000e+00	0.000000e+00	0.000000e+00
3.816254e-01	4.179505e-01	0.000000e+00	0.000000e+00	0.000000e+00
4.179505e-01	4.542756e-01	0.000000e+00	0.000000e+00	0.000000e+00
4.542756e-01	4.906007e-01	0.000000e+00	0.000000e+00	0.000000e+00
4.906007e-01	5.269258e-01	0.000000e+00	0.000000e+00	0.000000e+00
5.269258e-01	5.632509e-01	0.000000e+00	0.000000e+00	0.000000e+00
5.632509e-01	5.995760e-01	0.000000e+00	0.000000e+00	0.000000e+00
5.995760e-01	6.359011e-01	0.000000e+00	0.000000e+00	0.000000e+00
6.359011e-01	6.722262e-01	0.000000e+00	0.000000e+00	0.000000e+00
6.722262e-01	7.085512e-01	0.000000e+00	0.000000e+00	0.000000e+00
7.085512e-01	7.448763e-01	0.000000e+00	0.000000e+00	0.000000e+00
7.448763e-01	7.812014e-01	0.000000e+00	0.000000e+00	0.000000e+00
7.812014e-01	8.175265e-01	0.000000e+00	0.000000e+00	0.000000e+00
8.175265e-01	8.538516e-01	0.000000e+00	0.000000e+00	0.000000e+00
8.538516e-01	8.901767e-01	0.000000e+00	0.000000e+00	0.000000e+00
8.901767e-01	9.265018e-01	0.000000e+00	0.000000e+00	0.000000e+00
9.265018e-01	9.628269e-01	0.000000e+00	0.000000e+00	0.000000e+00
9.628269e-01	9.991520e-01	0.000000e+00	0.000000e+00	0.000000e+00
9.991520e-01	1.035477e+00	0.000000e+00	0.000000e+00	0.000000e+00
1.035477e+00	1.071802e+00	0.000000e+00	0.000000e+00	0.000000e+00
1.071802e+00	1.108127e+00	0.000000e+00	0.000000e+00	0.000000e+00
1.108127e+00	1.144452e+00	0.000000e+00	0.000000e+00	0.000000e+00
1.144452e+00	1.180777e+00	0.000000e+00	0.000000e+00	0.000000e+00
1.180777e+00	1.217102e+00	1.519443e-08	1.519443e-08	1.519443e-08
1.217102e+00	1.253428e+00	1.519402e-08	1.519401e-08	1.519401e-08
1.253428e+00	1.289753e+00	3.038888e-08	2.148817e-08	2.148817e-08
1.289753e+00	1.326078e+00	9.116661e-08	3.721861e-08	3.721861e-08
1.326078e+00	1.362403e+00	9.116661e-08	3.721861e-08	3.721861e-08
1.362403e+00	1.398728e+00	1.671388e-07	5.039424e-08	5.039424e-08
1.398728e+00	1.435053e+00	2.886943e-07	6.623100e-08	6.623100e-08
1.435053e+00	1.471378e+00	6.381663e-07	9.847117e-08	9.847117e-08
1.471378e+00	1.507703e+00	1.124388e-06	1.307074e-07	1.307074e-07
1.507703e+00	1.544028e+00	2.005665e-06	1.745707e-07	1.745707e-07
1.544028e+00	1.580353e+00	3.221220e-06	2.212343e-07	2.212343e-07
1.580353e+00	1.616678e+00	5.485189e-06	2.886943e-07	2.886943e-07
1.616678e+00	1.653004e+00	8.934080e-06	3.684353e-07	3.684353e-07
1.653004e+00	1.689329e+00	1.478418e-05	4.739592e-07	4.739592e-07
1.689329e+00	1.725654e+00	2.417434e-05	6.060655e-07	6.060655e-07
1.725654e+00	1.761979e+00	3.555496e-05	7.350086e-07	7.350086e-07
1.761979e+00	1.798304e+00	5.239042e-05	8.922123e-07	8.922123e-07
1.798304e+00	1.834629e+00	7.343469e-05	1.056314e-06	1.056314e-06
1.834629e+00	1.870954e+00	9.525390e-05	1.203050e-06	1.203050e-06
1.870954e+00	1.907279e+00	1.239410e-04	1.372302e-06	1.372302e-06
1.907279e+00	1.943604e+00	1.558797e-04	1.538994e-06	1.538994e-06
1.943604e+00	1.979929e+00	1.935315e-04	1.714818e-06	1.714818e-06
1.979929e+00	2.016254e+00	2.256069e-04	1.851478e-06	1.851478e-06
2.016254e+00	2.052580e+00	2.595897e-04	1.986004e-06	1.986004e-06
2.052580e+00	2.088905e+00	2.924474e-04	2.107978e-06	2.107978e-06
2.088905e+00	2.125230e+00	3.240669e-04	2.219012e-06	2.219012e-06
2.125230e+00	2.161555e+00	3.439716e-04	2.286144e-06	2.286144e-06
2.161555e+00	2.197880e+00	3.572363e-04	2.329808e-06	2.329808e-06
2.197880e+00	2.234205e+00	3.674167e-04	2.362771e-06	2.362771e-06
2.234205e+00	2.270530e+00	3.664595e-04	2.359691e-06	2.359691e-06
2.270530e+00	2.306855e+00	3.616578e-04	2.344181e-06	2.344181e-06
2.306855e+00	2.343180e+00	3.398387e-04	2.272368e-06	2.272368e-06
2.343180e+00	2.379505e+00	3.164999e-04	2.192952e-06	2.192952e-06
2.379505e+00	2.415830e+00	2.896515e-04	2.097877e-06	2.097877e-06
2.415830e+00	2.452156e+00	2.600608e-04	1.987805e-06	1.987805e-06
2.452156e+00	2.488481e+00	2.329914e-04	1.881535e-06	1.881535e-06
2.488481e+00	2.524806e+00	2.090450e-04	1.782224e-06	1.782224e-06
2.524806e+00	2.561131e+00	1.827890e-04	1.666546e-06	1.666546e-06
2.561131e+00	2.597456e+00	1.565634e-04	1.542366e-06	1.542366e-06
2.597456e+00	2.633781e+00	1.328297e-04	1.420659e-06	1.420659e-06
2.633781e+00	2.670106e+00	1.070296e-04	1.275247e-06	1.275247e-06
2.670106e+00	2.706431e+00	8.639554e-05	1.145745e-06	1.145745e-06
2.706431e+00	2.742756e+00	6.782794e-05	1.015188e-06	1.015188e-06
2.742756e+00	2.779081e+00	5.270948e-05	8.949251e-07	8.949251e-07
2.779081e+00	2.815406e+00	3.967268e-05	7.764043e-07	7.764043e-07
2.815406e+00	2.851732e+00	2.841282e-05	6.570424e-07	6.570424e-07
2.851732e+00	2.888057e+00	2.133299e-05	5.693352e-07	5.693352e-07
2.888057e+00	2.924382e+00	1.555910e-05	4.862219e-07	4.862219e-07
2.924382e+00	2.960707e+00	1.052974e-05	3.999919e-07	3.999919e-07
2.960707e+00	2.997032e+00	7.733966e-06	3.428021e-07	3.428021e-07
2.997032e+00	3.033357e+00	4.907802e-06	2.730774e-07	2.730774e-07
3.033357e+00	3.069682e+00	2.810970e-06	2.066666e-07	2.066666e-07
3.069682e+00	3.106007e+00	1.671388e-06	1.593606e-07	1.593606e-07
3.106007e+00	3.142332e+00	1.093999e-06	1.289290e-07	1.289290e-07
3.142332e+00	3.178657e+00	7.597217e-07	1.074409e-07	1.074409e-07
3.178657e+00	3.214982e+00	4.254442e-07	8.040138e-08	8.040138e-08
3.214982e+00	3.251307e+00	2.886943e-07	6.623100e-08	6.623100e-08
3.251307e+00	3.287633e+00	9.116410e-08	3.721758e-08	3.721758e-08
3.287633e+00	3.323958e+00	6.077773e-08	3.038886e-08	3.038886e-08
3.323958e+00	3.360283e+00	0.000000e+00	0.000000e+00	0.000000e+00
3.360283e+00	3.396608e+00	1.519443e-08	1.519443e-08	1.519443e-08
3.396608e+00	3.432933e+00	0.000000e+00	0.000000e+00	0.000000e+00
3.432933e+00	3.469258e+00	0.000000e+00	0.000000e+00	0.000000e+00
3.469258e+00	3.505583e+00	0.000000e+00	0.000000e+00	0.000000e+00
3.505583e+00	3.541908e+00	0.000000e+00	0.000000e+00	0.000000e+00
3.541908e+00	3.578233e+00	0.000000e+00	0.000000e+00	0.000000e+00
3.578233e+00	3.614558e+00	0.000000e+00	0.000000e+00	0.000000e+00
3.614558e+00	3.650883e+00	0.000000e+00	0.000000e+00	0.000000e+00
3.650883e+00	3.687209e+00	0.000000e+00	0.000000e+00	0.000000e+00
3.687209e+00	3.723534e+00	0.000000e+00	0.000000e+00	0.000000e+00
3.723534e+00	3.759859e+00	0.000000e+00	0.000000e+00	0.000000e+00
3.759859e+00	3.796184e+00	0.000000e+00	0.000000e+00	0.000000e+00
3.796184e+00	3.832509e+00	0.000000e+00	0.000000e+00	0.000000e+00
# END HISTO1D

