# BEGIN PLOT
Legend=1
LogY=1
Title=$p_\perp$-weighted $\Delta{R}_{\gamma\ell}$ vs. lepton $p_\perp$
XLabel=Lepton $p_\perp$ [GeV]
YLabel=$\langle\mathrm{Weighted}\quad\Delta{R}_{\gamma\ell}\rangle$
RemoveOptions=1
DrawOnly=//eos/home-y/youpeng/valid/genValidation/masterVBS_merged.yoda.gz/MC_PHOTONS:ENERGY=13000/DeltaR_ptweighted_vs_pTlep //eos/home-y/youpeng/valid/genValidation/mg352VBS_merged.yoda.gz/MC_PHOTONS:ENERGY=13000/DeltaR_ptweighted_vs_pTlep
LegendOnly=//eos/home-y/youpeng/valid/genValidation/masterVBS_merged.yoda.gz/MC_PHOTONS:ENERGY=13000/DeltaR_ptweighted_vs_pTlep //eos/home-y/youpeng/valid/genValidation/mg352VBS_merged.yoda.gz/MC_PHOTONS:ENERGY=13000/DeltaR_ptweighted_vs_pTlep
RatioPlot=1
RatioPlotReference=//eos/home-y/youpeng/valid/genValidation/masterVBS_merged.yoda.gz/MC_PHOTONS:ENERGY=13000/DeltaR_ptweighted_vs_pTlep
RatioPlotYLabel=Ratio
# END PLOT

# BEGIN HISTO1D //eos/home-y/youpeng/valid/genValidation/masterVBS_merged.yoda.gz/MC_PHOTONS:ENERGY=13000/DeltaR_ptweighted_vs_pTlep
ErrorBars=1
LineColor=red
LineStyle=solid
Path=//eos/home-y/youpeng/valid/genValidation/masterVBS_merged.yoda.gz/MC_PHOTONS:ENERGY=13000/DeltaR_ptweighted_vs_pTlep
Title=VBSZZ@NLO(v2918)
# xlow	 xhigh	 val	 errminus	 errplus
1.000000e+01	1.220000e+01	1.975067e+00	7.778321e-02	7.778321e-02
1.220000e+01	1.440000e+01	1.900959e+00	8.645815e-02	8.645815e-02
1.440000e+01	1.660000e+01	1.929153e+00	7.758126e-02	7.758126e-02
1.660000e+01	1.880000e+01	1.949683e+00	8.119509e-02	8.119509e-02
1.880000e+01	2.100000e+01	2.018935e+00	9.373180e-02	9.373180e-02
2.100000e+01	2.320000e+01	2.009152e+00	7.994996e-02	7.994996e-02
2.320000e+01	2.540000e+01	2.015150e+00	1.011605e-01	1.011605e-01
2.540000e+01	2.760000e+01	2.148678e+00	6.568231e-02	6.568231e-02
2.760000e+01	2.980000e+01	1.731431e+00	8.984449e-02	8.984449e-02
2.980000e+01	3.200000e+01	1.846323e+00	7.524842e-02	7.524842e-02
3.200000e+01	3.420000e+01	1.952758e+00	7.929329e-02	7.929329e-02
3.420000e+01	3.640000e+01	2.116060e+00	9.100449e-02	9.100449e-02
3.640000e+01	3.860000e+01	2.321593e+00	1.194447e-01	1.194447e-01
3.860000e+01	4.080000e+01	1.892748e+00	1.076993e-01	1.076993e-01
4.080000e+01	4.300000e+01	1.951743e+00	8.734381e-02	8.734381e-02
4.300000e+01	4.520000e+01	2.101343e+00	7.288008e-02	7.288008e-02
4.520000e+01	4.740000e+01	1.877577e+00	8.664361e-02	8.664361e-02
4.740000e+01	4.960000e+01	1.924224e+00	1.213168e-01	1.213168e-01
4.960000e+01	5.180000e+01	1.739347e+00	8.635985e-02	8.635985e-02
5.180000e+01	5.400000e+01	1.890436e+00	6.540246e-02	6.540246e-02
5.400000e+01	5.620000e+01	2.098588e+00	1.225939e-01	1.225939e-01
5.620000e+01	5.840000e+01	2.236454e+00	8.579434e-02	8.579434e-02
5.840000e+01	6.060000e+01	1.840769e+00	1.051489e-01	1.051489e-01
6.060000e+01	6.280000e+01	2.036838e+00	9.876106e-02	9.876106e-02
6.280000e+01	6.500000e+01	2.156541e+00	1.442441e-01	1.442441e-01
6.500000e+01	6.720000e+01	2.151368e+00	9.855386e-02	9.855386e-02
6.720000e+01	6.940000e+01	2.372932e+00	1.109403e-01	1.109403e-01
6.940000e+01	7.160000e+01	2.349675e+00	9.840696e-02	9.840696e-02
7.160000e+01	7.380000e+01	2.442106e+00	9.499726e-02	9.499726e-02
7.380000e+01	7.600000e+01	1.847058e+00	1.140063e-01	1.140063e-01
7.600000e+01	7.820000e+01	2.173726e+00	1.145980e-01	1.145980e-01
7.820000e+01	8.040000e+01	1.918109e+00	9.876981e-02	9.876981e-02
8.040000e+01	8.260000e+01	1.700600e+00	1.921159e-01	1.921159e-01
8.260000e+01	8.480000e+01	2.082024e+00	1.565707e-01	1.565707e-01
8.480000e+01	8.700000e+01	1.978842e+00	1.472942e-01	1.472942e-01
8.700000e+01	8.920000e+01	2.222670e+00	9.902943e-02	9.902943e-02
8.920000e+01	9.140000e+01	1.705546e+00	1.090880e-01	1.090880e-01
9.140000e+01	9.360000e+01	2.316737e+00	9.581242e-02	9.581242e-02
9.360000e+01	9.580000e+01	2.745419e+00	1.336228e-01	1.336228e-01
9.580000e+01	9.800000e+01	1.977545e+00	1.870708e-01	1.870708e-01
9.800000e+01	1.002000e+02	2.128237e+00	1.176698e-01	1.176698e-01
1.002000e+02	1.024000e+02	2.178803e+00	1.574901e-01	1.574901e-01
1.024000e+02	1.046000e+02	2.359897e+00	1.758862e-01	1.758862e-01
1.046000e+02	1.068000e+02	2.409840e+00	1.555496e-01	1.555496e-01
1.068000e+02	1.090000e+02	2.455476e+00	1.324372e-01	1.324372e-01
1.090000e+02	1.112000e+02	2.358632e+00	1.552545e-01	1.552545e-01
1.112000e+02	1.134000e+02	2.362010e+00	1.588734e-01	1.588734e-01
1.134000e+02	1.156000e+02	1.673993e+00	1.678269e-01	1.678269e-01
1.156000e+02	1.178000e+02	2.218280e+00	1.960190e-01	1.960190e-01
1.178000e+02	1.200000e+02	1.973215e+00	1.407752e-01	1.407752e-01
# END HISTO1D


# BEGIN HISTO1D //eos/home-y/youpeng/valid/genValidation/mg352VBS_merged.yoda.gz/MC_PHOTONS:ENERGY=13000/DeltaR_ptweighted_vs_pTlep
ErrorBars=1
LineColor=blue
LineStyle=solid
Path=//eos/home-y/youpeng/valid/genValidation/mg352VBS_merged.yoda.gz/MC_PHOTONS:ENERGY=13000/DeltaR_ptweighted_vs_pTlep
Title=VBSZZ@NLO(v352)
# xlow	 xhigh	 val	 errminus	 errplus
1.000000e+01	1.220000e+01	1.627315e+00	7.314737e-02	7.314737e-02
1.220000e+01	1.440000e+01	1.933185e+00	8.953984e-02	8.953984e-02
1.440000e+01	1.660000e+01	1.959391e+00	7.448579e-02	7.448579e-02
1.660000e+01	1.880000e+01	1.995233e+00	7.599604e-02	7.599604e-02
1.880000e+01	2.100000e+01	1.956124e+00	8.057621e-02	8.057621e-02
2.100000e+01	2.320000e+01	1.763508e+00	8.944547e-02	8.944547e-02
2.320000e+01	2.540000e+01	2.148724e+00	8.197142e-02	8.197142e-02
2.540000e+01	2.760000e+01	2.167878e+00	8.908869e-02	8.908869e-02
2.760000e+01	2.980000e+01	2.084537e+00	1.021396e-01	1.021396e-01
2.980000e+01	3.200000e+01	2.106791e+00	7.032654e-02	7.032654e-02
3.200000e+01	3.420000e+01	2.017420e+00	7.783986e-02	7.783986e-02
3.420000e+01	3.640000e+01	2.044762e+00	6.957003e-02	6.957003e-02
3.640000e+01	3.860000e+01	2.055627e+00	1.076069e-01	1.076069e-01
3.860000e+01	4.080000e+01	1.951659e+00	1.014765e-01	1.014765e-01
4.080000e+01	4.300000e+01	2.111930e+00	1.062750e-01	1.062750e-01
4.300000e+01	4.520000e+01	1.894170e+00	7.032665e-02	7.032665e-02
4.520000e+01	4.740000e+01	2.169389e+00	8.087686e-02	8.087686e-02
4.740000e+01	4.960000e+01	1.691165e+00	9.254215e-02	9.254215e-02
4.960000e+01	5.180000e+01	1.908029e+00	9.158540e-02	9.158540e-02
5.180000e+01	5.400000e+01	1.739687e+00	1.534673e-01	1.534673e-01
5.400000e+01	5.620000e+01	1.979340e+00	8.175458e-02	8.175458e-02
5.620000e+01	5.840000e+01	2.216382e+00	1.003724e-01	1.003724e-01
5.840000e+01	6.060000e+01	1.706395e+00	9.658584e-02	9.658584e-02
6.060000e+01	6.280000e+01	2.213116e+00	9.985577e-02	9.985577e-02
6.280000e+01	6.500000e+01	2.408263e+00	1.141109e-01	1.141109e-01
6.500000e+01	6.720000e+01	2.114385e+00	1.410872e-01	1.410872e-01
6.720000e+01	6.940000e+01	2.023602e+00	9.411671e-02	9.411671e-02
6.940000e+01	7.160000e+01	1.820015e+00	1.010633e-01	1.010633e-01
7.160000e+01	7.380000e+01	2.374198e+00	1.290106e-01	1.290106e-01
7.380000e+01	7.600000e+01	2.072320e+00	1.001646e-01	1.001646e-01
7.600000e+01	7.820000e+01	2.180184e+00	1.279787e-01	1.279787e-01
7.820000e+01	8.040000e+01	1.857954e+00	8.988256e-02	8.988256e-02
8.040000e+01	8.260000e+01	2.119576e+00	1.443772e-01	1.443772e-01
8.260000e+01	8.480000e+01	1.779457e+00	1.984044e-01	1.984044e-01
8.480000e+01	8.700000e+01	2.105395e+00	1.169847e-01	1.169847e-01
8.700000e+01	8.920000e+01	2.477555e+00	1.739510e-01	1.739510e-01
8.920000e+01	9.140000e+01	2.315004e+00	1.394502e-01	1.394502e-01
9.140000e+01	9.360000e+01	2.558957e+00	1.713894e-01	1.713894e-01
9.360000e+01	9.580000e+01	1.440820e+00	2.520297e-01	2.520297e-01
9.580000e+01	9.800000e+01	1.961752e+00	1.985351e-01	1.985351e-01
9.800000e+01	1.002000e+02	2.356768e+00	1.200028e-01	1.200028e-01
1.002000e+02	1.024000e+02	2.014416e+00	1.202151e-01	1.202151e-01
1.024000e+02	1.046000e+02	2.187436e+00	1.782249e-01	1.782249e-01
1.046000e+02	1.068000e+02	2.085818e+00	1.981710e-01	1.981710e-01
1.068000e+02	1.090000e+02	2.296906e+00	1.739033e-01	1.739033e-01
1.090000e+02	1.112000e+02	2.362185e+00	1.380152e-01	1.380152e-01
1.112000e+02	1.134000e+02	2.210019e+00	1.441144e-01	1.441144e-01
1.134000e+02	1.156000e+02	2.031237e+00	1.202400e-01	1.202400e-01
1.156000e+02	1.178000e+02	2.268039e+00	1.361575e-01	1.361575e-01
1.178000e+02	1.200000e+02	1.629213e+00	3.256935e-01	3.256935e-01
# END HISTO1D

