# BEGIN PLOT
Legend=1
LogY=1
Title=$p_\perp$-weighted $\Delta{R}$ between photons and associated leptons
XLabel=$\Delta{R}$
RemoveOptions=1
DrawOnly=//eos/home-y/youpeng/valid/genValidation/masterVBS_merged.yoda.gz/MC_PHOTONS:ENERGY=13000/DeltaR_ptweighted //eos/home-y/youpeng/valid/genValidation/mg352VBS_merged.yoda.gz/MC_PHOTONS:ENERGY=13000/DeltaR_ptweighted
LegendOnly=//eos/home-y/youpeng/valid/genValidation/masterVBS_merged.yoda.gz/MC_PHOTONS:ENERGY=13000/DeltaR_ptweighted //eos/home-y/youpeng/valid/genValidation/mg352VBS_merged.yoda.gz/MC_PHOTONS:ENERGY=13000/DeltaR_ptweighted
RatioPlot=1
RatioPlotReference=//eos/home-y/youpeng/valid/genValidation/masterVBS_merged.yoda.gz/MC_PHOTONS:ENERGY=13000/DeltaR_ptweighted
RatioPlotYLabel=Ratio
# END PLOT

# BEGIN HISTO1D //eos/home-y/youpeng/valid/genValidation/masterVBS_merged.yoda.gz/MC_PHOTONS:ENERGY=13000/DeltaR_ptweighted
ErrorBars=1
LineColor=red
LineStyle=solid
Path=//eos/home-y/youpeng/valid/genValidation/masterVBS_merged.yoda.gz/MC_PHOTONS:ENERGY=13000/DeltaR_ptweighted
ScaledBy=7.03605089541487306e-06
Title=VBSZZ@NLO(v2918)
# xlow	 xhigh	 val	 errminus	 errplus
0.000000e+00	4.000000e-02	7.224955e-01	8.402020e-02	8.402020e-02
4.000000e-02	8.000000e-02	1.645582e-01	3.938356e-02	3.938356e-02
8.000000e-02	1.200000e-01	1.039517e-01	1.884275e-02	1.884275e-02
1.200000e-01	1.600000e-01	6.244982e-02	1.300627e-02	1.300627e-02
1.600000e-01	2.000000e-01	8.501800e-02	1.606631e-02	1.606631e-02
2.000000e-01	2.400000e-01	8.595915e-02	2.039738e-02	2.039738e-02
2.400000e-01	2.800000e-01	8.753402e-02	2.340079e-02	2.340079e-02
2.800000e-01	3.200000e-01	1.001375e-01	1.731142e-02	1.731142e-02
3.200000e-01	3.600000e-01	1.660834e-01	3.547918e-02	3.547918e-02
3.600000e-01	4.000000e-01	1.494400e-01	3.528781e-02	3.528781e-02
4.000000e-01	4.400000e-01	1.321408e-01	1.980383e-02	1.980383e-02
4.400000e-01	4.800000e-01	1.414759e-01	1.931630e-02	1.931630e-02
4.800000e-01	5.200000e-01	1.501104e-01	2.144202e-02	2.144202e-02
5.200000e-01	5.600000e-01	1.217161e-01	1.189336e-02	1.189336e-02
5.600000e-01	6.000000e-01	2.387991e-01	3.323455e-02	3.323455e-02
6.000000e-01	6.400000e-01	2.202207e-01	3.177612e-02	3.177612e-02
6.400000e-01	6.800000e-01	2.170129e-01	2.527122e-02	2.527122e-02
6.800000e-01	7.200000e-01	1.452981e-01	1.556154e-02	1.556154e-02
7.200000e-01	7.600000e-01	2.805122e-01	3.414200e-02	3.414200e-02
7.600000e-01	8.000000e-01	2.922902e-01	5.038386e-02	5.038386e-02
8.000000e-01	8.400000e-01	2.241276e-01	2.347904e-02	2.347904e-02
8.400000e-01	8.800000e-01	2.961965e-01	3.564594e-02	3.564594e-02
8.800000e-01	9.200000e-01	3.011462e-01	3.632751e-02	3.632751e-02
9.200000e-01	9.600000e-01	2.966183e-01	3.045903e-02	3.045903e-02
9.600000e-01	1.000000e+00	3.007587e-01	3.346452e-02	3.346452e-02
1.000000e+00	1.040000e+00	3.493980e-01	5.985458e-02	5.985458e-02
1.040000e+00	1.080000e+00	2.327274e-01	3.115459e-02	3.115459e-02
1.080000e+00	1.120000e+00	2.635240e-01	2.608455e-02	2.608455e-02
1.120000e+00	1.160000e+00	3.578898e-01	4.193584e-02	4.193584e-02
1.160000e+00	1.200000e+00	3.506772e-01	3.119653e-02	3.119653e-02
1.200000e+00	1.240000e+00	3.077522e-01	2.234260e-02	2.234260e-02
1.240000e+00	1.280000e+00	2.527455e-01	2.554673e-02	2.554673e-02
1.280000e+00	1.320000e+00	3.341780e-01	3.758038e-02	3.758038e-02
1.320000e+00	1.360000e+00	3.455107e-01	4.432203e-02	4.432203e-02
1.360000e+00	1.400000e+00	2.798470e-01	4.082116e-02	4.082116e-02
1.400000e+00	1.440000e+00	3.159187e-01	2.941050e-02	2.941050e-02
1.440000e+00	1.480000e+00	2.620042e-01	2.267002e-02	2.267002e-02
1.480000e+00	1.520000e+00	3.668595e-01	3.855918e-02	3.855918e-02
1.520000e+00	1.560000e+00	3.207545e-01	3.077874e-02	3.077874e-02
1.560000e+00	1.600000e+00	3.321350e-01	2.910798e-02	2.910798e-02
1.600000e+00	1.640000e+00	3.670840e-01	5.708849e-02	5.708849e-02
1.640000e+00	1.680000e+00	3.192587e-01	3.160864e-02	3.160864e-02
1.680000e+00	1.720000e+00	2.730092e-01	2.089490e-02	2.089490e-02
1.720000e+00	1.760000e+00	3.030450e-01	3.031645e-02	3.031645e-02
1.760000e+00	1.800000e+00	2.828017e-01	2.861788e-02	2.861788e-02
1.800000e+00	1.840000e+00	3.330670e-01	3.033419e-02	3.033419e-02
1.840000e+00	1.880000e+00	2.655690e-01	2.406588e-02	2.406588e-02
1.880000e+00	1.920000e+00	3.907360e-01	4.086839e-02	4.086839e-02
1.920000e+00	1.960000e+00	3.083377e-01	2.434278e-02	2.434278e-02
1.960000e+00	2.000000e+00	3.801642e-01	3.599779e-02	3.599779e-02
# END HISTO1D


# BEGIN HISTO1D //eos/home-y/youpeng/valid/genValidation/mg352VBS_merged.yoda.gz/MC_PHOTONS:ENERGY=13000/DeltaR_ptweighted
ErrorBars=1
LineColor=blue
LineStyle=solid
Path=//eos/home-y/youpeng/valid/genValidation/mg352VBS_merged.yoda.gz/MC_PHOTONS:ENERGY=13000/DeltaR_ptweighted
ScaledBy=7.22207661713309010e-06
Title=VBSZZ@NLO(v352)
# xlow	 xhigh	 val	 errminus	 errplus
0.000000e+00	4.000000e-02	7.082537e-01	8.306203e-02	8.306203e-02
4.000000e-02	8.000000e-02	1.082087e-01	2.536791e-02	2.536791e-02
8.000000e-02	1.200000e-01	1.079017e-01	2.202108e-02	2.202108e-02
1.200000e-01	1.600000e-01	8.116945e-02	1.872564e-02	1.872564e-02
1.600000e-01	2.000000e-01	1.186458e-01	2.468717e-02	2.468717e-02
2.000000e-01	2.400000e-01	1.565893e-01	3.252807e-02	3.252807e-02
2.400000e-01	2.800000e-01	9.342497e-02	1.522016e-02	1.522016e-02
2.800000e-01	3.200000e-01	1.044321e-01	1.652290e-02	1.652290e-02
3.200000e-01	3.600000e-01	9.921065e-02	1.281500e-02	1.281500e-02
3.600000e-01	4.000000e-01	1.214819e-01	1.924520e-02	1.924520e-02
4.000000e-01	4.400000e-01	1.289993e-01	2.433354e-02	2.433354e-02
4.400000e-01	4.800000e-01	1.273763e-01	1.927972e-02	1.927972e-02
4.800000e-01	5.200000e-01	1.464828e-01	2.443046e-02	2.443046e-02
5.200000e-01	5.600000e-01	2.034461e-01	3.145687e-02	3.145687e-02
5.600000e-01	6.000000e-01	1.910929e-01	3.552144e-02	3.552144e-02
6.000000e-01	6.400000e-01	2.369182e-01	3.591976e-02	3.591976e-02
6.400000e-01	6.800000e-01	2.372755e-01	3.235267e-02	3.235267e-02
6.800000e-01	7.200000e-01	2.566100e-01	3.450628e-02	3.450628e-02
7.200000e-01	7.600000e-01	2.112221e-01	3.389486e-02	3.389486e-02
7.600000e-01	8.000000e-01	3.140677e-01	4.869945e-02	4.869945e-02
8.000000e-01	8.400000e-01	2.751573e-01	3.116996e-02	3.116996e-02
8.400000e-01	8.800000e-01	2.316725e-01	2.417458e-02	2.417458e-02
8.800000e-01	9.200000e-01	2.679842e-01	3.155011e-02	3.155011e-02
9.200000e-01	9.600000e-01	3.458385e-01	3.807449e-02	3.807449e-02
9.600000e-01	1.000000e+00	3.213970e-01	5.098204e-02	5.098204e-02
1.000000e+00	1.040000e+00	2.647212e-01	3.395802e-02	3.395802e-02
1.040000e+00	1.080000e+00	2.852325e-01	2.063779e-02	2.063779e-02
1.080000e+00	1.120000e+00	3.171047e-01	3.054736e-02	3.054736e-02
1.120000e+00	1.160000e+00	2.741593e-01	3.475517e-02	3.475517e-02
1.160000e+00	1.200000e+00	2.347951e-01	1.784995e-02	1.784995e-02
1.200000e+00	1.240000e+00	2.622797e-01	2.217996e-02	2.217996e-02
1.240000e+00	1.280000e+00	3.451347e-01	3.621571e-02	3.621571e-02
1.280000e+00	1.320000e+00	3.176812e-01	3.304391e-02	3.304391e-02
1.320000e+00	1.360000e+00	2.751615e-01	2.501056e-02	2.501056e-02
1.360000e+00	1.400000e+00	3.422348e-01	3.057478e-02	3.057478e-02
1.400000e+00	1.440000e+00	2.905497e-01	2.675675e-02	2.675675e-02
1.440000e+00	1.480000e+00	3.589380e-01	4.363245e-02	4.363245e-02
1.480000e+00	1.520000e+00	3.075532e-01	2.950644e-02	2.950644e-02
1.520000e+00	1.560000e+00	3.502702e-01	3.130074e-02	3.130074e-02
1.560000e+00	1.600000e+00	3.604677e-01	3.341903e-02	3.341903e-02
1.600000e+00	1.640000e+00	3.200033e-01	3.540746e-02	3.540746e-02
1.640000e+00	1.680000e+00	2.976830e-01	3.568195e-02	3.568195e-02
1.680000e+00	1.720000e+00	2.966897e-01	2.443846e-02	2.443846e-02
1.720000e+00	1.760000e+00	3.188402e-01	3.046886e-02	3.046886e-02
1.760000e+00	1.800000e+00	4.002490e-01	5.906389e-02	5.906389e-02
1.800000e+00	1.840000e+00	3.011192e-01	3.413047e-02	3.413047e-02
1.840000e+00	1.880000e+00	2.333698e-01	2.248246e-02	2.248246e-02
1.880000e+00	1.920000e+00	3.706350e-01	3.914100e-02	3.914100e-02
1.920000e+00	1.960000e+00	3.248227e-01	3.274217e-02	3.274217e-02
1.960000e+00	2.000000e+00	3.333945e-01	2.988986e-02	2.988986e-02
# END HISTO1D

