# BEGIN PLOT
Legend=1
LogY=1
Title=Phase-space weighted $\Delta{R}$ between photons and associated leptons
XLabel=Lepton $p_\perp$ [GeV]
RemoveOptions=1
DrawOnly=//eos/home-y/youpeng/valid/genValidation/masterVBS_merged.yoda.gz/MC_PHOTONS:ENERGY=13000/DeltaR_R_vs_pTlep //eos/home-y/youpeng/valid/genValidation/mg352VBS_merged.yoda.gz/MC_PHOTONS:ENERGY=13000/DeltaR_R_vs_pTlep
LegendOnly=//eos/home-y/youpeng/valid/genValidation/masterVBS_merged.yoda.gz/MC_PHOTONS:ENERGY=13000/DeltaR_R_vs_pTlep //eos/home-y/youpeng/valid/genValidation/mg352VBS_merged.yoda.gz/MC_PHOTONS:ENERGY=13000/DeltaR_R_vs_pTlep
RatioPlot=1
RatioPlotReference=//eos/home-y/youpeng/valid/genValidation/masterVBS_merged.yoda.gz/MC_PHOTONS:ENERGY=13000/DeltaR_R_vs_pTlep
RatioPlotYLabel=Ratio
# END PLOT

# BEGIN HISTO1D //eos/home-y/youpeng/valid/genValidation/masterVBS_merged.yoda.gz/MC_PHOTONS:ENERGY=13000/DeltaR_R_vs_pTlep
ErrorBars=1
LineColor=red
LineStyle=solid
Path=//eos/home-y/youpeng/valid/genValidation/masterVBS_merged.yoda.gz/MC_PHOTONS:ENERGY=13000/DeltaR_R_vs_pTlep
Title=VBSZZ@NLO(v2918)
# xlow	 xhigh	 val	 errminus	 errplus
1.000000e+01	1.220000e+01	4.146665e-01	4.121013e-01	4.121013e-01
1.220000e+01	1.440000e+01	2.292655e-01	4.910656e-01	4.910656e-01
1.440000e+01	1.660000e+01	2.161945e-01	4.871348e-01	4.871348e-01
1.660000e+01	1.880000e+01	1.613906e-01	3.693831e-01	3.693831e-01
1.880000e+01	2.100000e+01	4.170034e-01	2.809962e-01	2.809962e-01
2.100000e+01	2.320000e+01	2.444811e-01	4.404768e-01	4.404768e-01
2.320000e+01	2.540000e+01	1.216807e-01	3.802402e-01	3.802402e-01
2.540000e+01	2.760000e+01	5.045992e-01	3.806780e-01	3.806780e-01
2.760000e+01	2.980000e+01	7.691011e-02	1.952985e-01	1.952985e-01
2.980000e+01	3.200000e+01	7.986550e-02	2.531915e-01	2.531915e-01
3.200000e+01	3.420000e+01	9.718848e-02	4.104590e-01	4.104590e-01
3.420000e+01	3.640000e+01	2.512521e-01	3.879010e-01	3.879010e-01
3.640000e+01	3.860000e+01	1.728715e-01	6.230753e-01	6.230753e-01
3.860000e+01	4.080000e+01	6.774822e-02	2.505201e-01	2.505201e-01
4.080000e+01	4.300000e+01	8.033631e-02	1.960506e-01	1.960506e-01
4.300000e+01	4.520000e+01	1.783421e-01	3.273270e-01	3.273270e-01
4.520000e+01	4.740000e+01	6.260804e-02	2.008640e-01	2.008640e-01
4.740000e+01	4.960000e+01	4.477151e-02	1.812368e-01	1.812368e-01
4.960000e+01	5.180000e+01	7.333821e-01	2.034274e-01	2.034274e-01
5.180000e+01	5.400000e+01	1.632426e-01	4.080845e-01	4.080845e-01
5.400000e+01	5.620000e+01	4.254014e-02	2.556366e-01	2.556366e-01
5.620000e+01	5.840000e+01	7.881995e-02	3.753699e-01	3.753699e-01
5.840000e+01	6.060000e+01	3.445234e-02	2.614721e-01	2.614721e-01
6.060000e+01	6.280000e+01	1.775036e-01	9.184909e-01	9.184909e-01
6.280000e+01	6.500000e+01	6.066390e-02	3.296835e-01	3.296835e-01
6.500000e+01	6.720000e+01	4.521581e-02	2.774681e-01	2.774681e-01
6.720000e+01	6.940000e+01	3.192675e-01	6.094863e-01	6.094863e-01
6.940000e+01	7.160000e+01	1.243277e-01	5.670915e-01	5.670915e-01
7.160000e+01	7.380000e+01	2.156683e-01	8.006177e-01	8.006177e-01
7.380000e+01	7.600000e+01	3.330846e-01	3.070218e-01	3.070218e-01
7.600000e+01	7.820000e+01	1.060645e-01	2.705245e-01	2.705245e-01
7.820000e+01	8.040000e+01	8.532834e-02	3.403624e-01	3.403624e-01
8.040000e+01	8.260000e+01	3.742260e-02	4.964285e-01	4.964285e-01
8.260000e+01	8.480000e+01	1.318668e-01	3.463040e-01	3.463040e-01
8.480000e+01	8.700000e+01	2.482868e-02	5.337062e-01	5.337062e-01
8.700000e+01	8.920000e+01	1.340181e-01	4.688422e-01	4.688422e-01
8.920000e+01	9.140000e+01	5.039473e-01	3.366951e-01	3.366951e-01
9.140000e+01	9.360000e+01	1.576242e-01	5.633339e-01	5.633339e-01
9.360000e+01	9.580000e+01	1.830815e-01	6.157317e-01	6.157317e-01
9.580000e+01	9.800000e+01	4.562390e-02	2.026531e-01	2.026531e-01
9.800000e+01	1.002000e+02	4.967107e-01	3.903819e-01	3.903819e-01
1.002000e+02	1.024000e+02	1.536012e-01	4.624831e-01	4.624831e-01
1.024000e+02	1.046000e+02	7.541656e-02	6.712388e-01	6.712388e-01
1.046000e+02	1.068000e+02	1.249683e-01	6.281042e-01	6.281042e-01
1.068000e+02	1.090000e+02	6.303020e-01	5.534036e-01	5.534036e-01
1.090000e+02	1.112000e+02	5.144483e-02	2.617609e-01	2.617609e-01
1.112000e+02	1.134000e+02	1.078605e+00	2.283264e-01	2.283264e-01
1.134000e+02	1.156000e+02	5.540290e-01	3.547666e-01	3.547666e-01
1.156000e+02	1.178000e+02	1.721724e-01	5.617438e-01	5.617438e-01
1.178000e+02	1.200000e+02	1.255541e-02	1.906634e-01	1.906634e-01
# END HISTO1D


# BEGIN HISTO1D //eos/home-y/youpeng/valid/genValidation/mg352VBS_merged.yoda.gz/MC_PHOTONS:ENERGY=13000/DeltaR_R_vs_pTlep
ErrorBars=1
LineColor=blue
LineStyle=solid
Path=//eos/home-y/youpeng/valid/genValidation/mg352VBS_merged.yoda.gz/MC_PHOTONS:ENERGY=13000/DeltaR_R_vs_pTlep
Title=VBSZZ@NLO(v352)
# xlow	 xhigh	 val	 errminus	 errplus
1.000000e+01	1.220000e+01	4.252663e-01	2.733670e-01	2.733670e-01
1.220000e+01	1.440000e+01	1.046485e-01	2.730388e-01	2.730388e-01
1.440000e+01	1.660000e+01	1.164988e-01	5.229354e-01	5.229354e-01
1.660000e+01	1.880000e+01	3.162044e-01	3.251547e-01	3.251547e-01
1.880000e+01	2.100000e+01	1.735615e-01	4.684455e-01	4.684455e-01
2.100000e+01	2.320000e+01	8.644531e-02	3.024127e-01	3.024127e-01
2.320000e+01	2.540000e+01	6.434530e-02	1.618162e-01	1.618162e-01
2.540000e+01	2.760000e+01	9.273220e-02	6.717021e-01	6.717021e-01
2.760000e+01	2.980000e+01	2.091424e-01	7.881643e-01	7.881643e-01
2.980000e+01	3.200000e+01	2.902600e-01	5.357516e-01	5.357516e-01
3.200000e+01	3.420000e+01	1.909569e-01	3.209840e-01	3.209840e-01
3.420000e+01	3.640000e+01	4.022738e-02	1.862001e-01	1.862001e-01
3.640000e+01	3.860000e+01	1.379252e-01	7.087082e-01	7.087082e-01
3.860000e+01	4.080000e+01	1.344579e-01	4.762732e-01	4.762732e-01
4.080000e+01	4.300000e+01	1.339357e-01	3.750329e-01	3.750329e-01
4.300000e+01	4.520000e+01	1.280377e-01	3.276482e-01	3.276482e-01
4.520000e+01	4.740000e+01	4.128212e-02	1.414979e-01	1.414979e-01
4.740000e+01	4.960000e+01	3.236364e-01	3.689229e-01	3.689229e-01
4.960000e+01	5.180000e+01	2.610059e-01	5.244514e-01	5.244514e-01
5.180000e+01	5.400000e+01	7.552316e-02	2.050585e-01	2.050585e-01
5.400000e+01	5.620000e+01	9.251362e-02	2.076147e-01	2.076147e-01
5.620000e+01	5.840000e+01	9.099157e-02	3.984958e-01	3.984958e-01
5.840000e+01	6.060000e+01	4.161083e-02	1.726090e-01	1.726090e-01
6.060000e+01	6.280000e+01	7.038378e-02	2.467034e-01	2.467034e-01
6.280000e+01	6.500000e+01	9.020409e-02	3.549529e-01	3.549529e-01
6.500000e+01	6.720000e+01	8.466272e-02	5.079784e-01	5.079784e-01
6.720000e+01	6.940000e+01	1.858477e-01	3.653323e-01	3.653323e-01
6.940000e+01	7.160000e+01	3.399847e-02	2.148860e-01	2.148860e-01
7.160000e+01	7.380000e+01	4.211447e-02	2.509343e-01	2.509343e-01
7.380000e+01	7.600000e+01	3.415886e-02	1.658476e-01	1.658476e-01
7.600000e+01	7.820000e+01	4.074698e-01	4.371007e-01	4.371007e-01
7.820000e+01	8.040000e+01	3.113287e-02	2.156494e-01	2.156494e-01
8.040000e+01	8.260000e+01	1.833248e-02	1.236269e-01	1.236269e-01
8.260000e+01	8.480000e+01	3.298206e-02	2.358985e-01	2.358985e-01
8.480000e+01	8.700000e+01	6.487572e-02	8.898186e-01	8.898186e-01
8.700000e+01	8.920000e+01	1.635394e-02	1.696225e-01	1.696225e-01
8.920000e+01	9.140000e+01	5.388727e-02	5.848303e-01	5.848303e-01
9.140000e+01	9.360000e+01	8.373654e-02	6.366157e-01	6.366157e-01
9.360000e+01	9.580000e+01	4.754035e-02	1.690900e-01	1.690900e-01
9.580000e+01	9.800000e+01	1.539008e-01	4.253445e-01	4.253445e-01
9.800000e+01	1.002000e+02	3.660592e-02	2.944336e-01	2.944336e-01
1.002000e+02	1.024000e+02	9.264353e-03	1.040218e-01	1.040218e-01
1.024000e+02	1.046000e+02	4.790212e-02	8.699658e-01	8.699658e-01
1.046000e+02	1.068000e+02	1.728417e-02	2.402096e-01	2.402096e-01
1.068000e+02	1.090000e+02	1.405051e-02	1.883393e-01	1.883393e-01
1.090000e+02	1.112000e+02	9.020965e-01	3.451533e-01	3.451533e-01
1.112000e+02	1.134000e+02	1.532313e-02	1.730896e-01	1.730896e-01
1.134000e+02	1.156000e+02	3.889855e-02	2.488870e-01	2.488870e-01
1.156000e+02	1.178000e+02	1.062909e-02	2.123809e-01	2.123809e-01
1.178000e+02	1.200000e+02	1.875383e-01	5.052146e-01	5.052146e-01
# END HISTO1D

