# BEGIN PLOT
Legend=1
LogY=0
LegendYPos=0.4
XLabel=$p_\perp(\mu\mu)$ [GeV]
YLabel=$\langle\mathrm{d}^2 N_\mathrm{chg}/\mathrm{d}\eta\mathrm{d}\phi\rangle$
Title=$CMS, 13 TeV, pp \rightarrow Z + X \rightarrow \mu^{+}\mu^{-} + X, Transverse$
RemoveOptions=1
DrawOnly=/CMS_2017_I1635889/d02-x01-y01 //eos/home-y/youpeng/valid/genValidation/masterVBS_merged.yoda.gz/CMS_2017_I1635889/d02-x01-y01 //eos/home-y/youpeng/valid/genValidation/mg352VBS_merged.yoda.gz/CMS_2017_I1635889/d02-x01-y01
LegendOnly=/CMS_2017_I1635889/d02-x01-y01 //eos/home-y/youpeng/valid/genValidation/masterVBS_merged.yoda.gz/CMS_2017_I1635889/d02-x01-y01 //eos/home-y/youpeng/valid/genValidation/mg352VBS_merged.yoda.gz/CMS_2017_I1635889/d02-x01-y01
RatioPlot=1
RatioPlotReference=/CMS_2017_I1635889/d02-x01-y01
# END PLOT

# BEGIN HISTO1D /CMS_2017_I1635889/d02-x01-y01
ConnectBins=0
ErrorBars=1
IsRef=1
Path=/CMS_2017_I1635889/d02-x01-y01
PolyMarker=*
Title=Data
# xlow	 xhigh	 val	 errminus	 errplus
0.000000e+00	5.000000e+00	9.150000e-01	5.079620e-02	5.079620e-02
5.000000e+00	1.000000e+01	9.770000e-01	5.346710e-02	5.346710e-02
1.000000e+01	1.500000e+01	1.030000e+00	5.781890e-02	5.781890e-02
1.500000e+01	2.000000e+01	1.070000e+00	5.940100e-02	5.940100e-02
2.000000e+01	2.500000e+01	1.100000e+00	6.447450e-02	6.447450e-02
2.500000e+01	3.000000e+01	1.110000e+00	6.403690e-02	6.403690e-02
3.000000e+01	3.500000e+01	1.140000e+00	6.676430e-02	6.676430e-02
3.500000e+01	4.000000e+01	1.170000e+00	7.196250e-02	7.196250e-02
4.000000e+01	4.500000e+01	1.170000e+00	6.894450e-02	6.894450e-02
4.500000e+01	5.000000e+01	1.190000e+00	7.514340e-02	7.514340e-02
5.000000e+01	5.500000e+01	1.220000e+00	7.159940e-02	7.159940e-02
5.500000e+01	6.000000e+01	1.210000e+00	7.224140e-02	7.224140e-02
6.000000e+01	6.500000e+01	1.230000e+00	7.512150e-02	7.512150e-02
6.500000e+01	7.000000e+01	1.240000e+00	7.504440e-02	7.504440e-02
7.000000e+01	8.000000e+01	1.250000e+00	7.824500e-02	7.824500e-02
8.000000e+01	9.000000e+01	1.270000e+00	7.105290e-02	7.105290e-02
9.000000e+01	1.000000e+02	1.270000e+00	7.036800e-02	7.036800e-02
# END HISTO1D


# BEGIN HISTO1D //eos/home-y/youpeng/valid/genValidation/masterVBS_merged.yoda.gz/CMS_2017_I1635889/d02-x01-y01
ErrorBars=1
LineColor=red
LineStyle=solid
Path=//eos/home-y/youpeng/valid/genValidation/masterVBS_merged.yoda.gz/CMS_2017_I1635889/d02-x01-y01
Title=VBSZZ@NLO(v2918)
# xlow	 xhigh	 val	 errminus	 errplus
0.000000e+00	5.000000e+00	1.014613e+00	5.371475e-01	5.371475e-01
5.000000e+00	1.000000e+01	1.830282e+00	2.785220e-01	2.785220e-01
1.000000e+01	1.500000e+01	2.188380e+00	4.461844e-01	4.461844e-01
1.500000e+01	2.000000e+01	1.695000e+00	3.608734e-01	3.608734e-01
2.000000e+01	2.500000e+01	1.382658e+00	2.542598e-01	2.542598e-01
2.500000e+01	3.000000e+01	1.372711e+00	3.113964e-01	3.113964e-01
3.000000e+01	3.500000e+01	1.462236e+00	1.855034e-01	1.855034e-01
3.500000e+01	4.000000e+01	1.730810e+00	2.300483e-01	2.300483e-01
4.000000e+01	4.500000e+01	2.148592e+00	2.618769e-01	2.618769e-01
4.500000e+01	5.000000e+01	2.108803e+00	6.030081e-01	6.030081e-01
5.000000e+01	5.500000e+01	1.671127e+00	4.246240e-01	4.246240e-01
5.500000e+01	6.000000e+01	1.581603e+00	1.335606e-01	1.335606e-01
6.000000e+01	6.500000e+01	1.420458e+00	4.055524e-01	4.055524e-01
6.500000e+01	7.000000e+01	1.322976e+00	2.380342e-01	2.380342e-01
7.000000e+01	8.000000e+01	1.513255e+00	1.703800e-01	1.703800e-01
8.000000e+01	9.000000e+01	1.489483e+00	2.381266e-01	2.381266e-01
9.000000e+01	1.000000e+02	1.504014e+00	1.394730e-01	1.394730e-01
# END HISTO1D


# BEGIN HISTO1D //eos/home-y/youpeng/valid/genValidation/mg352VBS_merged.yoda.gz/CMS_2017_I1635889/d02-x01-y01
ErrorBars=1
LineColor=blue
LineStyle=solid
Path=//eos/home-y/youpeng/valid/genValidation/mg352VBS_merged.yoda.gz/CMS_2017_I1635889/d02-x01-y01
Title=VBSZZ@NLO(v352)
# xlow	 xhigh	 val	 errminus	 errplus
0.000000e+00	5.000000e+00	nan	nan	nan
5.000000e+00	1.000000e+01	1.480141e+00	4.075968e-01	4.075968e-01
1.000000e+01	1.500000e+01	1.790493e+00	6.297437e-01	6.297437e-01
1.500000e+01	2.000000e+01	1.671128e+00	1.860181e-01	1.860181e-01
2.000000e+01	2.500000e+01	1.611444e+00	2.096000e-01	2.096000e-01
2.500000e+01	3.000000e+01	1.466499e+00	3.023284e-01	3.023284e-01
3.000000e+01	3.500000e+01	1.492077e+00	2.835508e-01	2.835508e-01
3.500000e+01	4.000000e+01	1.799019e+00	2.443924e-01	2.443924e-01
4.000000e+01	4.500000e+01	1.381238e+00	3.288591e-01	3.288591e-01
4.500000e+01	5.000000e+01	1.233451e+00	2.394892e-01	2.394892e-01
5.000000e+01	5.500000e+01	1.261871e+00	2.237389e-01	2.237389e-01
5.500000e+01	6.000000e+01	1.173768e+00	2.013706e-01	2.013706e-01
6.000000e+01	6.500000e+01	1.477157e+00	1.967054e-01	1.967054e-01
6.500000e+01	7.000000e+01	1.623381e+00	2.456796e-01	2.456796e-01
7.000000e+01	8.000000e+01	1.380669e+00	1.769269e-01	1.769269e-01
8.000000e+01	9.000000e+01	1.868340e+00	2.215553e-01	2.215553e-01
9.000000e+01	1.000000e+02	1.568225e+00	1.967214e-01	1.967214e-01
# END HISTO1D

