# BEGIN PLOT
Legend=1
LogY=0
LegendYPos=0.4
XLabel=$p_\perp(\mu\mu)$ [GeV]
YLabel=$\langle\mathrm{d}^2 \sum p_\perp/\mathrm{d}\eta\mathrm{d}\phi\rangle$ [GeV]
Title=$CMS, 13 TeV, pp \rightarrow Z + X \rightarrow \mu^{+}\mu^{-} + X, Away$
RemoveOptions=1
DrawOnly=/CMS_2017_I1635889/d06-x01-y01 //eos/home-y/youpeng/valid/genValidation/masterVBS_merged.yoda.gz/CMS_2017_I1635889/d06-x01-y01 //eos/home-y/youpeng/valid/genValidation/mg352VBS_merged.yoda.gz/CMS_2017_I1635889/d06-x01-y01
LegendOnly=/CMS_2017_I1635889/d06-x01-y01 //eos/home-y/youpeng/valid/genValidation/masterVBS_merged.yoda.gz/CMS_2017_I1635889/d06-x01-y01 //eos/home-y/youpeng/valid/genValidation/mg352VBS_merged.yoda.gz/CMS_2017_I1635889/d06-x01-y01
RatioPlot=1
RatioPlotReference=/CMS_2017_I1635889/d06-x01-y01
# END PLOT

# BEGIN HISTO1D /CMS_2017_I1635889/d06-x01-y01
ConnectBins=0
ErrorBars=1
IsRef=1
Path=/CMS_2017_I1635889/d06-x01-y01
PolyMarker=*
Title=Data
# xlow	 xhigh	 val	 errminus	 errplus
0.000000e+00	5.000000e+00	1.080000e+00	5.943140e-02	5.943140e-02
5.000000e+00	1.000000e+01	1.300000e+00	7.231040e-02	7.231040e-02
1.000000e+01	1.500000e+01	1.580000e+00	8.863440e-02	8.863440e-02
1.500000e+01	2.000000e+01	1.890000e+00	1.077720e-01	1.077720e-01
2.000000e+01	2.500000e+01	2.190000e+00	1.216280e-01	1.216280e-01
2.500000e+01	3.000000e+01	2.500000e+00	1.366860e-01	1.366860e-01
3.000000e+01	3.500000e+01	2.840000e+00	1.479410e-01	1.479410e-01
3.500000e+01	4.000000e+01	3.150000e+00	1.694120e-01	1.694120e-01
4.000000e+01	4.500000e+01	3.460000e+00	1.754810e-01	1.754810e-01
4.500000e+01	5.000000e+01	3.770000e+00	1.915400e-01	1.915400e-01
5.000000e+01	5.500000e+01	4.080000e+00	2.011230e-01	2.011230e-01
5.500000e+01	6.000000e+01	4.420000e+00	2.224580e-01	2.224580e-01
6.000000e+01	6.500000e+01	4.690000e+00	2.330180e-01	2.330180e-01
6.500000e+01	7.000000e+01	5.030000e+00	2.377800e-01	2.377800e-01
7.000000e+01	8.000000e+01	5.510000e+00	2.764980e-01	2.764980e-01
8.000000e+01	9.000000e+01	6.160000e+00	2.900370e-01	2.900370e-01
9.000000e+01	1.000000e+02	6.800000e+00	3.306480e-01	3.306480e-01
# END HISTO1D


# BEGIN HISTO1D //eos/home-y/youpeng/valid/genValidation/masterVBS_merged.yoda.gz/CMS_2017_I1635889/d06-x01-y01
ErrorBars=1
LineColor=red
LineStyle=solid
Path=//eos/home-y/youpeng/valid/genValidation/masterVBS_merged.yoda.gz/CMS_2017_I1635889/d06-x01-y01
Title=VBSZZ@NLO(v2918)
# xlow	 xhigh	 val	 errminus	 errplus
0.000000e+00	5.000000e+00	1.061137e+01	3.203424e+00	3.203424e+00
5.000000e+00	1.000000e+01	4.971577e+00	2.217761e+00	2.217761e+00
1.000000e+01	1.500000e+01	1.446239e+01	4.973935e+00	4.973935e+00
1.500000e+01	2.000000e+01	7.518928e+00	2.913478e+00	2.913478e+00
2.000000e+01	2.500000e+01	1.097343e+01	3.127480e+00	3.127480e+00
2.500000e+01	3.000000e+01	6.992693e+00	2.358027e+00	2.358027e+00
3.000000e+01	3.500000e+01	8.294050e+00	1.586660e+00	1.586660e+00
3.500000e+01	4.000000e+01	1.022414e+01	2.000412e+00	2.000412e+00
4.000000e+01	4.500000e+01	7.573057e+00	1.895163e+00	1.895163e+00
4.500000e+01	5.000000e+01	9.776050e+00	2.315482e+00	2.315482e+00
5.000000e+01	5.500000e+01	1.297700e+01	4.512464e+00	4.512464e+00
5.500000e+01	6.000000e+01	1.114075e+01	3.136113e+00	3.136113e+00
6.000000e+01	6.500000e+01	8.015614e+00	2.703406e+00	2.703406e+00
6.500000e+01	7.000000e+01	1.028188e+01	2.700169e+00	2.700169e+00
7.000000e+01	8.000000e+01	1.114905e+01	1.630389e+00	1.630389e+00
8.000000e+01	9.000000e+01	1.182150e+01	2.158637e+00	2.158637e+00
9.000000e+01	1.000000e+02	1.434600e+01	2.844668e+00	2.844668e+00
# END HISTO1D


# BEGIN HISTO1D //eos/home-y/youpeng/valid/genValidation/mg352VBS_merged.yoda.gz/CMS_2017_I1635889/d06-x01-y01
ErrorBars=1
LineColor=blue
LineStyle=solid
Path=//eos/home-y/youpeng/valid/genValidation/mg352VBS_merged.yoda.gz/CMS_2017_I1635889/d06-x01-y01
Title=VBSZZ@NLO(v352)
# xlow	 xhigh	 val	 errminus	 errplus
0.000000e+00	5.000000e+00	nan	nan	nan
5.000000e+00	1.000000e+01	8.903064e+00	5.202668e+00	5.202668e+00
1.000000e+01	1.500000e+01	3.324327e+00	1.385386e+00	1.385386e+00
1.500000e+01	2.000000e+01	1.045656e+01	4.147990e+00	4.147990e+00
2.000000e+01	2.500000e+01	7.465970e+00	2.138377e+00	2.138377e+00
2.500000e+01	3.000000e+01	9.347004e+00	3.316914e+00	3.316914e+00
3.000000e+01	3.500000e+01	1.493637e+01	4.130928e+00	4.130928e+00
3.500000e+01	4.000000e+01	1.202479e+01	2.868108e+00	2.868108e+00
4.000000e+01	4.500000e+01	8.918264e+00	2.256034e+00	2.256034e+00
4.500000e+01	5.000000e+01	1.116911e+01	2.867640e+00	2.867640e+00
5.000000e+01	5.500000e+01	7.774593e+00	1.885143e+00	1.885143e+00
5.500000e+01	6.000000e+01	1.314102e+01	2.113009e+00	2.113009e+00
6.000000e+01	6.500000e+01	8.209138e+00	1.703495e+00	1.703495e+00
6.500000e+01	7.000000e+01	7.440800e+00	1.990755e+00	1.990755e+00
7.000000e+01	8.000000e+01	1.525114e+01	2.914639e+00	2.914639e+00
8.000000e+01	9.000000e+01	1.810702e+01	3.726220e+00	3.726220e+00
9.000000e+01	1.000000e+02	1.259170e+01	1.703577e+00	1.703577e+00
# END HISTO1D

