# BEGIN PLOT
Legend=1
LogY=1
Title=Rapidity of first tau
XLabel=$y(\tau\mathrm{1})$
YLabel=$\mathrm{d}\sigma/\mathrm{d}y(\tau\mathrm{1})$ [pb]
RemoveOptions=1
DrawOnly=//ospool/cms-user/youpeng/genvalid/genValidation/masterVBS_merged.yoda.gz/MC_TAUS:ENERGY=13600/tau_y_1 //ospool/cms-user/youpeng/genvalid/genValidation/mg352VBS_merged.yoda.gz/MC_TAUS:ENERGY=13600/tau_y_1 //ospool/cms-user/youpeng/genvalid/genValidation/mg35xVBS_merged.yoda.gz/MC_TAUS:ENERGY=13600/tau_y_1
LegendOnly=//ospool/cms-user/youpeng/genvalid/genValidation/masterVBS_merged.yoda.gz/MC_TAUS:ENERGY=13600/tau_y_1 //ospool/cms-user/youpeng/genvalid/genValidation/mg352VBS_merged.yoda.gz/MC_TAUS:ENERGY=13600/tau_y_1 //ospool/cms-user/youpeng/genvalid/genValidation/mg35xVBS_merged.yoda.gz/MC_TAUS:ENERGY=13600/tau_y_1
RatioPlot=1
RatioPlotReference=//ospool/cms-user/youpeng/genvalid/genValidation/masterVBS_merged.yoda.gz/MC_TAUS:ENERGY=13600/tau_y_1
RatioPlotYLabel=Ratio
# END PLOT

# BEGIN HISTO1D //ospool/cms-user/youpeng/genvalid/genValidation/masterVBS_merged.yoda.gz/MC_TAUS:ENERGY=13600/tau_y_1
ErrorBars=1
LineColor=red
LineStyle=solid
Path=//ospool/cms-user/youpeng/genvalid/genValidation/masterVBS_merged.yoda.gz/MC_TAUS:ENERGY=13600/tau_y_1
ScaledBy=1.07182617187499956e-09
Title=VBSZZ@LO(v2918)
# xlow	 xhigh	 val	 errminus	 errplus
-5.000000e+00	-4.800000e+00	2.411609e-07	3.595014e-08	3.595014e-08
-4.800000e+00	-4.600000e+00	2.893930e-07	3.938141e-08	3.938141e-08
-4.600000e+00	-4.400000e+00	2.572383e-07	3.712915e-08	3.712915e-08
-4.400000e+00	-4.200000e+00	3.161887e-07	4.116427e-08	4.116427e-08
-4.200000e+00	-4.000000e+00	3.644209e-07	4.419252e-08	4.419252e-08
-4.000000e+00	-3.800000e+00	4.180122e-07	4.733056e-08	4.733056e-08
-3.800000e+00	-3.600000e+00	3.965757e-07	4.610099e-08	4.610099e-08
-3.600000e+00	-3.400000e+00	5.251950e-07	5.305269e-08	5.305269e-08
-3.400000e+00	-3.200000e+00	6.538140e-07	5.919354e-08	5.919354e-08
-3.200000e+00	-3.000000e+00	8.788975e-07	6.863037e-08	6.863037e-08
-3.000000e+00	-2.800000e+00	1.868193e-05	3.164157e-07	3.164157e-07
-2.800000e+00	-2.600000e+00	2.631869e-05	3.755600e-07	3.755600e-07
-2.600000e+00	-2.400000e+00	3.675292e-05	4.438059e-07	4.438059e-07
-2.400000e+00	-2.200000e+00	4.830721e-05	5.088072e-07	5.088072e-07
-2.200000e+00	-2.000000e+00	6.027415e-05	5.683458e-07	5.683458e-07
-2.000000e+00	-1.800000e+00	7.678025e-05	6.414636e-07	6.414636e-07
-1.800000e+00	-1.600000e+00	9.151790e-05	7.003258e-07	7.003258e-07
-1.600000e+00	-1.400000e+00	1.075095e-04	7.590504e-07	7.590504e-07
-1.400000e+00	-1.200000e+00	1.212557e-04	8.061174e-07	8.061174e-07
-1.200000e+00	-1.000000e+00	1.339837e-04	8.473699e-07	8.473699e-07
-1.000000e+00	-8.000000e-01	1.494233e-04	8.948626e-07	8.948626e-07
-8.000000e-01	-6.000000e-01	1.555916e-04	9.131462e-07	9.131462e-07
-6.000000e-01	-4.000000e-01	1.649005e-04	9.400656e-07	9.400656e-07
-4.000000e-01	-2.000000e-01	1.701149e-04	9.548131e-07	9.548131e-07
-2.000000e-01	0.000000e+00	1.725586e-04	9.616468e-07	9.616468e-07
0.000000e+00	2.000000e-01	1.715887e-04	9.589400e-07	9.589400e-07
2.000000e-01	4.000000e-01	1.706347e-04	9.562708e-07	9.562708e-07
4.000000e-01	6.000000e-01	1.634589e-04	9.359472e-07	9.359472e-07
6.000000e-01	8.000000e-01	1.582444e-04	9.208977e-07	9.208977e-07
8.000000e-01	1.000000e+00	1.476548e-04	8.895512e-07	8.895512e-07
1.000000e+00	1.200000e+00	1.357790e-04	8.530281e-07	8.530281e-07
1.200000e+00	1.400000e+00	1.206019e-04	8.039411e-07	8.039411e-07
1.400000e+00	1.600000e+00	1.065663e-04	7.557134e-07	7.557134e-07
1.600000e+00	1.800000e+00	9.012450e-05	6.949741e-07	6.949741e-07
1.800000e+00	2.000000e+00	7.639440e-05	6.398498e-07	6.398498e-07
2.000000e+00	2.200000e+00	6.172110e-05	5.751274e-07	5.751274e-07
2.200000e+00	2.400000e+00	4.891279e-05	5.119863e-07	5.119863e-07
2.400000e+00	2.600000e+00	3.637778e-05	4.415351e-07	4.415351e-07
2.600000e+00	2.800000e+00	2.680638e-05	3.790235e-07	3.790235e-07
2.800000e+00	3.000000e+00	1.866049e-05	3.162341e-07	3.162341e-07
3.000000e+00	3.200000e+00	9.432070e-07	7.109691e-08	7.109691e-08
3.200000e+00	3.400000e+00	5.466315e-07	5.412458e-08	5.412458e-08
3.400000e+00	3.600000e+00	5.198355e-07	5.278132e-08	5.278132e-08
3.600000e+00	3.800000e+00	4.394488e-07	4.852899e-08	4.852899e-08
3.800000e+00	4.000000e+00	4.233713e-07	4.763300e-08	4.763300e-08
4.000000e+00	4.200000e+00	3.429843e-07	4.287305e-08	4.287305e-08
4.200000e+00	4.400000e+00	3.697800e-07	4.451628e-08	4.451628e-08
4.400000e+00	4.600000e+00	2.786748e-07	3.864524e-08	3.864524e-08
4.600000e+00	4.800000e+00	2.358017e-07	3.554845e-08	3.554845e-08
4.800000e+00	5.000000e+00	1.929287e-07	3.215479e-08	3.215479e-08
# END HISTO1D


# BEGIN HISTO1D //ospool/cms-user/youpeng/genvalid/genValidation/mg352VBS_merged.yoda.gz/MC_TAUS:ENERGY=13600/tau_y_1
ErrorBars=1
LineColor=blue
LineStyle=solid
Path=//ospool/cms-user/youpeng/genvalid/genValidation/mg352VBS_merged.yoda.gz/MC_TAUS:ENERGY=13600/tau_y_1
ScaledBy=1.07425781250000051e-09
Title=VBSZZ@LO(v352)
# xlow	 xhigh	 val	 errminus	 errplus
-5.000000e+00	-4.800000e+00	2.202228e-07	3.439303e-08	3.439303e-08
-4.800000e+00	-4.600000e+00	2.631931e-07	3.759902e-08	3.759902e-08
-4.600000e+00	-4.400000e+00	1.987377e-07	3.267227e-08	3.267227e-08
-4.400000e+00	-4.200000e+00	2.470793e-07	3.642985e-08	3.642985e-08
-4.200000e+00	-4.000000e+00	3.276486e-07	4.195111e-08	4.195111e-08
-4.000000e+00	-3.800000e+00	4.511883e-07	4.922868e-08	4.922868e-08
-3.800000e+00	-3.600000e+00	4.619309e-07	4.981129e-08	4.981129e-08
-3.600000e+00	-3.400000e+00	4.511883e-07	4.922868e-08	4.922868e-08
-3.400000e+00	-3.200000e+00	5.639855e-07	5.503933e-08	5.503933e-08
-3.200000e+00	-3.000000e+00	8.325500e-07	6.687200e-08	6.687200e-08
-3.000000e+00	-2.800000e+00	1.838592e-05	3.142548e-07	3.142548e-07
-2.800000e+00	-2.600000e+00	2.615281e-05	3.747990e-07	3.747990e-07
-2.600000e+00	-2.400000e+00	3.603060e-05	4.399214e-07	4.399214e-07
-2.400000e+00	-2.200000e+00	4.762185e-05	5.057576e-07	5.057576e-07
-2.200000e+00	-2.000000e+00	6.130790e-05	5.738488e-07	5.738488e-07
-2.000000e+00	-1.800000e+00	7.579965e-05	6.380766e-07	6.380766e-07
-1.800000e+00	-1.600000e+00	9.043100e-05	6.969442e-07	6.969442e-07
-1.600000e+00	-1.400000e+00	1.072539e-04	7.590071e-07	7.590071e-07
-1.400000e+00	-1.200000e+00	1.197905e-04	8.021404e-07	8.021404e-07
-1.200000e+00	-1.000000e+00	1.356949e-04	8.537309e-07	8.537309e-07
-1.000000e+00	-8.000000e-01	1.486451e-04	8.935410e-07	8.935410e-07
-8.000000e-01	-6.000000e-01	1.586840e-04	9.232213e-07	9.232213e-07
-6.000000e-01	-4.000000e-01	1.650007e-04	9.414170e-07	9.414170e-07
-4.000000e-01	-2.000000e-01	1.730575e-04	9.641277e-07	9.641277e-07
-2.000000e-01	0.000000e+00	1.738149e-04	9.662351e-07	9.662351e-07
0.000000e+00	2.000000e-01	1.745884e-04	9.683825e-07	9.683825e-07
2.000000e-01	4.000000e-01	1.703236e-04	9.564817e-07	9.564817e-07
4.000000e-01	6.000000e-01	1.655754e-04	9.430551e-07	9.430551e-07
6.000000e-01	8.000000e-01	1.571370e-04	9.187102e-07	9.187102e-07
8.000000e-01	1.000000e+00	1.475493e-04	8.902415e-07	8.902415e-07
1.000000e+00	1.200000e+00	1.356197e-04	8.534943e-07	8.534943e-07
1.200000e+00	1.400000e+00	1.216006e-04	8.081782e-07	8.081782e-07
1.400000e+00	1.600000e+00	1.062709e-04	7.555210e-07	7.555210e-07
1.600000e+00	1.800000e+00	9.125285e-05	7.001037e-07	7.001037e-07
1.800000e+00	2.000000e+00	7.656775e-05	6.413014e-07	6.413014e-07
2.000000e+00	2.200000e+00	6.154960e-05	5.749789e-07	5.749789e-07
2.200000e+00	2.400000e+00	4.792264e-05	5.073522e-07	5.073522e-07
2.400000e+00	2.600000e+00	3.676110e-05	4.443585e-07	4.443585e-07
2.600000e+00	2.800000e+00	2.640526e-05	3.766036e-07	3.766036e-07
2.800000e+00	3.000000e+00	1.807976e-05	3.116273e-07	3.116273e-07
3.000000e+00	3.200000e+00	8.379210e-07	6.708739e-08	6.708739e-08
3.200000e+00	3.400000e+00	5.317575e-07	5.344366e-08	5.344366e-08
3.400000e+00	3.600000e+00	4.404457e-07	4.863909e-08	4.863909e-08
3.600000e+00	3.800000e+00	4.297032e-07	4.804227e-08	4.804227e-08
3.800000e+00	4.000000e+00	4.082179e-07	4.682581e-08	4.682581e-08
4.000000e+00	4.200000e+00	2.900496e-07	3.947075e-08	3.947075e-08
4.200000e+00	4.400000e+00	2.954209e-07	3.983455e-08	3.983455e-08
4.400000e+00	4.600000e+00	2.363367e-07	3.562910e-08	3.562910e-08
4.600000e+00	4.800000e+00	2.309654e-07	3.522190e-08	3.522190e-08
4.800000e+00	5.000000e+00	1.933664e-07	3.222773e-08	3.222773e-08
# END HISTO1D


# BEGIN HISTO1D //ospool/cms-user/youpeng/genvalid/genValidation/mg35xVBS_merged.yoda.gz/MC_TAUS:ENERGY=13600/tau_y_1
ErrorBars=1
LineColor=green
LineStyle=solid
Path=//ospool/cms-user/youpeng/genvalid/genValidation/mg35xVBS_merged.yoda.gz/MC_TAUS:ENERGY=13600/tau_y_1
ScaledBy=5.51937791219804204e-10
Title=VBSZZ@LO(v35x)
# xlow	 xhigh	 val	 errminus	 errplus
-5.000000e+00	-4.800000e+00	9.382940e-08	1.609161e-08	1.609161e-08
-4.800000e+00	-4.600000e+00	1.435038e-07	1.990040e-08	1.990040e-08
-4.600000e+00	-4.400000e+00	1.297054e-07	1.891947e-08	1.891947e-08
-4.400000e+00	-4.200000e+00	1.297054e-07	1.891947e-08	1.891947e-08
-4.200000e+00	-4.000000e+00	1.628216e-07	2.119757e-08	2.119757e-08
-4.000000e+00	-3.800000e+00	1.766201e-07	2.207751e-08	2.207751e-08
-3.800000e+00	-3.600000e+00	2.014573e-07	2.357879e-08	2.357879e-08
-3.600000e+00	-3.400000e+00	1.821394e-07	2.241982e-08	2.241982e-08
-3.400000e+00	-3.200000e+00	2.732092e-07	2.745856e-08	2.745856e-08
-3.200000e+00	-3.000000e+00	4.719068e-07	3.608762e-08	3.608762e-08
-3.000000e+00	-2.800000e+00	9.267035e-06	1.599191e-07	1.599191e-07
-2.800000e+00	-2.600000e+00	1.340657e-05	1.923485e-07	1.923485e-07
-2.600000e+00	-2.400000e+00	1.796833e-05	2.226814e-07	2.226814e-07
-2.400000e+00	-2.200000e+00	2.411692e-05	2.579829e-07	2.579829e-07
-2.200000e+00	-2.000000e+00	3.070982e-05	2.911178e-07	2.911178e-07
-2.000000e+00	-1.800000e+00	3.749866e-05	3.216903e-07	3.216903e-07
-1.800000e+00	-1.600000e+00	4.630206e-05	3.574623e-07	3.574623e-07
-1.600000e+00	-1.400000e+00	5.402920e-05	3.861395e-07	3.861395e-07
-1.400000e+00	-1.200000e+00	6.085390e-05	4.098022e-07	4.098022e-07
-1.200000e+00	-1.000000e+00	6.770895e-05	4.322681e-07	4.322681e-07
-1.000000e+00	-8.000000e-01	7.488415e-05	4.545954e-07	4.545954e-07
-8.000000e-01	-6.000000e-01	7.931900e-05	4.678629e-07	4.678629e-07
-6.000000e-01	-4.000000e-01	8.374275e-05	4.807327e-07	4.807327e-07
-4.000000e-01	-2.000000e-01	8.600020e-05	4.871691e-07	4.871691e-07
-2.000000e-01	0.000000e+00	8.771670e-05	4.920070e-07	4.920070e-07
0.000000e+00	2.000000e-01	8.649140e-05	4.885585e-07	4.885585e-07
2.000000e-01	4.000000e-01	8.592015e-05	4.869424e-07	4.869424e-07
4.000000e-01	6.000000e-01	8.286520e-05	4.782072e-07	4.782072e-07
6.000000e-01	8.000000e-01	8.016895e-05	4.703631e-07	4.703631e-07
8.000000e-01	1.000000e+00	7.432395e-05	4.528918e-07	4.528918e-07
1.000000e+00	1.200000e+00	6.829680e-05	4.341404e-07	4.341404e-07
1.200000e+00	1.400000e+00	6.180045e-05	4.129771e-07	4.129771e-07
1.400000e+00	1.600000e+00	5.437140e-05	3.873605e-07	3.873605e-07
1.600000e+00	1.800000e+00	4.605369e-05	3.565022e-07	3.565022e-07
1.800000e+00	2.000000e+00	3.811959e-05	3.243427e-07	3.243427e-07
2.000000e+00	2.200000e+00	3.055251e-05	2.903712e-07	2.903712e-07
2.200000e+00	2.400000e+00	2.372505e-05	2.558784e-07	2.558784e-07
2.400000e+00	2.600000e+00	1.846232e-05	2.257216e-07	2.257216e-07
2.600000e+00	2.800000e+00	1.332930e-05	1.917934e-07	1.917934e-07
2.800000e+00	3.000000e+00	9.209080e-06	1.594183e-07	1.594183e-07
3.000000e+00	3.200000e+00	4.857052e-07	3.661141e-08	3.661141e-08
3.200000e+00	3.400000e+00	2.980464e-07	2.867953e-08	2.867953e-08
3.400000e+00	3.600000e+00	2.069766e-07	2.389961e-08	2.389961e-08
3.600000e+00	3.800000e+00	2.180155e-07	2.452865e-08	2.452865e-08
3.800000e+00	4.000000e+00	1.517829e-07	2.046640e-08	2.046640e-08
4.000000e+00	4.200000e+00	1.986976e-07	2.341674e-08	2.341674e-08
4.200000e+00	4.400000e+00	1.545426e-07	2.065162e-08	2.065162e-08
4.400000e+00	4.600000e+00	1.628217e-07	2.119757e-08	2.119757e-08
4.600000e+00	4.800000e+00	1.352247e-07	1.931782e-08	1.931782e-08
4.800000e+00	5.000000e+00	1.159069e-07	1.788483e-08	1.788483e-08
# END HISTO1D

