# BEGIN PLOT
Legend=1
LogY=1
Title=Transverse momentum of second tau
XLabel=$p_\perp(\tau\mathrm{2})$ [GeV]
YLabel=$\mathrm{d}\sigma/\mathrm{d}p_\perp(\tau\mathrm{2})$ [pb/GeV]
LogX=1
LegendXPos=0.05
LegendYPos=0.5
RemoveOptions=1
DrawOnly=//ospool/cms-user/youpeng/genvalid/genValidation/masterVBS_merged.yoda.gz/MC_TAUS:ENERGY=13600/tau_pt_2 //ospool/cms-user/youpeng/genvalid/genValidation/mg352VBS_merged.yoda.gz/MC_TAUS:ENERGY=13600/tau_pt_2 //ospool/cms-user/youpeng/genvalid/genValidation/mg35xVBS_merged.yoda.gz/MC_TAUS:ENERGY=13600/tau_pt_2
LegendOnly=//ospool/cms-user/youpeng/genvalid/genValidation/masterVBS_merged.yoda.gz/MC_TAUS:ENERGY=13600/tau_pt_2 //ospool/cms-user/youpeng/genvalid/genValidation/mg352VBS_merged.yoda.gz/MC_TAUS:ENERGY=13600/tau_pt_2 //ospool/cms-user/youpeng/genvalid/genValidation/mg35xVBS_merged.yoda.gz/MC_TAUS:ENERGY=13600/tau_pt_2
RatioPlot=1
RatioPlotReference=//ospool/cms-user/youpeng/genvalid/genValidation/masterVBS_merged.yoda.gz/MC_TAUS:ENERGY=13600/tau_pt_2
RatioPlotYLabel=Ratio
# END PLOT

# BEGIN HISTO1D //ospool/cms-user/youpeng/genvalid/genValidation/masterVBS_merged.yoda.gz/MC_TAUS:ENERGY=13600/tau_pt_2
ErrorBars=1
LineColor=red
LineStyle=solid
Path=//ospool/cms-user/youpeng/genvalid/genValidation/masterVBS_merged.yoda.gz/MC_TAUS:ENERGY=13600/tau_pt_2
ScaledBy=1.07182617187499956e-09
Title=VBSZZ@LO(v2918)
# xlow	 xhigh	 val	 errminus	 errplus
1.000000e+00	1.167099e+00	4.618309e-07	5.442730e-08	5.442730e-08
1.167099e+00	1.362120e+00	3.572369e-07	4.430979e-08	4.430979e-08
1.362120e+00	1.589730e+00	3.861419e-07	4.264223e-08	4.264223e-08
1.589730e+00	1.855372e+00	6.294370e-07	5.039529e-08	5.039529e-08
1.855372e+00	2.165403e+00	6.534027e-07	4.752806e-08	4.752806e-08
2.165403e+00	2.527240e+00	7.405448e-07	4.683617e-08	4.683617e-08
2.527240e+00	2.949540e+00	8.477147e-07	4.638489e-08	4.638489e-08
2.949540e+00	3.442405e+00	1.211300e-06	5.132441e-08	5.132441e-08
3.442405e+00	4.017629e+00	1.330410e-06	4.978935e-08	4.978935e-08
4.017629e+00	4.688971e+00	1.555033e-06	4.982645e-08	4.982645e-08
4.688971e+00	5.472494e+00	2.036889e-06	5.278614e-08	5.278614e-08
5.472494e+00	6.386943e+00	2.461411e-06	5.371240e-08	5.371240e-08
6.386943e+00	7.454196e+00	3.029928e-06	5.516259e-08	5.516259e-08
7.454196e+00	8.699785e+00	3.722512e-06	5.659693e-08	5.659693e-08
8.699785e+00	1.015351e+01	4.535110e-06	5.782491e-08	5.782491e-08
1.015351e+01	1.185016e+01	5.388664e-06	5.834540e-08	5.834540e-08
1.185016e+01	1.383031e+01	6.326001e-06	5.851643e-08	5.851643e-08
1.383031e+01	1.614134e+01	7.362622e-06	5.843535e-08	5.843535e-08
1.614134e+01	1.883854e+01	8.341899e-06	5.757556e-08	5.757556e-08
1.883854e+01	2.198645e+01	9.384195e-06	5.652617e-08	5.652617e-08
2.198645e+01	2.566036e+01	1.011462e-05	5.432163e-08	5.432163e-08
2.566036e+01	2.994819e+01	1.059845e-05	5.147124e-08	5.147124e-08
2.994819e+01	3.495251e+01	1.075184e-05	4.798783e-08	4.798783e-08
3.495251e+01	4.079304e+01	1.017353e-05	4.320877e-08	4.320877e-08
4.079304e+01	4.760952e+01	8.646807e-06	3.687313e-08	3.687313e-08
4.760952e+01	5.556503e+01	6.398883e-06	2.936164e-08	2.936164e-08
5.556503e+01	6.484990e+01	4.769896e-06	2.346544e-08	2.346544e-08
6.484990e+01	7.568627e+01	3.463732e-06	1.850940e-08	1.850940e-08
7.568627e+01	8.833338e+01	2.415762e-06	1.430848e-08	1.430848e-08
8.833338e+01	1.030938e+02	1.624032e-06	1.085951e-08	1.085951e-08
1.030938e+02	1.203207e+02	1.040288e-06	8.045173e-09	8.045173e-09
1.203207e+02	1.404262e+02	6.357231e-07	5.821552e-09	5.821552e-09
1.404262e+02	1.638913e+02	3.850610e-07	4.193878e-09	4.193878e-09
1.638913e+02	1.912774e+02	2.179964e-07	2.920934e-09	2.920934e-09
1.912774e+02	2.232397e+02	1.186100e-07	1.994361e-09	1.994361e-09
2.232397e+02	2.605428e+02	5.962076e-08	1.308846e-09	1.308846e-09
2.605428e+02	3.040793e+02	2.961669e-08	8.538934e-10	8.538934e-10
3.040793e+02	3.548907e+02	1.352139e-08	5.340627e-10	5.340627e-10
3.548907e+02	4.141926e+02	6.380143e-09	3.395808e-10	3.395808e-10
4.141926e+02	4.834039e+02	2.694615e-09	2.042782e-10	2.042782e-10
4.834039e+02	5.641803e+02	1.300367e-09	1.313569e-10	1.313569e-10
5.641803e+02	6.584543e+02	3.979243e-10	6.726149e-11	6.726149e-11
6.584543e+02	7.684814e+02	1.071562e-10	3.230881e-11	3.230881e-11
7.684814e+02	8.968940e+02	1.001608e-10	2.891395e-11	2.891395e-11
8.968940e+02	1.046764e+03	7.151705e-12	7.151705e-12	7.151705e-12
1.046764e+03	1.221678e+03	6.127731e-12	6.127731e-12	6.127731e-12
1.221678e+03	1.425819e+03	0.000000e+00	0.000000e+00	0.000000e+00
1.425819e+03	1.664072e+03	0.000000e+00	0.000000e+00	0.000000e+00
1.664072e+03	1.942137e+03	0.000000e+00	0.000000e+00	0.000000e+00
1.942137e+03	2.266667e+03	0.000000e+00	0.000000e+00	0.000000e+00
# END HISTO1D


# BEGIN HISTO1D //ospool/cms-user/youpeng/genvalid/genValidation/mg352VBS_merged.yoda.gz/MC_TAUS:ENERGY=13600/tau_pt_2
ErrorBars=1
LineColor=blue
LineStyle=solid
Path=//ospool/cms-user/youpeng/genvalid/genValidation/mg352VBS_merged.yoda.gz/MC_TAUS:ENERGY=13600/tau_pt_2
ScaledBy=1.07425781250000051e-09
Title=VBSZZ@LO(v352)
# xlow	 xhigh	 val	 errminus	 errplus
1.000000e+00	1.167099e+00	4.243055e-07	5.222839e-08	5.222839e-08
1.167099e+00	1.362120e+00	3.470305e-07	4.372174e-08	4.372174e-08
1.362120e+00	1.589730e+00	4.625337e-07	4.672294e-08	4.672294e-08
1.589730e+00	1.855372e+00	6.510849e-07	5.131268e-08	5.131268e-08
1.855372e+00	2.165403e+00	5.717251e-07	4.450874e-08	4.450874e-08
2.165403e+00	2.527240e+00	6.828470e-07	4.502560e-08	4.502560e-08
2.527240e+00	2.949540e+00	8.674447e-07	4.697477e-08	4.697477e-08
2.949540e+00	3.442405e+00	1.150839e-06	5.008383e-08	5.008383e-08
3.442405e+00	4.017629e+00	1.456687e-06	5.215775e-08	5.215775e-08
4.017629e+00	4.688971e+00	1.614566e-06	5.082885e-08	5.082885e-08
4.688971e+00	5.472494e+00	2.070302e-06	5.327767e-08	5.327767e-08
5.472494e+00	6.386943e+00	2.455248e-06	5.370592e-08	5.370592e-08
6.386943e+00	7.454196e+00	3.016671e-06	5.510417e-08	5.510417e-08
7.454196e+00	8.699785e+00	3.743894e-06	5.682359e-08	5.682359e-08
8.699785e+00	1.015351e+01	4.527664e-06	5.784292e-08	5.784292e-08
1.015351e+01	1.185016e+01	5.329342e-06	5.808914e-08	5.808914e-08
1.185016e+01	1.383031e+01	6.271995e-06	5.833217e-08	5.833217e-08
1.383031e+01	1.614134e+01	7.364452e-06	5.850885e-08	5.850885e-08
1.614134e+01	1.883854e+01	8.471949e-06	5.808839e-08	5.808839e-08
1.883854e+01	2.198645e+01	9.360439e-06	5.651857e-08	5.651857e-08
2.198645e+01	2.566036e+01	1.024547e-05	5.473383e-08	5.473383e-08
2.566036e+01	2.994819e+01	1.067561e-05	5.171682e-08	5.171682e-08
2.994819e+01	3.495251e+01	1.078912e-05	4.812544e-08	4.812544e-08
3.495251e+01	4.079304e+01	1.019404e-05	4.330134e-08	4.330134e-08
4.079304e+01	4.760952e+01	8.679979e-06	3.698567e-08	3.698567e-08
4.760952e+01	5.556503e+01	6.421637e-06	2.944714e-08	2.944714e-08
5.556503e+01	6.484990e+01	4.779213e-06	2.351497e-08	2.351497e-08
6.484990e+01	7.568627e+01	3.445419e-06	1.848134e-08	1.848134e-08
7.568627e+01	8.833338e+01	2.424385e-06	1.435025e-08	1.435025e-08
8.833338e+01	1.030938e+02	1.634121e-06	1.090553e-08	1.090553e-08
1.030938e+02	1.203207e+02	1.037971e-06	8.045320e-09	8.045320e-09
1.203207e+02	1.404262e+02	6.348676e-07	5.824228e-09	5.824228e-09
1.404262e+02	1.638913e+02	3.776482e-07	4.158022e-09	4.158022e-09
1.638913e+02	1.912774e+02	2.135485e-07	2.894259e-09	2.894259e-09
1.912774e+02	2.232397e+02	1.146106e-07	1.962672e-09	1.962672e-09
2.232397e+02	2.605428e+02	6.073517e-08	1.322519e-09	1.322519e-09
2.605428e+02	3.040793e+02	3.035010e-08	8.653815e-10	8.653815e-10
3.040793e+02	3.548907e+02	1.372120e-08	5.386042e-10	5.386042e-10
3.548907e+02	4.141926e+02	5.724361e-09	3.220204e-10	3.220204e-10
4.141926e+02	4.834039e+02	2.716249e-09	2.053291e-10	2.053291e-10
4.834039e+02	5.641803e+02	9.442399e-10	1.120607e-10	1.120607e-10
5.641803e+02	6.584543e+02	3.988270e-10	6.741408e-11	6.741408e-11
6.584543e+02	7.684814e+02	1.562172e-10	3.905430e-11	3.905430e-11
7.684814e+02	8.968940e+02	7.529105e-11	2.509702e-11	2.509702e-11
8.968940e+02	1.046764e+03	7.167932e-12	7.167931e-12	7.167931e-12
1.046764e+03	1.221678e+03	0.000000e+00	0.000000e+00	0.000000e+00
1.221678e+03	1.425819e+03	0.000000e+00	0.000000e+00	0.000000e+00
1.425819e+03	1.664072e+03	0.000000e+00	0.000000e+00	0.000000e+00
1.664072e+03	1.942137e+03	0.000000e+00	0.000000e+00	0.000000e+00
1.942137e+03	2.266667e+03	0.000000e+00	0.000000e+00	0.000000e+00
# END HISTO1D


# BEGIN HISTO1D //ospool/cms-user/youpeng/genvalid/genValidation/mg35xVBS_merged.yoda.gz/MC_TAUS:ENERGY=13600/tau_pt_2
ErrorBars=1
LineColor=green
LineStyle=solid
Path=//ospool/cms-user/youpeng/genvalid/genValidation/mg35xVBS_merged.yoda.gz/MC_TAUS:ENERGY=13600/tau_pt_2
ScaledBy=5.51937791219804204e-10
Title=VBSZZ@LO(v35x)
# xlow	 xhigh	 val	 errminus	 errplus
1.000000e+00	1.167099e+00	1.981835e-07	2.558538e-08	2.558538e-08
1.167099e+00	1.362120e+00	1.839595e-07	2.281736e-08	2.281736e-08
1.362120e+00	1.589730e+00	2.352180e-07	2.388277e-08	2.388277e-08
1.589730e+00	1.855372e+00	2.721853e-07	2.378094e-08	2.378094e-08
1.855372e+00	2.165403e+00	3.400308e-07	2.460377e-08	2.460377e-08
2.165403e+00	2.527240e+00	3.538875e-07	2.323385e-08	2.323385e-08
2.527240e+00	2.949540e+00	4.626711e-07	2.459069e-08	2.459069e-08
2.949540e+00	3.442405e+00	5.834450e-07	2.556119e-08	2.556119e-08
3.442405e+00	4.017629e+00	6.236868e-07	2.446301e-08	2.446301e-08
4.017629e+00	4.688971e+00	8.229631e-07	2.601138e-08	2.601138e-08
4.688971e+00	5.472494e+00	1.000996e-06	2.655433e-08	2.655433e-08
5.472494e+00	6.386943e+00	1.231291e-06	2.726125e-08	2.726125e-08
6.386943e+00	7.454196e+00	1.516823e-06	2.800779e-08	2.800779e-08
7.454196e+00	8.699785e+00	1.827401e-06	2.845605e-08	2.845605e-08
8.699785e+00	1.015351e+01	2.234746e-06	2.912850e-08	2.912850e-08
1.015351e+01	1.185016e+01	2.716666e-06	2.972810e-08	2.972810e-08
1.185016e+01	1.383031e+01	3.170336e-06	2.972683e-08	2.972683e-08
1.383031e+01	1.614134e+01	3.721651e-06	2.981330e-08	2.981330e-08
1.614134e+01	1.883854e+01	4.249626e-06	2.948926e-08	2.948926e-08
1.883854e+01	2.198645e+01	4.757356e-06	2.888130e-08	2.888130e-08
2.198645e+01	2.566036e+01	5.142731e-06	2.779571e-08	2.779571e-08
2.566036e+01	2.994819e+01	5.358307e-06	2.626274e-08	2.626274e-08
2.994819e+01	3.495251e+01	5.434982e-06	2.448339e-08	2.448339e-08
3.495251e+01	4.079304e+01	5.175837e-06	2.211614e-08	2.211614e-08
4.079304e+01	4.760952e+01	4.360212e-06	1.878966e-08	1.878966e-08
4.760952e+01	5.556503e+01	3.218865e-06	1.494385e-08	1.494385e-08
5.556503e+01	6.484990e+01	2.405317e-06	1.195758e-08	1.195758e-08
6.484990e+01	7.568627e+01	1.749985e-06	9.441049e-09	9.441049e-09
7.568627e+01	8.833338e+01	1.214846e-06	7.281319e-09	7.281319e-09
8.833338e+01	1.030938e+02	8.072419e-07	5.494113e-09	5.494113e-09
1.030938e+02	1.203207e+02	5.272387e-07	4.110031e-09	4.110031e-09
1.203207e+02	1.404262e+02	3.215187e-07	2.970919e-09	2.970919e-09
1.404262e+02	1.638913e+02	1.879615e-07	2.102656e-09	2.102656e-09
1.638913e+02	1.912774e+02	1.087910e-07	1.480732e-09	1.480732e-09
1.912774e+02	2.232397e+02	5.727929e-08	9.945457e-10	9.945457e-10
2.232397e+02	2.605428e+02	2.965124e-08	6.623600e-10	6.623600e-10
2.605428e+02	3.040793e+02	1.537791e-08	4.415369e-10	4.415369e-10
3.040793e+02	3.548907e+02	6.875949e-09	2.732945e-10	2.732945e-10
3.548907e+02	4.141926e+02	2.885248e-09	1.638711e-10	1.638711e-10
4.141926e+02	4.834039e+02	1.555063e-09	1.113603e-10	1.113603e-10
4.834039e+02	5.641803e+02	4.714708e-10	5.675841e-11	5.675841e-11
5.641803e+02	6.584543e+02	1.932023e-10	3.363220e-11	3.363220e-11
6.584543e+02	7.684814e+02	7.022933e-11	1.876958e-11	1.876958e-11
7.684814e+02	8.968940e+02	1.289447e-11	7.444630e-12	7.444630e-12
8.968940e+02	1.046764e+03	0.000000e+00	0.000000e+00	0.000000e+00
1.046764e+03	1.221678e+03	3.155481e-12	3.155481e-12	3.155481e-12
1.221678e+03	1.425819e+03	0.000000e+00	0.000000e+00	0.000000e+00
1.425819e+03	1.664072e+03	0.000000e+00	0.000000e+00	0.000000e+00
1.664072e+03	1.942137e+03	0.000000e+00	0.000000e+00	0.000000e+00
1.942137e+03	2.266667e+03	0.000000e+00	0.000000e+00	0.000000e+00
# END HISTO1D

