# BEGIN PLOT
Legend=1
LogY=1
Title=Pseudorapidity of second tau
XLabel=$\eta(\tau\mathrm{2})$
YLabel=$\mathrm{d}\sigma/\mathrm{d}\eta(\tau\mathrm{2})$ [pb]
LegendYPos=0.5
LegendXPos=0.30
RemoveOptions=1
DrawOnly=//ospool/cms-user/youpeng/genvalid/genValidation/masterVBS_merged.yoda.gz/MC_TAUS:ENERGY=13600/tau_eta_2 //ospool/cms-user/youpeng/genvalid/genValidation/mg352VBS_merged.yoda.gz/MC_TAUS:ENERGY=13600/tau_eta_2 //ospool/cms-user/youpeng/genvalid/genValidation/mg35xVBS_merged.yoda.gz/MC_TAUS:ENERGY=13600/tau_eta_2
LegendOnly=//ospool/cms-user/youpeng/genvalid/genValidation/masterVBS_merged.yoda.gz/MC_TAUS:ENERGY=13600/tau_eta_2 //ospool/cms-user/youpeng/genvalid/genValidation/mg352VBS_merged.yoda.gz/MC_TAUS:ENERGY=13600/tau_eta_2 //ospool/cms-user/youpeng/genvalid/genValidation/mg35xVBS_merged.yoda.gz/MC_TAUS:ENERGY=13600/tau_eta_2
RatioPlot=1
RatioPlotReference=//ospool/cms-user/youpeng/genvalid/genValidation/masterVBS_merged.yoda.gz/MC_TAUS:ENERGY=13600/tau_eta_2
RatioPlotYLabel=Ratio
# END PLOT

# BEGIN HISTO1D //ospool/cms-user/youpeng/genvalid/genValidation/masterVBS_merged.yoda.gz/MC_TAUS:ENERGY=13600/tau_eta_2
ErrorBars=1
LineColor=red
LineStyle=solid
Path=//ospool/cms-user/youpeng/genvalid/genValidation/masterVBS_merged.yoda.gz/MC_TAUS:ENERGY=13600/tau_eta_2
ScaledBy=1.07182617187499956e-09
Title=VBSZZ@LO(v2918)
# xlow	 xhigh	 val	 errminus	 errplus
-5.000000e+00	-4.800000e+00	1.071826e-08	7.578956e-09	7.578956e-09
-4.800000e+00	-4.600000e+00	1.071826e-08	7.578956e-09	7.578956e-09
-4.600000e+00	-4.400000e+00	1.071826e-08	7.578956e-09	7.578956e-09
-4.400000e+00	-4.200000e+00	2.679565e-08	1.198338e-08	1.198338e-08
-4.200000e+00	-4.000000e+00	4.287304e-08	1.515791e-08	1.515791e-08
-4.000000e+00	-3.800000e+00	5.359130e-08	1.694706e-08	1.694706e-08
-3.800000e+00	-3.600000e+00	6.966870e-08	1.932262e-08	1.932262e-08
-3.600000e+00	-3.400000e+00	1.286191e-07	2.625427e-08	2.625427e-08
-3.400000e+00	-3.200000e+00	3.108296e-07	4.081393e-08	4.081393e-08
-3.200000e+00	-3.000000e+00	1.677408e-06	9.481271e-08	9.481271e-08
-3.000000e+00	-2.800000e+00	2.543979e-05	3.692359e-07	3.692359e-07
-2.800000e+00	-2.600000e+00	3.430380e-05	4.287640e-07	4.287640e-07
-2.600000e+00	-2.400000e+00	4.316780e-05	4.809801e-07	4.809801e-07
-2.400000e+00	-2.200000e+00	5.441125e-05	5.399972e-07	5.399972e-07
-2.200000e+00	-2.000000e+00	6.657650e-05	5.973207e-07	5.973207e-07
-2.000000e+00	-1.800000e+00	7.988320e-05	6.542970e-07	6.542970e-07
-1.800000e+00	-1.600000e+00	9.250930e-05	7.041090e-07	7.041090e-07
-1.600000e+00	-1.400000e+00	1.066735e-04	7.560934e-07	7.560934e-07
-1.400000e+00	-1.200000e+00	1.178152e-04	7.945985e-07	7.945985e-07
-1.200000e+00	-1.000000e+00	1.298678e-04	8.342534e-07	8.342534e-07
-1.000000e+00	-8.000000e-01	1.401252e-04	8.665733e-07	8.665733e-07
-8.000000e-01	-6.000000e-01	1.499270e-04	8.963698e-07	8.963698e-07
-6.000000e-01	-4.000000e-01	1.559025e-04	9.140578e-07	9.140578e-07
-4.000000e-01	-2.000000e-01	1.604524e-04	9.273000e-07	9.273000e-07
-2.000000e-01	0.000000e+00	1.619904e-04	9.317339e-07	9.317339e-07
0.000000e+00	2.000000e-01	1.645199e-04	9.389803e-07	9.389803e-07
2.000000e-01	4.000000e-01	1.603773e-04	9.270832e-07	9.270832e-07
4.000000e-01	6.000000e-01	1.565295e-04	9.158941e-07	9.158941e-07
6.000000e-01	8.000000e-01	1.494769e-04	8.950230e-07	8.950230e-07
8.000000e-01	1.000000e+00	1.396107e-04	8.649809e-07	8.649809e-07
1.000000e+00	1.200000e+00	1.291390e-04	8.319091e-07	8.319091e-07
1.200000e+00	1.400000e+00	1.198784e-04	8.015260e-07	8.015260e-07
1.400000e+00	1.600000e+00	1.045352e-04	7.484770e-07	7.484770e-07
1.600000e+00	1.800000e+00	9.273440e-05	7.049651e-07	7.049651e-07
1.800000e+00	2.000000e+00	8.015115e-05	6.553934e-07	6.553934e-07
2.000000e+00	2.200000e+00	6.675335e-05	5.981135e-07	5.981135e-07
2.200000e+00	2.400000e+00	5.407365e-05	5.383194e-07	5.383194e-07
2.400000e+00	2.600000e+00	4.428250e-05	4.871506e-07	4.871506e-07
2.600000e+00	2.800000e+00	3.396617e-05	4.266487e-07	4.266487e-07
2.800000e+00	3.000000e+00	2.656521e-05	3.773148e-07	3.773148e-07
3.000000e+00	3.200000e+00	1.516634e-06	9.015453e-08	9.015453e-08
3.200000e+00	3.400000e+00	2.893931e-07	3.938141e-08	3.938141e-08
3.400000e+00	3.600000e+00	1.339782e-07	2.679565e-08	2.679565e-08
3.600000e+00	3.800000e+00	1.018235e-07	2.335991e-08	2.335991e-08
3.800000e+00	4.000000e+00	3.751391e-08	1.417893e-08	1.417893e-08
4.000000e+00	4.200000e+00	2.679565e-08	1.198338e-08	1.198338e-08
4.200000e+00	4.400000e+00	2.143652e-08	1.071826e-08	1.071826e-08
4.400000e+00	4.600000e+00	1.607740e-08	9.282287e-09	9.282287e-09
4.600000e+00	4.800000e+00	5.359130e-09	5.359130e-09	5.359130e-09
4.800000e+00	5.000000e+00	2.679565e-08	1.198338e-08	1.198338e-08
# END HISTO1D


# BEGIN HISTO1D //ospool/cms-user/youpeng/genvalid/genValidation/mg352VBS_merged.yoda.gz/MC_TAUS:ENERGY=13600/tau_eta_2
ErrorBars=1
LineColor=blue
LineStyle=solid
Path=//ospool/cms-user/youpeng/genvalid/genValidation/mg352VBS_merged.yoda.gz/MC_TAUS:ENERGY=13600/tau_eta_2
ScaledBy=1.07425781250000051e-09
Title=VBSZZ@LO(v352)
# xlow	 xhigh	 val	 errminus	 errplus
-5.000000e+00	-4.800000e+00	1.074258e-08	7.596150e-09	7.596150e-09
-4.800000e+00	-4.600000e+00	1.611386e-08	9.303346e-09	9.303346e-09
-4.600000e+00	-4.400000e+00	1.611387e-08	9.303346e-09	9.303346e-09
-4.400000e+00	-4.200000e+00	5.371290e-08	1.698551e-08	1.698551e-08
-4.200000e+00	-4.000000e+00	4.834160e-08	1.611387e-08	1.611387e-08
-4.000000e+00	-3.800000e+00	5.908420e-08	1.781455e-08	1.781455e-08
-3.800000e+00	-3.600000e+00	1.020545e-07	2.341291e-08	2.341291e-08
-3.600000e+00	-3.400000e+00	1.503961e-07	2.842219e-08	2.842219e-08
-3.400000e+00	-3.200000e+00	3.007922e-07	4.019505e-08	4.019505e-08
-3.200000e+00	-3.000000e+00	1.563045e-06	9.162733e-08	9.162733e-08
-3.000000e+00	-2.800000e+00	2.500335e-05	3.664700e-07	3.664700e-07
-2.800000e+00	-2.600000e+00	3.361353e-05	4.249094e-07	4.249094e-07
-2.600000e+00	-2.400000e+00	4.309922e-05	4.811428e-07	4.811428e-07
-2.400000e+00	-2.200000e+00	5.359470e-05	5.365377e-07	5.365377e-07
-2.200000e+00	-2.000000e+00	6.738280e-05	6.016083e-07	6.016083e-07
-2.000000e+00	-1.800000e+00	7.805555e-05	6.475021e-07	6.475021e-07
-1.800000e+00	-1.600000e+00	9.160195e-05	7.014419e-07	7.014419e-07
-1.600000e+00	-1.400000e+00	1.061581e-04	7.551200e-07	7.551200e-07
-1.400000e+00	-1.200000e+00	1.194951e-04	8.011507e-07	8.011507e-07
-1.200000e+00	-1.000000e+00	1.302592e-04	8.364565e-07	8.364565e-07
-1.000000e+00	-8.000000e-01	1.426346e-04	8.752894e-07	8.752894e-07
-8.000000e-01	-6.000000e-01	1.496978e-04	8.966996e-07	8.966996e-07
-6.000000e-01	-4.000000e-01	1.559124e-04	9.151232e-07	9.151232e-07
-4.000000e-01	-2.000000e-01	1.618799e-04	9.324718e-07	9.324718e-07
-2.000000e-01	0.000000e+00	1.628575e-04	9.352831e-07	9.352831e-07
0.000000e+00	2.000000e-01	1.639156e-04	9.383167e-07	9.383167e-07
2.000000e-01	4.000000e-01	1.611172e-04	9.302725e-07	9.302725e-07
4.000000e-01	6.000000e-01	1.550530e-04	9.125977e-07	9.125977e-07
6.000000e-01	8.000000e-01	1.503531e-04	8.986601e-07	8.986601e-07
8.000000e-01	1.000000e+00	1.418826e-04	8.729791e-07	8.729791e-07
1.000000e+00	1.200000e+00	1.329985e-04	8.452060e-07	8.452060e-07
1.200000e+00	1.400000e+00	1.199678e-04	8.027338e-07	8.027338e-07
1.400000e+00	1.600000e+00	1.061742e-04	7.551773e-07	7.551773e-07
1.600000e+00	1.800000e+00	9.250435e-05	7.048883e-07	7.048883e-07
1.800000e+00	2.000000e+00	7.879680e-05	6.505694e-07	6.505694e-07
2.000000e+00	2.200000e+00	6.558345e-05	5.935213e-07	5.935213e-07
2.200000e+00	2.400000e+00	5.531355e-05	5.450734e-07	5.450734e-07
2.400000e+00	2.600000e+00	4.329796e-05	4.822508e-07	4.822508e-07
2.600000e+00	2.800000e+00	3.452128e-05	4.306086e-07	4.306086e-07
2.800000e+00	3.000000e+00	2.581441e-05	3.723663e-07	3.723663e-07
3.000000e+00	3.200000e+00	1.536188e-06	9.083674e-08	9.083674e-08
3.200000e+00	3.400000e+00	2.524506e-07	3.682370e-08	3.682370e-08
3.400000e+00	3.600000e+00	1.396535e-07	2.738831e-08	2.738831e-08
3.600000e+00	3.800000e+00	8.594065e-08	2.148516e-08	2.148516e-08
3.800000e+00	4.000000e+00	2.148515e-08	1.074258e-08	1.074258e-08
4.000000e+00	4.200000e+00	5.371290e-08	1.698551e-08	1.698551e-08
4.200000e+00	4.400000e+00	2.148515e-08	1.074258e-08	1.074258e-08
4.400000e+00	4.600000e+00	2.148516e-08	1.074258e-08	1.074258e-08
4.600000e+00	4.800000e+00	5.371290e-09	5.371289e-09	5.371289e-09
4.800000e+00	5.000000e+00	5.371290e-09	5.371289e-09	5.371289e-09
# END HISTO1D


# BEGIN HISTO1D //ospool/cms-user/youpeng/genvalid/genValidation/mg35xVBS_merged.yoda.gz/MC_TAUS:ENERGY=13600/tau_eta_2
ErrorBars=1
LineColor=green
LineStyle=solid
Path=//ospool/cms-user/youpeng/genvalid/genValidation/mg35xVBS_merged.yoda.gz/MC_TAUS:ENERGY=13600/tau_eta_2
ScaledBy=5.51937791219804204e-10
Title=VBSZZ@LO(v35x)
# xlow	 xhigh	 val	 errminus	 errplus
-5.000000e+00	-4.800000e+00	0.000000e+00	0.000000e+00	0.000000e+00
-4.800000e+00	-4.600000e+00	1.655813e-08	6.759830e-09	6.759830e-09
-4.600000e+00	-4.400000e+00	1.103876e-08	5.519377e-09	5.519377e-09
-4.400000e+00	-4.200000e+00	8.279065e-09	4.779922e-09	4.779922e-09
-4.200000e+00	-4.000000e+00	1.655813e-08	6.759830e-09	6.759830e-09
-4.000000e+00	-3.800000e+00	2.483720e-08	8.279067e-09	8.279067e-09
-3.800000e+00	-3.600000e+00	3.587596e-08	9.950200e-09	9.950200e-09
-3.600000e+00	-3.400000e+00	7.451160e-08	1.433976e-08	1.433976e-08
-3.400000e+00	-3.200000e+00	1.241860e-07	1.851256e-08	1.851256e-08
-3.200000e+00	-3.000000e+00	8.141080e-07	4.739921e-08	4.739921e-08
-3.000000e+00	-2.800000e+00	1.288774e-05	1.885900e-07	1.885900e-07
-2.800000e+00	-2.600000e+00	1.717907e-05	2.177358e-07	2.177358e-07
-2.600000e+00	-2.400000e+00	2.160008e-05	2.441506e-07	2.441506e-07
-2.400000e+00	-2.200000e+00	2.758033e-05	2.758861e-07	2.758861e-07
-2.200000e+00	-2.000000e+00	3.331772e-05	3.032269e-07	3.032269e-07
-2.000000e+00	-1.800000e+00	3.961534e-05	3.306448e-07	3.306448e-07
-1.800000e+00	-1.600000e+00	4.702510e-05	3.602425e-07	3.602425e-07
-1.600000e+00	-1.400000e+00	5.290050e-05	3.820849e-07	3.820849e-07
-1.400000e+00	-1.200000e+00	6.029370e-05	4.079115e-07	4.079115e-07
-1.200000e+00	-1.000000e+00	6.619115e-05	4.273955e-07	4.273955e-07
-1.000000e+00	-8.000000e-01	7.051280e-05	4.411274e-07	4.411274e-07
-8.000000e-01	-6.000000e-01	7.521530e-05	4.555995e-07	4.555995e-07
-6.000000e-01	-4.000000e-01	7.818750e-05	4.645139e-07	4.645139e-07
-4.000000e-01	-2.000000e-01	8.174475e-05	4.749632e-07	4.749632e-07
-2.000000e-01	0.000000e+00	8.227735e-05	4.765081e-07	4.765081e-07
0.000000e+00	2.000000e-01	8.252575e-05	4.772268e-07	4.772268e-07
2.000000e-01	4.000000e-01	8.064085e-05	4.717454e-07	4.717454e-07
4.000000e-01	6.000000e-01	7.897125e-05	4.668363e-07	4.668363e-07
6.000000e-01	8.000000e-01	7.545820e-05	4.563344e-07	4.563344e-07
8.000000e-01	1.000000e+00	7.079705e-05	4.420157e-07	4.420157e-07
1.000000e+00	1.200000e+00	6.589310e-05	4.264322e-07	4.264322e-07
1.200000e+00	1.400000e+00	6.045650e-05	4.084619e-07	4.084619e-07
1.400000e+00	1.600000e+00	5.304950e-05	3.826227e-07	3.826227e-07
1.600000e+00	1.800000e+00	4.738662e-05	3.616246e-07	3.616246e-07
1.800000e+00	2.000000e+00	3.973952e-05	3.311627e-07	3.311627e-07
2.000000e+00	2.200000e+00	3.349986e-05	3.040546e-07	3.040546e-07
2.200000e+00	2.400000e+00	2.723261e-05	2.741414e-07	2.741414e-07
2.400000e+00	2.600000e+00	2.155869e-05	2.439165e-07	2.439165e-07
2.600000e+00	2.800000e+00	1.727014e-05	2.183122e-07	2.183122e-07
2.800000e+00	3.000000e+00	1.324926e-05	1.912168e-07	1.912168e-07
3.000000e+00	3.200000e+00	7.754725e-07	4.626082e-08	4.626082e-08
3.200000e+00	3.400000e+00	1.048682e-07	1.701186e-08	1.701186e-08
3.400000e+00	3.600000e+00	8.555035e-08	1.536530e-08	1.536530e-08
3.600000e+00	3.800000e+00	2.483720e-08	8.279067e-09	8.279067e-09
3.800000e+00	4.000000e+00	3.587595e-08	9.950200e-09	9.950200e-09
4.000000e+00	4.200000e+00	3.035658e-08	9.152853e-09	9.152853e-09
4.200000e+00	4.400000e+00	5.519380e-09	3.902790e-09	3.902790e-09
4.400000e+00	4.600000e+00	8.279065e-09	4.779922e-09	4.779922e-09
4.600000e+00	4.800000e+00	0.000000e+00	0.000000e+00	0.000000e+00
4.800000e+00	5.000000e+00	2.759689e-09	2.759689e-09	2.759689e-09
# END HISTO1D

