# BEGIN PLOT
Legend=1
LogY=1
Title=Pseudorapidity separation between taus
LegendXPos=0.1
XLabel=$\Delta\phi(\tau\mathrm{1,~}\tau\mathrm{2})$
YLabel=$\mathrm{d}\sigma/\mathrm{d}\Delta\phi(\tau\mathrm{1,~}\tau\mathrm{2})$ [pb]
RemoveOptions=1
DrawOnly=//ospool/cms-user/youpeng/genvalid/genValidation/masterVBS_merged.yoda.gz/MC_TAUS:ENERGY=13600/taus_dphi_12 //ospool/cms-user/youpeng/genvalid/genValidation/mg352VBS_merged.yoda.gz/MC_TAUS:ENERGY=13600/taus_dphi_12 //ospool/cms-user/youpeng/genvalid/genValidation/mg35xVBS_merged.yoda.gz/MC_TAUS:ENERGY=13600/taus_dphi_12
LegendOnly=//ospool/cms-user/youpeng/genvalid/genValidation/masterVBS_merged.yoda.gz/MC_TAUS:ENERGY=13600/taus_dphi_12 //ospool/cms-user/youpeng/genvalid/genValidation/mg352VBS_merged.yoda.gz/MC_TAUS:ENERGY=13600/taus_dphi_12 //ospool/cms-user/youpeng/genvalid/genValidation/mg35xVBS_merged.yoda.gz/MC_TAUS:ENERGY=13600/taus_dphi_12
RatioPlot=1
RatioPlotReference=//ospool/cms-user/youpeng/genvalid/genValidation/masterVBS_merged.yoda.gz/MC_TAUS:ENERGY=13600/taus_dphi_12
RatioPlotYLabel=Ratio
# END PLOT

# BEGIN HISTO1D //ospool/cms-user/youpeng/genvalid/genValidation/masterVBS_merged.yoda.gz/MC_TAUS:ENERGY=13600/taus_dphi_12
ErrorBars=1
LineColor=red
LineStyle=solid
Path=//ospool/cms-user/youpeng/genvalid/genValidation/masterVBS_merged.yoda.gz/MC_TAUS:ENERGY=13600/taus_dphi_12
ScaledBy=1.07182617187499956e-09
Title=VBSZZ@LO(v2918)
# xlow	 xhigh	 val	 errminus	 errplus
0.000000e+00	1.256637e-01	1.380641e-04	1.085170e-06	1.085170e-06
1.256637e-01	2.513274e-01	1.463547e-04	1.117276e-06	1.117276e-06
2.513274e-01	3.769911e-01	1.640786e-04	1.182996e-06	1.182996e-06
3.769911e-01	5.026548e-01	1.774525e-04	1.230264e-06	1.230264e-06
5.026548e-01	6.283185e-01	1.882081e-04	1.266999e-06	1.266999e-06
6.283185e-01	7.539822e-01	1.934109e-04	1.284393e-06	1.284393e-06
7.539822e-01	8.796459e-01	1.968226e-04	1.295671e-06	1.295671e-06
8.796459e-01	1.005310e+00	1.995855e-04	1.304731e-06	1.304731e-06
1.005310e+00	1.130973e+00	1.972758e-04	1.297165e-06	1.297165e-06
1.130973e+00	1.256637e+00	1.984598e-04	1.301047e-06	1.301047e-06
1.256637e+00	1.382301e+00	1.993725e-04	1.304035e-06	1.304035e-06
1.382301e+00	1.507964e+00	1.977278e-04	1.298651e-06	1.298651e-06
1.507964e+00	1.633628e+00	1.979054e-04	1.299229e-06	1.299229e-06
1.633628e+00	1.759292e+00	1.968563e-04	1.295780e-06	1.295780e-06
1.759292e+00	1.884956e+00	1.969075e-04	1.295949e-06	1.295949e-06
1.884956e+00	2.010619e+00	1.976766e-04	1.298483e-06	1.298483e-06
2.010619e+00	2.136283e+00	2.013683e-04	1.310546e-06	1.310546e-06
2.136283e+00	2.261947e+00	2.009589e-04	1.309213e-06	1.309213e-06
2.261947e+00	2.387610e+00	2.030501e-04	1.316013e-06	1.316013e-06
2.387610e+00	2.513274e+00	2.036115e-04	1.317825e-06	1.317825e-06
2.513274e+00	2.638938e+00	2.071682e-04	1.329286e-06	1.329286e-06
2.638938e+00	2.764602e+00	2.084050e-04	1.333248e-06	1.333248e-06
2.764602e+00	2.890265e+00	2.124325e-04	1.346074e-06	1.346074e-06
2.890265e+00	3.015929e+00	2.111344e-04	1.341950e-06	1.341950e-06
3.015929e+00	3.141593e+00	2.139661e-04	1.350919e-06	1.350919e-06
# END HISTO1D


# BEGIN HISTO1D //ospool/cms-user/youpeng/genvalid/genValidation/mg352VBS_merged.yoda.gz/MC_TAUS:ENERGY=13600/taus_dphi_12
ErrorBars=1
LineColor=blue
LineStyle=solid
Path=//ospool/cms-user/youpeng/genvalid/genValidation/mg352VBS_merged.yoda.gz/MC_TAUS:ENERGY=13600/taus_dphi_12
ScaledBy=1.07425781250000051e-09
Title=VBSZZ@LO(v352)
# xlow	 xhigh	 val	 errminus	 errplus
0.000000e+00	1.256637e-01	1.382919e-04	1.087296e-06	1.087296e-06
1.256637e-01	2.513274e-01	1.482255e-04	1.125669e-06	1.125669e-06
2.513274e-01	3.769911e-01	1.648954e-04	1.187281e-06	1.187281e-06
3.769911e-01	5.026548e-01	1.781202e-04	1.233974e-06	1.233974e-06
5.026548e-01	6.283185e-01	1.850531e-04	1.257759e-06	1.257759e-06
6.283185e-01	7.539822e-01	1.947558e-04	1.290312e-06	1.290312e-06
7.539822e-01	8.796459e-01	1.975342e-04	1.299483e-06	1.299483e-06
8.796459e-01	1.005310e+00	1.955930e-04	1.293080e-06	1.293080e-06
1.005310e+00	1.130973e+00	1.989287e-04	1.304065e-06	1.304065e-06
1.130973e+00	1.256637e+00	1.989100e-04	1.303999e-06	1.303999e-06
1.256637e+00	1.382301e+00	1.996195e-04	1.306322e-06	1.306322e-06
1.382301e+00	1.507964e+00	1.989971e-04	1.304289e-06	1.304289e-06
1.507964e+00	1.633628e+00	1.961745e-04	1.295001e-06	1.295001e-06
1.633628e+00	1.759292e+00	1.989100e-04	1.303999e-06	1.303999e-06
1.759292e+00	1.884956e+00	1.996880e-04	1.306546e-06	1.306546e-06
1.884956e+00	2.010619e+00	1.999460e-04	1.307395e-06	1.307395e-06
2.010619e+00	2.136283e+00	1.989186e-04	1.304027e-06	1.304027e-06
2.136283e+00	2.261947e+00	2.015857e-04	1.312740e-06	1.312740e-06
2.261947e+00	2.387610e+00	2.021430e-04	1.314559e-06	1.314559e-06
2.387610e+00	2.513274e+00	2.051933e-04	1.324434e-06	1.324434e-06
2.513274e+00	2.638938e+00	2.050565e-04	1.323993e-06	1.323993e-06
2.638938e+00	2.764602e+00	2.115706e-04	1.344858e-06	1.344858e-06
2.764602e+00	2.890265e+00	2.105122e-04	1.341496e-06	1.341496e-06
2.890265e+00	3.015929e+00	2.151867e-04	1.356302e-06	1.356302e-06
3.015929e+00	3.141593e+00	2.153149e-04	1.356706e-06	1.356706e-06
# END HISTO1D


# BEGIN HISTO1D //ospool/cms-user/youpeng/genvalid/genValidation/mg35xVBS_merged.yoda.gz/MC_TAUS:ENERGY=13600/taus_dphi_12
ErrorBars=1
LineColor=green
LineStyle=solid
Path=//ospool/cms-user/youpeng/genvalid/genValidation/mg35xVBS_merged.yoda.gz/MC_TAUS:ENERGY=13600/taus_dphi_12
ScaledBy=5.51937791219804204e-10
Title=VBSZZ@LO(v35x)
# xlow	 xhigh	 val	 errminus	 errplus
0.000000e+00	1.256637e-01	6.867615e-05	5.492159e-07	5.492159e-07
1.256637e-01	2.513274e-01	7.484277e-05	5.733438e-07	5.733438e-07
2.513274e-01	3.769911e-01	8.202401e-05	6.002202e-07	6.002202e-07
3.769911e-01	5.026548e-01	8.796224e-05	6.215674e-07	6.215674e-07
5.026548e-01	6.283185e-01	9.496338e-05	6.458299e-07	6.458299e-07
6.283185e-01	7.539822e-01	9.695298e-05	6.525605e-07	6.525605e-07
7.539822e-01	8.796459e-01	9.892069e-05	6.591493e-07	6.591493e-07
8.796459e-01	1.005310e+00	9.938598e-05	6.606965e-07	6.606965e-07
1.005310e+00	1.130973e+00	1.003970e-04	6.640516e-07	6.640516e-07
1.130973e+00	1.256637e+00	1.013538e-04	6.672054e-07	6.672054e-07
1.256637e+00	1.382301e+00	9.981212e-05	6.621116e-07	6.621116e-07
1.382301e+00	1.507964e+00	9.856107e-05	6.579519e-07	6.579519e-07
1.507964e+00	1.633628e+00	1.001151e-04	6.631160e-07	6.631160e-07
1.633628e+00	1.759292e+00	9.977694e-05	6.619951e-07	6.619951e-07
1.759292e+00	1.884956e+00	1.006027e-04	6.647286e-07	6.647286e-07
1.884956e+00	2.010619e+00	1.017455e-04	6.684961e-07	6.684961e-07
2.010619e+00	2.136283e+00	1.011605e-04	6.665690e-07	6.665690e-07
2.136283e+00	2.261947e+00	1.028076e-04	6.719735e-07	6.719735e-07
2.261947e+00	2.387610e+00	1.016313e-04	6.681208e-07	6.681208e-07
2.387610e+00	2.513274e+00	1.031282e-04	6.730205e-07	6.730205e-07
2.513274e+00	2.638938e+00	1.039583e-04	6.757238e-07	6.757238e-07
2.638938e+00	2.764602e+00	1.032380e-04	6.733787e-07	6.733787e-07
2.764602e+00	2.890265e+00	1.072401e-04	6.863094e-07	6.863094e-07
2.890265e+00	3.015929e+00	1.075555e-04	6.873151e-07	6.873151e-07
3.015929e+00	3.141593e+00	1.086052e-04	6.906611e-07	6.906611e-07
# END HISTO1D

