# BEGIN PLOT
Legend=1
LogY=1
Title=Pseudorapidity separation between taus
LegendYPos=0.5
LegendXPos=0.30
XLabel=$\Delta\eta(\tau\mathrm{1,~}\tau\mathrm{2})$
YLabel=$\mathrm{d}\sigma/\mathrm{d}\Delta\eta(\tau\mathrm{1,~}\tau\mathrm{2})$ [pb]
RemoveOptions=1
DrawOnly=//eos/home-y/youpeng/valid/genValidation/masterVBS_merged.yoda.gz/MC_TAUS:ENERGY=13600/taus_deta_12 //eos/home-y/youpeng/valid/genValidation/mg352VBS_merged.yoda.gz/MC_TAUS:ENERGY=13600/taus_deta_12 //eos/home-y/youpeng/valid/genValidation/mg35xVBS_merged.yoda.gz/MC_TAUS:ENERGY=13600/taus_deta_12
LegendOnly=//eos/home-y/youpeng/valid/genValidation/masterVBS_merged.yoda.gz/MC_TAUS:ENERGY=13600/taus_deta_12 //eos/home-y/youpeng/valid/genValidation/mg352VBS_merged.yoda.gz/MC_TAUS:ENERGY=13600/taus_deta_12 //eos/home-y/youpeng/valid/genValidation/mg35xVBS_merged.yoda.gz/MC_TAUS:ENERGY=13600/taus_deta_12
RatioPlot=1
RatioPlotReference=//eos/home-y/youpeng/valid/genValidation/masterVBS_merged.yoda.gz/MC_TAUS:ENERGY=13600/taus_deta_12
RatioPlotYLabel=Ratio
# END PLOT

# BEGIN HISTO1D //eos/home-y/youpeng/valid/genValidation/masterVBS_merged.yoda.gz/MC_TAUS:ENERGY=13600/taus_deta_12
ErrorBars=1
LineColor=red
LineStyle=solid
Path=//eos/home-y/youpeng/valid/genValidation/masterVBS_merged.yoda.gz/MC_TAUS:ENERGY=13600/taus_deta_12
ScaledBy=1.07182617187499956e-09
Title=VBSZZ@LO(v2918)
# xlow	 xhigh	 val	 errminus	 errplus
-5.000000e+00	-4.600000e+00	4.394487e-07	3.431518e-08	3.431518e-08
-4.600000e+00	-4.200000e+00	8.547813e-07	4.785857e-08	4.785857e-08
-4.200000e+00	-3.800000e+00	1.755115e-06	6.857803e-08	6.857803e-08
-3.800000e+00	-3.400000e+00	3.314623e-06	9.424304e-08	9.424304e-08
-3.400000e+00	-3.000000e+00	6.235350e-06	1.292595e-07	1.292595e-07
-3.000000e+00	-2.600000e+00	1.137208e-05	1.745629e-07	1.745629e-07
-2.600000e+00	-2.200000e+00	2.021196e-05	2.327215e-07	2.327215e-07
-2.200000e+00	-1.800000e+00	3.640725e-05	3.123390e-07	3.123390e-07
-1.800000e+00	-1.400000e+00	6.402552e-05	4.141988e-07	4.141988e-07
-1.400000e+00	-1.000000e+00	1.099453e-04	5.427757e-07	5.427757e-07
-1.000000e+00	-6.000000e-01	1.707553e-04	6.764244e-07	6.764244e-07
-6.000000e-01	-2.000000e-01	2.214607e-04	7.703366e-07	7.703366e-07
-2.000000e-01	2.000000e-01	2.291350e-04	7.835702e-07	7.835702e-07
2.000000e-01	6.000000e-01	2.207560e-04	7.691100e-07	7.691100e-07
6.000000e-01	1.000000e+00	1.719155e-04	6.787186e-07	6.787186e-07
1.000000e+00	1.400000e+00	1.101650e-04	5.433178e-07	5.433178e-07
1.400000e+00	1.800000e+00	6.414880e-05	4.145972e-07	4.145972e-07
1.800000e+00	2.200000e+00	3.666985e-05	3.134633e-07	3.134633e-07
2.200000e+00	2.600000e+00	2.032718e-05	2.333838e-07	2.333838e-07
2.600000e+00	3.000000e+00	1.076917e-05	1.698726e-07	1.698726e-07
3.000000e+00	3.400000e+00	5.846813e-06	1.251675e-07	1.251675e-07
3.400000e+00	3.800000e+00	3.333380e-06	9.450929e-08	9.450929e-08
3.800000e+00	4.200000e+00	1.610419e-06	6.569035e-08	6.569035e-08
4.200000e+00	4.600000e+00	9.083728e-07	4.933603e-08	4.933603e-08
4.600000e+00	5.000000e+00	3.671005e-07	3.136351e-08	3.136351e-08
# END HISTO1D


# BEGIN HISTO1D //eos/home-y/youpeng/valid/genValidation/mg352VBS_merged.yoda.gz/MC_TAUS:ENERGY=13600/taus_deta_12
ErrorBars=1
LineColor=blue
LineStyle=solid
Path=//eos/home-y/youpeng/valid/genValidation/mg352VBS_merged.yoda.gz/MC_TAUS:ENERGY=13600/taus_deta_12
ScaledBy=1.07425781250000051e-09
Title=VBSZZ@LO(v352)
# xlow	 xhigh	 val	 errminus	 errplus
-5.000000e+00	-4.600000e+00	3.733045e-07	3.166328e-08	3.166328e-08
-4.600000e+00	-4.200000e+00	8.083790e-07	4.659419e-08	4.659419e-08
-4.200000e+00	-3.800000e+00	1.638243e-06	6.633053e-08	6.633053e-08
-3.800000e+00	-3.400000e+00	3.297973e-06	9.411260e-08	9.411260e-08
-3.400000e+00	-3.000000e+00	5.948703e-06	1.263966e-07	1.263966e-07
-3.000000e+00	-2.600000e+00	1.113468e-05	1.729272e-07	1.729272e-07
-2.600000e+00	-2.200000e+00	2.069021e-05	2.357256e-07	2.357256e-07
-2.200000e+00	-1.800000e+00	3.710487e-05	3.156747e-07	3.156747e-07
-1.800000e+00	-1.400000e+00	6.438565e-05	4.158328e-07	4.158328e-07
-1.400000e+00	-1.000000e+00	1.112287e-04	5.465534e-07	5.465534e-07
-1.000000e+00	-6.000000e-01	1.726762e-04	6.809896e-07	6.809896e-07
-6.000000e-01	-2.000000e-01	2.201584e-04	7.689390e-07	7.689390e-07
-2.000000e-01	2.000000e-01	2.291446e-04	7.844749e-07	7.844749e-07
2.000000e-01	6.000000e-01	2.220357e-04	7.722104e-07	7.722104e-07
6.000000e-01	1.000000e+00	1.703182e-04	6.763240e-07	6.763240e-07
1.000000e+00	1.400000e+00	1.102699e-04	5.441927e-07	5.441927e-07
1.400000e+00	1.800000e+00	6.472940e-05	4.169415e-07	4.169415e-07
1.800000e+00	2.200000e+00	3.659190e-05	3.134850e-07	3.134850e-07
2.200000e+00	2.600000e+00	2.009131e-05	2.322888e-07	2.322888e-07
2.600000e+00	3.000000e+00	1.131731e-05	1.743395e-07	1.743395e-07
3.000000e+00	3.400000e+00	5.970188e-06	1.266246e-07	1.266246e-07
3.400000e+00	3.800000e+00	3.257688e-06	9.353602e-08	9.353602e-08
3.800000e+00	4.200000e+00	1.683899e-06	6.724845e-08	6.724845e-08
4.200000e+00	4.600000e+00	8.916340e-07	4.893477e-08	4.893477e-08
4.600000e+00	5.000000e+00	3.813615e-07	3.200314e-08	3.200314e-08
# END HISTO1D


# BEGIN HISTO1D //eos/home-y/youpeng/valid/genValidation/mg35xVBS_merged.yoda.gz/MC_TAUS:ENERGY=13600/taus_deta_12
ErrorBars=1
LineColor=green
LineStyle=solid
Path=//eos/home-y/youpeng/valid/genValidation/mg35xVBS_merged.yoda.gz/MC_TAUS:ENERGY=13600/taus_deta_12
ScaledBy=5.51937791219804204e-10
Title=VBSZZ@LO(v35x)
# xlow	 xhigh	 val	 errminus	 errplus
-5.000000e+00	-4.600000e+00	1.876588e-07	1.609161e-08	1.609161e-08
-4.600000e+00	-4.200000e+00	4.456898e-07	2.479884e-08	2.479884e-08
-4.200000e+00	-3.800000e+00	8.844802e-07	3.493487e-08	3.493487e-08
-3.800000e+00	-3.400000e+00	1.688930e-06	4.827484e-08	4.827484e-08
-3.400000e+00	-3.000000e+00	3.136388e-06	6.578545e-08	6.578545e-08
-3.000000e+00	-2.600000e+00	5.602168e-06	8.792109e-08	8.792109e-08
-2.600000e+00	-2.200000e+00	1.014738e-05	1.183292e-07	1.183292e-07
-2.200000e+00	-1.800000e+00	1.844024e-05	1.595138e-07	1.595138e-07
-1.800000e+00	-1.400000e+00	3.309695e-05	2.137022e-07	2.137022e-07
-1.400000e+00	-1.000000e+00	5.527658e-05	2.761758e-07	2.761758e-07
-1.000000e+00	-6.000000e-01	8.623337e-05	3.449473e-07	3.449473e-07
-6.000000e-01	-2.000000e-01	1.109616e-04	3.912923e-07	3.912923e-07
-2.000000e-01	2.000000e-01	1.151991e-04	3.986939e-07	3.986939e-07
2.000000e-01	6.000000e-01	1.111368e-04	3.916012e-07	3.916012e-07
6.000000e-01	1.000000e+00	8.675772e-05	3.459945e-07	3.459945e-07
1.000000e+00	1.400000e+00	5.574020e-05	2.773316e-07	2.773316e-07
1.400000e+00	1.800000e+00	3.264160e-05	2.122271e-07	2.122271e-07
1.800000e+00	2.200000e+00	1.840160e-05	1.593467e-07	1.593467e-07
2.200000e+00	2.600000e+00	1.021223e-05	1.187067e-07	1.187067e-07
2.600000e+00	3.000000e+00	5.585610e-06	8.779109e-08	8.779109e-08
3.000000e+00	3.400000e+00	3.121208e-06	6.562608e-08	6.562608e-08
3.400000e+00	3.800000e+00	1.735844e-06	4.894073e-08	4.894073e-08
3.800000e+00	4.200000e+00	7.934105e-07	3.308751e-08	3.308751e-08
4.200000e+00	4.600000e+00	4.194728e-07	2.405841e-08	2.405841e-08
4.600000e+00	5.000000e+00	1.945581e-07	1.638475e-08	1.638475e-08
# END HISTO1D

