# BEGIN PLOT
Legend=1
LogY=1
Title=Rapidity of third jet
XLabel=$y(\mathrm{jet~3})$
YLabel=$\mathrm{d}\sigma/\mathrm{d}y(\mathrm{jet~3})$ [pb]
LegendYPos=0.5
LegendXPos=0.3
RemoveOptions=1
DrawOnly=//eos/home-y/youpeng/valid/genValidation/masterVBS_merged.yoda.gz/MC_JETS:ENERGY=13000/jet_y_3 //eos/home-y/youpeng/valid/genValidation/mg352VBS_merged.yoda.gz/MC_JETS:ENERGY=13000/jet_y_3
LegendOnly=//eos/home-y/youpeng/valid/genValidation/masterVBS_merged.yoda.gz/MC_JETS:ENERGY=13000/jet_y_3 //eos/home-y/youpeng/valid/genValidation/mg352VBS_merged.yoda.gz/MC_JETS:ENERGY=13000/jet_y_3
RatioPlot=1
RatioPlotReference=//eos/home-y/youpeng/valid/genValidation/masterVBS_merged.yoda.gz/MC_JETS:ENERGY=13000/jet_y_3
RatioPlotYLabel=Ratio
# END PLOT

# BEGIN HISTO1D //eos/home-y/youpeng/valid/genValidation/masterVBS_merged.yoda.gz/MC_JETS:ENERGY=13000/jet_y_3
ErrorBars=1
LineColor=red
LineStyle=solid
Path=//eos/home-y/youpeng/valid/genValidation/masterVBS_merged.yoda.gz/MC_JETS:ENERGY=13000/jet_y_3
ScaledBy=1.00503000000000010e-06
Title=VBSZZ@NLO(v2918)
# xlow	 xhigh	 val	 errminus	 errplus
-5.000000e+00	-4.600000e+00	0.000000e+00	0.000000e+00	0.000000e+00
-4.600000e+00	-4.200000e+00	5.025150e-06	3.553318e-06	3.553318e-06
-4.200000e+00	-3.800000e+00	1.758802e-05	6.647649e-06	6.647649e-06
-3.800000e+00	-3.400000e+00	2.763833e-05	8.333269e-06	8.333269e-06
-3.400000e+00	-3.000000e+00	4.271378e-05	1.035961e-05	1.035961e-05
-3.000000e+00	-2.600000e+00	6.030180e-05	1.230905e-05	1.230905e-05
-2.600000e+00	-2.200000e+00	8.291498e-05	1.443364e-05	1.443364e-05
-2.200000e+00	-1.800000e+00	1.356790e-04	1.846358e-05	1.846358e-05
-1.800000e+00	-1.400000e+00	1.733677e-04	2.087102e-05	2.087102e-05
-1.400000e+00	-1.000000e+00	2.010060e-04	2.247315e-05	2.247315e-05
-1.000000e+00	-6.000000e-01	1.884431e-04	2.175954e-05	2.175954e-05
-6.000000e-01	-2.000000e-01	2.185940e-04	2.343574e-05	2.343574e-05
-2.000000e-01	2.000000e-01	1.859306e-04	2.161399e-05	2.161399e-05
2.000000e-01	6.000000e-01	1.984934e-04	2.233226e-05	2.233226e-05
6.000000e-01	1.000000e+00	2.035186e-04	2.261318e-05	2.261318e-05
1.000000e+00	1.400000e+00	2.135689e-04	2.316480e-05	2.316480e-05
1.400000e+00	1.800000e+00	1.582922e-04	1.994295e-05	1.994295e-05
1.800000e+00	2.200000e+00	1.306539e-04	1.811844e-05	1.811844e-05
2.200000e+00	2.600000e+00	9.045270e-05	1.507545e-05	1.507545e-05
2.600000e+00	3.000000e+00	7.537725e-05	1.376194e-05	1.376194e-05
3.000000e+00	3.400000e+00	3.266348e-05	9.059218e-06	9.059218e-06
3.400000e+00	3.800000e+00	3.015090e-05	8.703814e-06	8.703814e-06
3.800000e+00	4.200000e+00	2.763832e-05	8.333269e-06	8.333269e-06
4.200000e+00	4.600000e+00	7.537725e-06	4.351908e-06	4.351908e-06
4.600000e+00	5.000000e+00	5.025150e-06	3.553318e-06	3.553318e-06
# END HISTO1D


# BEGIN HISTO1D //eos/home-y/youpeng/valid/genValidation/mg352VBS_merged.yoda.gz/MC_JETS:ENERGY=13000/jet_y_3
ErrorBars=1
LineColor=blue
LineStyle=solid
Path=//eos/home-y/youpeng/valid/genValidation/mg352VBS_merged.yoda.gz/MC_JETS:ENERGY=13000/jet_y_3
ScaledBy=9.96719999999999835e-07
Title=VBSZZ@NLO(v352)
# xlow	 xhigh	 val	 errminus	 errplus
-5.000000e+00	-4.600000e+00	0.000000e+00	0.000000e+00	0.000000e+00
-4.600000e+00	-4.200000e+00	2.491800e-06	2.491800e-06	2.491800e-06
-4.200000e+00	-3.800000e+00	1.744260e-05	6.592683e-06	6.592683e-06
-3.800000e+00	-3.400000e+00	2.990160e-05	8.631849e-06	8.631849e-06
-3.400000e+00	-3.000000e+00	3.488520e-05	9.323462e-06	9.323462e-06
-3.000000e+00	-2.600000e+00	8.970480e-05	1.495080e-05	1.495080e-05
-2.600000e+00	-2.200000e+00	1.121310e-04	1.671550e-05	1.671550e-05
-2.200000e+00	-1.800000e+00	1.196064e-04	1.726370e-05	1.726370e-05
-1.800000e+00	-1.400000e+00	2.068194e-04	2.270138e-05	2.270138e-05
-1.400000e+00	-1.000000e+00	1.619670e-04	2.008953e-05	2.008953e-05
-1.000000e+00	-6.000000e-01	1.819014e-04	2.128995e-05	2.128995e-05
-6.000000e-01	-2.000000e-01	2.142948e-04	2.310800e-05	2.310800e-05
-2.000000e-01	2.000000e-01	2.417046e-04	2.454138e-05	2.454138e-05
2.000000e-01	6.000000e-01	2.068194e-04	2.270138e-05	2.270138e-05
6.000000e-01	1.000000e+00	1.993440e-04	2.228734e-05	2.228734e-05
1.000000e+00	1.400000e+00	1.345572e-04	1.831092e-05	1.831092e-05
1.400000e+00	1.800000e+00	1.345572e-04	1.831092e-05	1.831092e-05
1.800000e+00	2.200000e+00	1.245900e-04	1.761969e-05	1.761969e-05
2.200000e+00	2.600000e+00	8.472120e-05	1.452957e-05	1.452957e-05
2.600000e+00	3.000000e+00	8.472120e-05	1.452957e-05	1.452957e-05
3.000000e+00	3.400000e+00	5.731140e-05	1.195025e-05	1.195025e-05
3.400000e+00	3.800000e+00	2.491800e-05	7.879764e-06	7.879764e-06
3.800000e+00	4.200000e+00	1.744260e-05	6.592683e-06	6.592683e-06
4.200000e+00	4.600000e+00	2.491800e-06	2.491800e-06	2.491800e-06
4.600000e+00	5.000000e+00	2.491800e-06	2.491800e-06	2.491800e-06
# END HISTO1D

