# BEGIN PLOT
Legend=1
LogY=1
Title=Scalar sum of jet transverse momenta ($H_\mathrm{T}$)
XLabel=$H_\mathrm{T}$ [GeV]
YLabel=$\mathrm{d}\sigma/\mathrm{d}H_\mathrm{T}$ [pb/GeV]
LogX=1
RemoveOptions=1
DrawOnly=//eos/home-y/youpeng/valid/genValidation/masterVBS_merged.yoda.gz/MC_JETS:ENERGY=13000/jet_HT //eos/home-y/youpeng/valid/genValidation/mg352VBS_merged.yoda.gz/MC_JETS:ENERGY=13000/jet_HT
LegendOnly=//eos/home-y/youpeng/valid/genValidation/masterVBS_merged.yoda.gz/MC_JETS:ENERGY=13000/jet_HT //eos/home-y/youpeng/valid/genValidation/mg352VBS_merged.yoda.gz/MC_JETS:ENERGY=13000/jet_HT
RatioPlot=1
RatioPlotReference=//eos/home-y/youpeng/valid/genValidation/masterVBS_merged.yoda.gz/MC_JETS:ENERGY=13000/jet_HT
RatioPlotYLabel=Ratio
# END PLOT

# BEGIN HISTO1D //eos/home-y/youpeng/valid/genValidation/masterVBS_merged.yoda.gz/MC_JETS:ENERGY=13000/jet_HT
ErrorBars=1
LineColor=red
LineStyle=solid
Path=//eos/home-y/youpeng/valid/genValidation/masterVBS_merged.yoda.gz/MC_JETS:ENERGY=13000/jet_HT
ScaledBy=1.00503000000000010e-06
Title=VBSZZ@NLO(v2918)
# xlow	 xhigh	 val	 errminus	 errplus
2.000000e+01	2.245265e+01	0.000000e+00	0.000000e+00	0.000000e+00
2.245265e+01	2.520608e+01	0.000000e+00	0.000000e+00	0.000000e+00
2.520608e+01	2.829717e+01	0.000000e+00	0.000000e+00	0.000000e+00
2.829717e+01	3.176733e+01	0.000000e+00	0.000000e+00	0.000000e+00
3.176733e+01	3.566304e+01	0.000000e+00	0.000000e+00	0.000000e+00
3.566304e+01	4.003649e+01	0.000000e+00	0.000000e+00	0.000000e+00
4.003649e+01	4.494627e+01	0.000000e+00	0.000000e+00	0.000000e+00
4.494627e+01	5.045815e+01	0.000000e+00	0.000000e+00	0.000000e+00
5.045815e+01	5.664597e+01	0.000000e+00	0.000000e+00	0.000000e+00
5.664597e+01	6.359261e+01	0.000000e+00	0.000000e+00	0.000000e+00
6.359261e+01	7.139114e+01	0.000000e+00	0.000000e+00	0.000000e+00
7.139114e+01	8.014603e+01	0.000000e+00	0.000000e+00	0.000000e+00
8.014603e+01	8.997455e+01	0.000000e+00	0.000000e+00	0.000000e+00
8.997455e+01	1.010084e+02	0.000000e+00	0.000000e+00	0.000000e+00
1.010084e+02	1.133953e+02	0.000000e+00	0.000000e+00	0.000000e+00
1.133953e+02	1.273013e+02	0.000000e+00	0.000000e+00	0.000000e+00
1.273013e+02	1.429125e+02	0.000000e+00	0.000000e+00	0.000000e+00
1.429125e+02	1.604383e+02	2.867287e-07	1.282290e-07	1.282290e-07
1.604383e+02	1.801133e+02	3.064895e-07	1.251238e-07	1.251238e-07
1.801133e+02	2.022010e+02	2.275090e-07	1.017451e-07	1.017451e-07
2.022010e+02	2.269975e+02	4.458424e-07	1.344265e-07	1.344265e-07
2.269975e+02	2.548348e+02	9.025929e-07	1.805186e-07	1.805186e-07
2.548348e+02	2.860858e+02	1.093438e-06	1.875230e-07	1.875230e-07
2.860858e+02	3.211693e+02	1.747455e-06	2.237387e-07	2.237387e-07
3.211693e+02	3.605551e+02	1.888300e-06	2.195105e-07	2.195105e-07
3.605551e+02	4.047710e+02	1.818405e-06	2.033038e-07	2.033038e-07
4.047710e+02	4.544091e+02	1.741255e-06	1.877643e-07	1.877643e-07
4.544091e+02	5.101345e+02	1.767469e-06	1.785414e-07	1.785414e-07
5.101345e+02	5.726936e+02	1.686856e-06	1.646203e-07	1.646203e-07
5.726936e+02	6.429246e+02	1.330862e-06	1.380040e-07	1.380040e-07
6.429246e+02	7.217681e+02	1.007025e-06	1.132992e-07	1.132992e-07
7.217681e+02	8.102804e+02	5.904440e-07	8.187986e-08	8.187986e-08
8.102804e+02	9.096473e+02	7.383464e-07	8.641691e-08	8.641691e-08
9.096473e+02	1.021200e+03	3.783975e-07	5.838800e-08	5.838800e-08
1.021200e+03	1.146432e+03	1.685322e-07	3.677675e-08	3.677675e-08
1.146432e+03	1.287022e+03	2.216084e-07	3.980205e-08	3.980205e-08
1.287022e+03	1.444853e+03	4.457432e-08	1.684751e-08	1.684751e-08
1.444853e+03	1.622039e+03	1.134435e-08	8.021668e-09	8.021668e-09
1.622039e+03	1.820954e+03	2.021024e-08	1.010512e-08	1.010512e-08
1.820954e+03	2.044263e+03	9.001249e-09	6.364845e-09	6.364845e-09
2.044263e+03	2.294956e+03	8.018014e-09	5.669593e-09	5.669593e-09
2.294956e+03	2.576392e+03	3.571078e-09	3.571078e-09	3.571078e-09
2.576392e+03	2.892342e+03	3.180978e-09	3.180978e-09	3.180978e-09
2.892342e+03	3.247038e+03	0.000000e+00	0.000000e+00	0.000000e+00
3.247038e+03	3.645231e+03	0.000000e+00	0.000000e+00	0.000000e+00
3.645231e+03	4.092255e+03	0.000000e+00	0.000000e+00	0.000000e+00
4.092255e+03	4.594099e+03	0.000000e+00	0.000000e+00	0.000000e+00
4.594099e+03	5.157486e+03	0.000000e+00	0.000000e+00	0.000000e+00
5.157486e+03	5.789962e+03	0.000000e+00	0.000000e+00	0.000000e+00
5.789962e+03	6.500000e+03	0.000000e+00	0.000000e+00	0.000000e+00
# END HISTO1D


# BEGIN HISTO1D //eos/home-y/youpeng/valid/genValidation/mg352VBS_merged.yoda.gz/MC_JETS:ENERGY=13000/jet_HT
ErrorBars=1
LineColor=blue
LineStyle=solid
Path=//eos/home-y/youpeng/valid/genValidation/mg352VBS_merged.yoda.gz/MC_JETS:ENERGY=13000/jet_HT
ScaledBy=9.96719999999999835e-07
Title=VBSZZ@NLO(v352)
# xlow	 xhigh	 val	 errminus	 errplus
2.000000e+01	2.245265e+01	0.000000e+00	0.000000e+00	0.000000e+00
2.245265e+01	2.520608e+01	0.000000e+00	0.000000e+00	0.000000e+00
2.520608e+01	2.829717e+01	0.000000e+00	0.000000e+00	0.000000e+00
2.829717e+01	3.176733e+01	0.000000e+00	0.000000e+00	0.000000e+00
3.176733e+01	3.566304e+01	0.000000e+00	0.000000e+00	0.000000e+00
3.566304e+01	4.003649e+01	0.000000e+00	0.000000e+00	0.000000e+00
4.003649e+01	4.494627e+01	0.000000e+00	0.000000e+00	0.000000e+00
4.494627e+01	5.045815e+01	0.000000e+00	0.000000e+00	0.000000e+00
5.045815e+01	5.664597e+01	0.000000e+00	0.000000e+00	0.000000e+00
5.664597e+01	6.359261e+01	0.000000e+00	0.000000e+00	0.000000e+00
6.359261e+01	7.139114e+01	0.000000e+00	0.000000e+00	0.000000e+00
7.139114e+01	8.014603e+01	0.000000e+00	0.000000e+00	0.000000e+00
8.014603e+01	8.997455e+01	1.014110e-07	1.014110e-07	1.014110e-07
8.997455e+01	1.010084e+02	0.000000e+00	0.000000e+00	0.000000e+00
1.010084e+02	1.133953e+02	8.046565e-08	8.046565e-08	8.046565e-08
1.133953e+02	1.273013e+02	0.000000e+00	0.000000e+00	0.000000e+00
1.273013e+02	1.429125e+02	0.000000e+00	0.000000e+00	0.000000e+00
1.429125e+02	1.604383e+02	0.000000e+00	0.000000e+00	0.000000e+00
1.604383e+02	1.801133e+02	1.519776e-07	8.774433e-08	8.774433e-08
1.801133e+02	2.022010e+02	3.158790e-07	1.193910e-07	1.193910e-07
2.022010e+02	2.269975e+02	6.029399e-07	1.556784e-07	1.556784e-07
2.269975e+02	2.548348e+02	6.444935e-07	1.519086e-07	1.519086e-07
2.548348e+02	2.860858e+02	1.180079e-06	1.940038e-07	1.940038e-07
2.860858e+02	3.211693e+02	1.363677e-06	1.968298e-07	1.968298e-07
3.211693e+02	3.605551e+02	1.999220e-06	2.249298e-07	2.249298e-07
3.605551e+02	4.047710e+02	1.983706e-06	2.114638e-07	2.114638e-07
4.047710e+02	4.544091e+02	2.168612e-06	2.086748e-07	2.086748e-07
4.544091e+02	5.101345e+02	1.878059e-06	1.832798e-07	1.832798e-07
5.101345e+02	5.726936e+02	1.625110e-06	1.609099e-07	1.609099e-07
5.726936e+02	6.429246e+02	1.291474e-06	1.353833e-07	1.353833e-07
6.429246e+02	7.217681e+02	8.722809e-07	1.050103e-07	1.050103e-07
7.217681e+02	8.102804e+02	6.643877e-07	8.649590e-08	8.649590e-08
8.102804e+02	9.096473e+02	5.115659e-07	7.163356e-08	7.163356e-08
9.096473e+02	1.021200e+03	3.752687e-07	5.790522e-08	5.790522e-08
1.021200e+03	1.146432e+03	2.546876e-07	4.502283e-08	4.502283e-08
1.146432e+03	1.287022e+03	1.063433e-07	2.745771e-08	2.745771e-08
1.287022e+03	1.444853e+03	9.472664e-08	2.445831e-08	2.445831e-08
1.444853e+03	1.622039e+03	3.375165e-08	1.377905e-08	1.377905e-08
1.622039e+03	1.820954e+03	2.505392e-08	1.120445e-08	1.120445e-08
1.820954e+03	2.044263e+03	4.463412e-09	4.463412e-09	4.463412e-09
2.044263e+03	2.294956e+03	3.975859e-09	3.975859e-09	3.975859e-09
2.294956e+03	2.576392e+03	3.541551e-09	3.541551e-09	3.541551e-09
2.576392e+03	2.892342e+03	0.000000e+00	0.000000e+00	0.000000e+00
2.892342e+03	3.247038e+03	0.000000e+00	0.000000e+00	0.000000e+00
3.247038e+03	3.645231e+03	0.000000e+00	0.000000e+00	0.000000e+00
3.645231e+03	4.092255e+03	0.000000e+00	0.000000e+00	0.000000e+00
4.092255e+03	4.594099e+03	0.000000e+00	0.000000e+00	0.000000e+00
4.594099e+03	5.157486e+03	0.000000e+00	0.000000e+00	0.000000e+00
5.157486e+03	5.789962e+03	0.000000e+00	0.000000e+00	0.000000e+00
5.789962e+03	6.500000e+03	0.000000e+00	0.000000e+00	0.000000e+00
# END HISTO1D

