# BEGIN PLOT
Legend=1
LogY=1
Title=Transverse momentum of leading jet
XLabel=$p_\perp(\mathrm{jet~1})$ [GeV]
YLabel=$\mathrm{d}\sigma/\mathrm{d}p_\perp(\mathrm{jet~1})$ [pb/GeV]
LogX=1
XMin=20.0
RemoveOptions=1
DrawOnly=//eos/home-y/youpeng/valid/genValidation/masterVBS_merged.yoda.gz/MC_JETS:ENERGY=13000/jet_pT_1 //eos/home-y/youpeng/valid/genValidation/mg352VBS_merged.yoda.gz/MC_JETS:ENERGY=13000/jet_pT_1
LegendOnly=//eos/home-y/youpeng/valid/genValidation/masterVBS_merged.yoda.gz/MC_JETS:ENERGY=13000/jet_pT_1 //eos/home-y/youpeng/valid/genValidation/mg352VBS_merged.yoda.gz/MC_JETS:ENERGY=13000/jet_pT_1
RatioPlot=1
RatioPlotReference=//eos/home-y/youpeng/valid/genValidation/masterVBS_merged.yoda.gz/MC_JETS:ENERGY=13000/jet_pT_1
RatioPlotYLabel=Ratio
# END PLOT

# BEGIN HISTO1D //eos/home-y/youpeng/valid/genValidation/masterVBS_merged.yoda.gz/MC_JETS:ENERGY=13000/jet_pT_1
ErrorBars=1
LineColor=red
LineStyle=solid
Path=//eos/home-y/youpeng/valid/genValidation/masterVBS_merged.yoda.gz/MC_JETS:ENERGY=13000/jet_pT_1
ScaledBy=1.00503000000000010e-06
Title=VBSZZ@NLO(v2918)
# xlow	 xhigh	 val	 errminus	 errplus
1.000000e+01	1.059544e+01	0.000000e+00	0.000000e+00	0.000000e+00
1.059544e+01	1.122633e+01	0.000000e+00	0.000000e+00	0.000000e+00
1.122633e+01	1.189478e+01	0.000000e+00	0.000000e+00	0.000000e+00
1.189478e+01	1.260304e+01	0.000000e+00	0.000000e+00	0.000000e+00
1.260304e+01	1.335347e+01	0.000000e+00	0.000000e+00	0.000000e+00
1.335347e+01	1.414858e+01	0.000000e+00	0.000000e+00	0.000000e+00
1.414858e+01	1.499104e+01	0.000000e+00	0.000000e+00	0.000000e+00
1.499104e+01	1.588366e+01	0.000000e+00	0.000000e+00	0.000000e+00
1.588366e+01	1.682943e+01	0.000000e+00	0.000000e+00	0.000000e+00
1.682943e+01	1.783152e+01	0.000000e+00	0.000000e+00	0.000000e+00
1.783152e+01	1.889327e+01	0.000000e+00	0.000000e+00	0.000000e+00
1.889327e+01	2.001825e+01	0.000000e+00	0.000000e+00	0.000000e+00
2.001825e+01	2.121020e+01	0.000000e+00	0.000000e+00	0.000000e+00
2.121020e+01	2.247314e+01	0.000000e+00	0.000000e+00	0.000000e+00
2.247314e+01	2.381127e+01	0.000000e+00	0.000000e+00	0.000000e+00
2.381127e+01	2.522908e+01	0.000000e+00	0.000000e+00	0.000000e+00
2.522908e+01	2.673131e+01	0.000000e+00	0.000000e+00	0.000000e+00
2.673131e+01	2.832298e+01	0.000000e+00	0.000000e+00	0.000000e+00
2.832298e+01	3.000944e+01	0.000000e+00	0.000000e+00	0.000000e+00
3.000944e+01	3.179631e+01	0.000000e+00	0.000000e+00	0.000000e+00
3.179631e+01	3.368957e+01	0.000000e+00	0.000000e+00	0.000000e+00
3.368957e+01	3.569557e+01	0.000000e+00	0.000000e+00	0.000000e+00
3.569557e+01	3.782101e+01	0.000000e+00	0.000000e+00	0.000000e+00
3.782101e+01	4.007301e+01	0.000000e+00	0.000000e+00	0.000000e+00
4.007301e+01	4.245911e+01	0.000000e+00	0.000000e+00	0.000000e+00
4.245911e+01	4.498727e+01	0.000000e+00	0.000000e+00	0.000000e+00
4.498727e+01	4.766598e+01	3.751918e-07	3.751917e-07	3.751917e-07
4.766598e+01	5.050418e+01	0.000000e+00	0.000000e+00	0.000000e+00
5.050418e+01	5.351138e+01	6.684158e-07	4.726414e-07	4.726414e-07
5.351138e+01	5.669764e+01	1.892557e-06	7.726333e-07	7.726333e-07
5.669764e+01	6.007363e+01	1.488497e-06	6.656760e-07	6.656760e-07
6.007363e+01	6.365063e+01	1.404850e-06	6.282682e-07	6.282682e-07
6.365063e+01	6.744061e+01	1.591085e-06	6.495577e-07	6.495577e-07
6.744061e+01	7.145627e+01	3.253610e-06	9.023890e-07	9.023890e-07
7.145627e+01	7.571103e+01	3.306983e-06	8.838283e-07	8.838283e-07
7.571103e+01	8.021914e+01	3.789950e-06	9.191978e-07	9.191978e-07
8.021914e+01	8.499568e+01	4.208193e-06	9.409806e-07	9.409806e-07
8.499568e+01	9.005663e+01	4.170290e-06	9.100319e-07	9.100319e-07
9.005663e+01	9.541892e+01	3.748510e-06	8.381925e-07	8.381925e-07
9.541892e+01	1.011005e+02	6.898815e-06	1.104695e-06	1.104695e-06
1.011005e+02	1.071204e+02	4.340733e-06	8.512879e-07	8.512879e-07
1.071204e+02	1.134987e+02	3.939255e-06	7.878510e-07	7.878510e-07
1.134987e+02	1.202569e+02	5.353656e-06	8.922760e-07	8.922760e-07
1.202569e+02	1.274174e+02	4.070368e-06	7.558483e-07	7.558483e-07
1.274174e+02	1.350043e+02	4.106543e-06	7.375568e-07	7.375568e-07
1.350043e+02	1.430429e+02	5.501122e-06	8.293253e-07	8.293253e-07
1.430429e+02	1.515602e+02	4.955944e-06	7.647187e-07	7.647187e-07
1.515602e+02	1.605846e+02	4.454723e-06	7.043535e-07	7.043535e-07
1.605846e+02	1.701464e+02	3.889028e-06	6.393523e-07	6.393523e-07
1.701464e+02	1.802776e+02	4.464066e-06	6.654637e-07	6.654637e-07
1.802776e+02	1.910119e+02	3.276977e-06	5.539102e-07	5.539102e-07
1.910119e+02	2.023855e+02	3.711337e-06	5.726717e-07	5.726717e-07
2.023855e+02	2.144362e+02	2.752204e-06	4.790973e-07	4.790973e-07
2.144362e+02	2.272045e+02	2.125248e-06	4.090042e-07	4.090042e-07
2.272045e+02	2.407331e+02	2.080100e-06	3.931019e-07	3.931019e-07
2.407331e+02	2.550672e+02	3.155158e-06	4.703432e-07	4.703432e-07
2.550672e+02	2.702549e+02	1.654349e-06	3.308697e-07	3.308697e-07
2.702549e+02	2.863468e+02	1.811214e-06	3.363339e-07	3.363339e-07
2.863468e+02	3.033969e+02	1.061023e-06	2.500854e-07	2.500854e-07
3.033969e+02	3.214623e+02	1.891517e-06	3.243926e-07	3.243926e-07
3.214623e+02	3.406033e+02	1.680213e-06	2.970225e-07	2.970225e-07
3.406033e+02	3.608840e+02	7.928957e-07	1.982239e-07	1.982239e-07
3.608840e+02	3.823724e+02	7.015622e-07	1.811426e-07	1.811426e-07
3.823724e+02	4.051402e+02	1.059423e-06	2.162537e-07	2.162537e-07
4.051402e+02	4.292637e+02	4.582805e-07	1.381768e-07	1.381768e-07
4.292637e+02	4.548236e+02	4.325263e-07	1.304116e-07	1.304116e-07
4.548236e+02	4.819055e+02	3.711076e-07	1.173545e-07	1.173545e-07
4.819055e+02	5.105999e+02	2.802024e-07	9.906651e-08	9.906651e-08
5.105999e+02	5.410028e+02	2.975134e-07	9.917113e-08	9.917113e-08
5.410028e+02	5.732161e+02	1.871954e-07	7.642218e-08	7.642218e-08
5.732161e+02	6.073474e+02	1.472300e-07	6.584324e-08	6.584324e-08
6.073474e+02	6.435111e+02	2.779113e-08	2.779112e-08	2.779112e-08
6.435111e+02	6.818280e+02	7.868826e-08	4.543069e-08	4.543069e-08
6.818280e+02	7.224265e+02	2.475535e-08	2.475534e-08	2.475534e-08
7.224265e+02	7.654424e+02	2.336415e-08	2.336415e-08	2.336415e-08
7.654424e+02	8.110196e+02	2.205116e-08	2.205115e-08	2.205115e-08
8.110196e+02	8.593106e+02	2.081195e-08	2.081195e-08	2.081195e-08
8.593106e+02	9.104771e+02	3.928469e-08	2.777847e-08	2.777847e-08
9.104771e+02	9.646902e+02	0.000000e+00	0.000000e+00	0.000000e+00
9.646902e+02	1.022131e+03	3.499359e-08	2.474421e-08	2.474421e-08
1.022131e+03	1.082993e+03	0.000000e+00	0.000000e+00	0.000000e+00
1.082993e+03	1.147478e+03	1.558548e-08	1.558548e-08	1.558548e-08
1.147478e+03	1.215803e+03	0.000000e+00	0.000000e+00	0.000000e+00
1.215803e+03	1.288196e+03	0.000000e+00	0.000000e+00	0.000000e+00
1.288196e+03	1.364900e+03	0.000000e+00	0.000000e+00	0.000000e+00
1.364900e+03	1.446171e+03	0.000000e+00	0.000000e+00	0.000000e+00
1.446171e+03	1.532281e+03	0.000000e+00	0.000000e+00	0.000000e+00
1.532281e+03	1.623519e+03	0.000000e+00	0.000000e+00	0.000000e+00
1.623519e+03	1.720189e+03	0.000000e+00	0.000000e+00	0.000000e+00
1.720189e+03	1.822615e+03	0.000000e+00	0.000000e+00	0.000000e+00
1.822615e+03	1.931140e+03	0.000000e+00	0.000000e+00	0.000000e+00
1.931140e+03	2.046127e+03	0.000000e+00	0.000000e+00	0.000000e+00
2.046127e+03	2.167961e+03	0.000000e+00	0.000000e+00	0.000000e+00
2.167961e+03	2.297050e+03	0.000000e+00	0.000000e+00	0.000000e+00
2.297050e+03	2.433824e+03	0.000000e+00	0.000000e+00	0.000000e+00
2.433824e+03	2.578743e+03	0.000000e+00	0.000000e+00	0.000000e+00
2.578743e+03	2.732290e+03	0.000000e+00	0.000000e+00	0.000000e+00
2.732290e+03	2.894981e+03	0.000000e+00	0.000000e+00	0.000000e+00
2.894981e+03	3.067358e+03	0.000000e+00	0.000000e+00	0.000000e+00
3.067358e+03	3.250000e+03	0.000000e+00	0.000000e+00	0.000000e+00
# END HISTO1D


# BEGIN HISTO1D //eos/home-y/youpeng/valid/genValidation/mg352VBS_merged.yoda.gz/MC_JETS:ENERGY=13000/jet_pT_1
ErrorBars=1
LineColor=blue
LineStyle=solid
Path=//eos/home-y/youpeng/valid/genValidation/mg352VBS_merged.yoda.gz/MC_JETS:ENERGY=13000/jet_pT_1
ScaledBy=9.96719999999999835e-07
Title=VBSZZ@NLO(v352)
# xlow	 xhigh	 val	 errminus	 errplus
1.000000e+01	1.059544e+01	0.000000e+00	0.000000e+00	0.000000e+00
1.059544e+01	1.122633e+01	0.000000e+00	0.000000e+00	0.000000e+00
1.122633e+01	1.189478e+01	0.000000e+00	0.000000e+00	0.000000e+00
1.189478e+01	1.260304e+01	0.000000e+00	0.000000e+00	0.000000e+00
1.260304e+01	1.335347e+01	0.000000e+00	0.000000e+00	0.000000e+00
1.335347e+01	1.414858e+01	0.000000e+00	0.000000e+00	0.000000e+00
1.414858e+01	1.499104e+01	0.000000e+00	0.000000e+00	0.000000e+00
1.499104e+01	1.588366e+01	0.000000e+00	0.000000e+00	0.000000e+00
1.588366e+01	1.682943e+01	0.000000e+00	0.000000e+00	0.000000e+00
1.682943e+01	1.783152e+01	0.000000e+00	0.000000e+00	0.000000e+00
1.783152e+01	1.889327e+01	0.000000e+00	0.000000e+00	0.000000e+00
1.889327e+01	2.001825e+01	0.000000e+00	0.000000e+00	0.000000e+00
2.001825e+01	2.121020e+01	0.000000e+00	0.000000e+00	0.000000e+00
2.121020e+01	2.247314e+01	0.000000e+00	0.000000e+00	0.000000e+00
2.247314e+01	2.381127e+01	0.000000e+00	0.000000e+00	0.000000e+00
2.381127e+01	2.522908e+01	0.000000e+00	0.000000e+00	0.000000e+00
2.522908e+01	2.673131e+01	0.000000e+00	0.000000e+00	0.000000e+00
2.673131e+01	2.832298e+01	0.000000e+00	0.000000e+00	0.000000e+00
2.832298e+01	3.000944e+01	0.000000e+00	0.000000e+00	0.000000e+00
3.000944e+01	3.179631e+01	0.000000e+00	0.000000e+00	0.000000e+00
3.179631e+01	3.368957e+01	0.000000e+00	0.000000e+00	0.000000e+00
3.368957e+01	3.569557e+01	0.000000e+00	0.000000e+00	0.000000e+00
3.569557e+01	3.782101e+01	0.000000e+00	0.000000e+00	0.000000e+00
3.782101e+01	4.007301e+01	4.425933e-07	4.425933e-07	4.425933e-07
4.007301e+01	4.245911e+01	0.000000e+00	0.000000e+00	0.000000e+00
4.245911e+01	4.498727e+01	0.000000e+00	0.000000e+00	0.000000e+00
4.498727e+01	4.766598e+01	3.720896e-07	3.720896e-07	3.720896e-07
4.766598e+01	5.050418e+01	7.023607e-07	4.966440e-07	4.966440e-07
5.050418e+01	5.351138e+01	9.943336e-07	5.740787e-07	5.740787e-07
5.351138e+01	5.669764e+01	6.256363e-07	4.423917e-07	4.423917e-07
5.669764e+01	6.007363e+01	8.857135e-07	5.113669e-07	5.113669e-07
6.007363e+01	6.365063e+01	2.507822e-06	8.359407e-07	8.359407e-07
6.365063e+01	6.744061e+01	1.051953e-06	5.259764e-07	5.259764e-07
6.744061e+01	7.145627e+01	1.985666e-06	7.020390e-07	7.020390e-07
7.145627e+01	7.571103e+01	2.108340e-06	7.027800e-07	7.027800e-07
7.571103e+01	8.021914e+01	1.989854e-06	6.632846e-07	6.632846e-07
8.021914e+01	8.499568e+01	4.799407e-06	1.000746e-06	1.000746e-06
8.499568e+01	9.005663e+01	4.726638e-06	9.648210e-07	9.648210e-07
9.005663e+01	9.541892e+01	4.275144e-06	8.914291e-07	8.914291e-07
9.541892e+01	1.011005e+02	4.385752e-06	8.771504e-07	8.771504e-07
1.011005e+02	1.071204e+02	4.470413e-06	8.603314e-07	8.603314e-07
1.071204e+02	1.134987e+02	6.094426e-06	9.758893e-07	9.758893e-07
1.134987e+02	1.202569e+02	4.571975e-06	8.211509e-07	8.211509e-07
1.202569e+02	1.274174e+02	5.707076e-06	8.912956e-07	8.912956e-07
1.274174e+02	1.350043e+02	4.335336e-06	7.546852e-07	7.546852e-07
1.350043e+02	1.430429e+02	4.835678e-06	7.743282e-07	7.743282e-07
1.430429e+02	1.515602e+02	4.680920e-06	7.401184e-07	7.401184e-07
1.515602e+02	1.605846e+02	5.080573e-06	7.490895e-07	7.490895e-07
1.605846e+02	1.701464e+02	4.273831e-06	6.674603e-07	6.674603e-07
1.701464e+02	1.802776e+02	2.951437e-06	5.388562e-07	5.388562e-07
1.802776e+02	1.910119e+02	3.342735e-06	5.571225e-07	5.571225e-07
1.910119e+02	2.023855e+02	3.768284e-06	5.746580e-07	5.746580e-07
2.023855e+02	2.144362e+02	3.721975e-06	5.548392e-07	5.548392e-07
2.144362e+02	2.272045e+02	2.810235e-06	4.683725e-07	4.683725e-07
2.272045e+02	2.407331e+02	3.094351e-06	4.774687e-07	4.774687e-07
2.407331e+02	2.550672e+02	2.294651e-06	3.994475e-07	3.994475e-07
2.550672e+02	2.702549e+02	2.165684e-06	3.769972e-07	3.769972e-07
2.702549e+02	2.863468e+02	1.982056e-06	3.503812e-07	3.503812e-07
2.863468e+02	3.033969e+02	1.110708e-06	2.548138e-07	2.548138e-07
3.033969e+02	3.214623e+02	1.655186e-06	3.021943e-07	3.021943e-07
3.214623e+02	3.406033e+02	9.373053e-07	2.209249e-07	2.209249e-07
3.406033e+02	3.608840e+02	8.354860e-07	2.026351e-07	2.026351e-07
3.608840e+02	3.823724e+02	6.493773e-07	1.735534e-07	1.735534e-07
3.823724e+02	4.051402e+02	6.566642e-07	1.695500e-07	1.695500e-07
4.051402e+02	4.292637e+02	4.958087e-07	1.431276e-07	1.431276e-07
4.292637e+02	4.548236e+02	5.069410e-07	1.406001e-07	1.406001e-07
4.548236e+02	4.819055e+02	2.576274e-07	9.737401e-08	9.737401e-08
4.819055e+02	5.105999e+02	2.084142e-07	8.508474e-08	8.508474e-08
5.105999e+02	5.410028e+02	2.622697e-07	9.272635e-08	9.272635e-08
5.410028e+02	5.732161e+02	2.784713e-07	9.282377e-08	9.282377e-08
5.732161e+02	6.073474e+02	1.168101e-07	5.840504e-08	5.840504e-08
6.073474e+02	6.435111e+02	1.378067e-07	6.162903e-08	6.162903e-08
6.435111e+02	6.818280e+02	5.202509e-08	3.678730e-08	3.678730e-08
6.818280e+02	7.224265e+02	0.000000e+00	0.000000e+00	0.000000e+00
7.224265e+02	7.654424e+02	6.951290e-08	4.013329e-08	4.013329e-08
7.654424e+02	8.110196e+02	1.093441e-07	4.890019e-08	4.890019e-08
8.110196e+02	8.593106e+02	0.000000e+00	0.000000e+00	0.000000e+00
8.593106e+02	9.104771e+02	0.000000e+00	0.000000e+00	0.000000e+00
9.104771e+02	9.646902e+02	0.000000e+00	0.000000e+00	0.000000e+00
9.646902e+02	1.022131e+03	0.000000e+00	0.000000e+00	0.000000e+00
1.022131e+03	1.082993e+03	0.000000e+00	0.000000e+00	0.000000e+00
1.082993e+03	1.147478e+03	0.000000e+00	0.000000e+00	0.000000e+00
1.147478e+03	1.215803e+03	0.000000e+00	0.000000e+00	0.000000e+00
1.215803e+03	1.288196e+03	0.000000e+00	0.000000e+00	0.000000e+00
1.288196e+03	1.364900e+03	0.000000e+00	0.000000e+00	0.000000e+00
1.364900e+03	1.446171e+03	0.000000e+00	0.000000e+00	0.000000e+00
1.446171e+03	1.532281e+03	0.000000e+00	0.000000e+00	0.000000e+00
1.532281e+03	1.623519e+03	0.000000e+00	0.000000e+00	0.000000e+00
1.623519e+03	1.720189e+03	0.000000e+00	0.000000e+00	0.000000e+00
1.720189e+03	1.822615e+03	0.000000e+00	0.000000e+00	0.000000e+00
1.822615e+03	1.931140e+03	0.000000e+00	0.000000e+00	0.000000e+00
1.931140e+03	2.046127e+03	0.000000e+00	0.000000e+00	0.000000e+00
2.046127e+03	2.167961e+03	0.000000e+00	0.000000e+00	0.000000e+00
2.167961e+03	2.297050e+03	0.000000e+00	0.000000e+00	0.000000e+00
2.297050e+03	2.433824e+03	0.000000e+00	0.000000e+00	0.000000e+00
2.433824e+03	2.578743e+03	0.000000e+00	0.000000e+00	0.000000e+00
2.578743e+03	2.732290e+03	0.000000e+00	0.000000e+00	0.000000e+00
2.732290e+03	2.894981e+03	0.000000e+00	0.000000e+00	0.000000e+00
2.894981e+03	3.067358e+03	0.000000e+00	0.000000e+00	0.000000e+00
3.067358e+03	3.250000e+03	0.000000e+00	0.000000e+00	0.000000e+00
# END HISTO1D

