# BEGIN PLOT
Legend=1
LogY=1
Title=Pseudorapidity separation between jets
LegendYPos=0.5
LegendXPos=0.30
XLabel=$\Delta\eta(\mathrm{jet~1,~jet~3})$
YLabel=$\mathrm{d}\sigma/\mathrm{d}\Delta\eta(\mathrm{jet~1,~jet~3})$ [pb]
RemoveOptions=1
DrawOnly=//eos/home-y/youpeng/valid/genValidation/masterVBS_merged.yoda.gz/MC_JETS:ENERGY=13000/jets_deta_13 //eos/home-y/youpeng/valid/genValidation/mg352VBS_merged.yoda.gz/MC_JETS:ENERGY=13000/jets_deta_13
LegendOnly=//eos/home-y/youpeng/valid/genValidation/masterVBS_merged.yoda.gz/MC_JETS:ENERGY=13000/jets_deta_13 //eos/home-y/youpeng/valid/genValidation/mg352VBS_merged.yoda.gz/MC_JETS:ENERGY=13000/jets_deta_13
RatioPlot=1
RatioPlotReference=//eos/home-y/youpeng/valid/genValidation/masterVBS_merged.yoda.gz/MC_JETS:ENERGY=13000/jets_deta_13
RatioPlotYLabel=Ratio
# END PLOT

# BEGIN HISTO1D //eos/home-y/youpeng/valid/genValidation/masterVBS_merged.yoda.gz/MC_JETS:ENERGY=13000/jets_deta_13
ErrorBars=1
LineColor=red
LineStyle=solid
Path=//eos/home-y/youpeng/valid/genValidation/masterVBS_merged.yoda.gz/MC_JETS:ENERGY=13000/jets_deta_13
ScaledBy=1.00503000000000010e-06
Title=VBSZZ@NLO(v2918)
# xlow	 xhigh	 val	 errminus	 errplus
-5.000000e+00	-4.600000e+00	2.261317e-05	7.537725e-06	7.537725e-06
-4.600000e+00	-4.200000e+00	5.276408e-05	1.151406e-05	1.151406e-05
-4.200000e+00	-3.800000e+00	5.276407e-05	1.151406e-05	1.151406e-05
-3.800000e+00	-3.400000e+00	7.788983e-05	1.398942e-05	1.398942e-05
-3.400000e+00	-3.000000e+00	7.537725e-05	1.376194e-05	1.376194e-05
-3.000000e+00	-2.600000e+00	1.130659e-04	1.685487e-05	1.685487e-05
-2.600000e+00	-2.200000e+00	1.030156e-04	1.608833e-05	1.608833e-05
-2.200000e+00	-1.800000e+00	1.005030e-04	1.589092e-05	1.589092e-05
-1.800000e+00	-1.400000e+00	1.256287e-04	1.776659e-05	1.776659e-05
-1.400000e+00	-1.000000e+00	1.582922e-04	1.994295e-05	1.994295e-05
-1.000000e+00	-6.000000e-01	1.306539e-04	1.811844e-05	1.811844e-05
-6.000000e-01	-2.000000e-01	1.130659e-04	1.685487e-05	1.685487e-05
-2.000000e-01	2.000000e-01	1.432168e-04	1.896952e-05	1.896952e-05
2.000000e-01	6.000000e-01	1.256288e-04	1.776659e-05	1.776659e-05
6.000000e-01	1.000000e+00	1.331665e-04	1.829182e-05	1.829182e-05
1.000000e+00	1.400000e+00	1.331665e-04	1.829182e-05	1.829182e-05
1.400000e+00	1.800000e+00	1.080407e-04	1.647606e-05	1.647606e-05
1.800000e+00	2.200000e+00	1.633174e-04	2.025703e-05	2.025703e-05
2.200000e+00	2.600000e+00	1.231162e-04	1.758803e-05	1.758803e-05
2.600000e+00	3.000000e+00	1.180910e-04	1.722535e-05	1.722535e-05
3.000000e+00	3.400000e+00	6.281438e-05	1.256287e-05	1.256287e-05
3.400000e+00	3.800000e+00	6.030180e-05	1.230905e-05	1.230905e-05
3.800000e+00	4.200000e+00	6.030180e-05	1.230905e-05	1.230905e-05
4.200000e+00	4.600000e+00	3.266348e-05	9.059218e-06	9.059218e-06
4.600000e+00	5.000000e+00	3.517605e-05	9.401193e-06	9.401193e-06
# END HISTO1D


# BEGIN HISTO1D //eos/home-y/youpeng/valid/genValidation/mg352VBS_merged.yoda.gz/MC_JETS:ENERGY=13000/jets_deta_13
ErrorBars=1
LineColor=blue
LineStyle=solid
Path=//eos/home-y/youpeng/valid/genValidation/mg352VBS_merged.yoda.gz/MC_JETS:ENERGY=13000/jets_deta_13
ScaledBy=9.96719999999999835e-07
Title=VBSZZ@NLO(v352)
# xlow	 xhigh	 val	 errminus	 errplus
-5.000000e+00	-4.600000e+00	4.236060e-05	1.027395e-05	1.027395e-05
-4.600000e+00	-4.200000e+00	4.236060e-05	1.027395e-05	1.027395e-05
-4.200000e+00	-3.800000e+00	6.229500e-05	1.245900e-05	1.245900e-05
-3.800000e+00	-3.400000e+00	5.481960e-05	1.168758e-05	1.168758e-05
-3.400000e+00	-3.000000e+00	8.222940e-05	1.431430e-05	1.431430e-05
-3.000000e+00	-2.600000e+00	8.721300e-05	1.474169e-05	1.474169e-05
-2.600000e+00	-2.200000e+00	8.970480e-05	1.495080e-05	1.495080e-05
-2.200000e+00	-1.800000e+00	1.320654e-04	1.814058e-05	1.814058e-05
-1.800000e+00	-1.400000e+00	1.395408e-04	1.864692e-05	1.864692e-05
-1.400000e+00	-1.000000e+00	9.219660e-05	1.515703e-05	1.515703e-05
-1.000000e+00	-6.000000e-01	1.171146e-04	1.708292e-05	1.708292e-05
-6.000000e-01	-2.000000e-01	8.970480e-05	1.495080e-05	1.495080e-05
-2.000000e-01	2.000000e-01	1.619670e-04	2.008953e-05	2.008953e-05
2.000000e-01	6.000000e-01	1.445244e-04	1.897698e-05	1.897698e-05
6.000000e-01	1.000000e+00	1.370490e-04	1.847968e-05	1.847968e-05
1.000000e+00	1.400000e+00	1.619670e-04	2.008953e-05	2.008953e-05
1.400000e+00	1.800000e+00	1.096392e-04	1.652873e-05	1.652873e-05
1.800000e+00	2.200000e+00	1.370490e-04	1.847968e-05	1.847968e-05
2.200000e+00	2.600000e+00	1.096392e-04	1.652873e-05	1.652873e-05
2.600000e+00	3.000000e+00	8.472120e-05	1.452957e-05	1.452957e-05
3.000000e+00	3.400000e+00	7.724580e-05	1.387375e-05	1.387375e-05
3.400000e+00	3.800000e+00	6.229500e-05	1.245900e-05	1.245900e-05
3.800000e+00	4.200000e+00	4.236060e-05	1.027395e-05	1.027395e-05
4.200000e+00	4.600000e+00	5.481960e-05	1.168758e-05	1.168758e-05
4.600000e+00	5.000000e+00	3.737700e-05	9.650699e-06	9.650699e-06
# END HISTO1D

