# BEGIN PLOT
Legend=1
LogY=1
Title=$\Delta R$ separation between muons
LegendXPos=0.10
LegendYPos=0.5
XLabel=$\Delta{R}(\mu\mathrm{1,~}\mu\mathrm{2})$
YLabel=$\mathrm{d}\sigma/\mathrm{d}\Delta{R}(\mu\mathrm{1,~}\mu\mathrm{2})$ [pb]
RemoveOptions=1
DrawOnly=//eos/home-y/youpeng/valid/genValidation/masterVBS_merged.yoda.gz/MC_MUONS:ENERGY=13600/muons_dR_12 //eos/home-y/youpeng/valid/genValidation/mg352VBS_merged.yoda.gz/MC_MUONS:ENERGY=13600/muons_dR_12 //eos/home-y/youpeng/valid/genValidation/mg35xVBS_merged.yoda.gz/MC_MUONS:ENERGY=13600/muons_dR_12
LegendOnly=//eos/home-y/youpeng/valid/genValidation/masterVBS_merged.yoda.gz/MC_MUONS:ENERGY=13600/muons_dR_12 //eos/home-y/youpeng/valid/genValidation/mg352VBS_merged.yoda.gz/MC_MUONS:ENERGY=13600/muons_dR_12 //eos/home-y/youpeng/valid/genValidation/mg35xVBS_merged.yoda.gz/MC_MUONS:ENERGY=13600/muons_dR_12
RatioPlot=1
RatioPlotReference=//eos/home-y/youpeng/valid/genValidation/masterVBS_merged.yoda.gz/MC_MUONS:ENERGY=13600/muons_dR_12
RatioPlotYLabel=Ratio
# END PLOT

# BEGIN HISTO1D //eos/home-y/youpeng/valid/genValidation/masterVBS_merged.yoda.gz/MC_MUONS:ENERGY=13600/muons_dR_12
ErrorBars=1
LineColor=red
LineStyle=solid
Path=//eos/home-y/youpeng/valid/genValidation/masterVBS_merged.yoda.gz/MC_MUONS:ENERGY=13600/muons_dR_12
ScaledBy=1.07182617187499956e-09
Title=VBSZZ@LO(v2918)
# xlow	 xhigh	 val	 errminus	 errplus
0.000000e+00	2.000000e-01	6.795380e-06	1.908332e-07	1.908332e-07
2.000000e-01	4.000000e-01	3.878403e-05	4.559043e-07	4.559043e-07
4.000000e-01	6.000000e-01	1.017485e-04	7.384330e-07	7.384330e-07
6.000000e-01	8.000000e-01	1.581479e-04	9.206169e-07	9.206169e-07
8.000000e-01	1.000000e+00	1.913853e-04	1.012748e-06	1.012748e-06
1.000000e+00	1.200000e+00	2.100726e-04	1.061040e-06	1.061040e-06
1.200000e+00	1.400000e+00	2.185400e-04	1.082213e-06	1.082213e-06
1.400000e+00	1.600000e+00	2.208819e-04	1.087996e-06	1.087996e-06
1.600000e+00	1.800000e+00	2.238777e-04	1.095349e-06	1.095349e-06
1.800000e+00	2.000000e+00	2.249763e-04	1.098033e-06	1.098033e-06
2.000000e+00	2.200000e+00	2.266483e-04	1.102106e-06	1.102106e-06
2.200000e+00	2.400000e+00	2.303783e-04	1.111138e-06	1.111138e-06
2.400000e+00	2.600000e+00	2.300835e-04	1.110427e-06	1.110427e-06
2.600000e+00	2.800000e+00	2.332455e-04	1.118031e-06	1.118031e-06
2.800000e+00	3.000000e+00	2.366860e-04	1.126247e-06	1.126247e-06
3.000000e+00	3.200000e+00	2.201584e-04	1.086213e-06	1.086213e-06
3.200000e+00	3.400000e+00	1.023380e-04	7.405690e-07	7.405690e-07
3.400000e+00	3.600000e+00	5.735340e-05	5.544046e-07	5.544046e-07
3.600000e+00	3.800000e+00	3.538098e-05	4.354438e-07	4.354438e-07
3.800000e+00	4.000000e+00	2.234757e-05	3.460687e-07	3.460687e-07
4.000000e+00	4.200000e+00	1.616314e-05	2.943134e-07	2.943134e-07
4.200000e+00	4.400000e+00	1.117379e-05	2.447076e-07	2.447076e-07
4.400000e+00	4.600000e+00	7.824330e-06	2.047721e-07	2.047721e-07
4.600000e+00	4.800000e+00	5.643165e-06	1.739036e-07	1.739036e-07
4.800000e+00	5.000000e+00	4.147967e-06	1.490956e-07	1.490956e-07
# END HISTO1D


# BEGIN HISTO1D //eos/home-y/youpeng/valid/genValidation/mg352VBS_merged.yoda.gz/MC_MUONS:ENERGY=13600/muons_dR_12
ErrorBars=1
LineColor=blue
LineStyle=solid
Path=//eos/home-y/youpeng/valid/genValidation/mg352VBS_merged.yoda.gz/MC_MUONS:ENERGY=13600/muons_dR_12
ScaledBy=1.07425781250000051e-09
Title=VBSZZ@LO(v352)
# xlow	 xhigh	 val	 errminus	 errplus
0.000000e+00	2.000000e-01	6.096415e-06	1.809575e-07	1.809575e-07
2.000000e-01	4.000000e-01	3.875922e-05	4.562751e-07	4.562751e-07
4.000000e-01	6.000000e-01	1.025326e-04	7.421132e-07	7.421132e-07
6.000000e-01	8.000000e-01	1.568416e-04	9.178463e-07	9.178463e-07
8.000000e-01	1.000000e+00	1.903317e-04	1.011102e-06	1.011102e-06
1.000000e+00	1.200000e+00	2.099261e-04	1.061873e-06	1.061873e-06
1.200000e+00	1.400000e+00	2.181227e-04	1.082405e-06	1.082405e-06
1.400000e+00	1.600000e+00	2.212702e-04	1.090186e-06	1.090186e-06
1.600000e+00	1.800000e+00	2.265610e-04	1.103143e-06	1.103143e-06
1.800000e+00	2.000000e+00	2.270766e-04	1.104398e-06	1.104398e-06
2.000000e+00	2.200000e+00	2.271464e-04	1.104567e-06	1.104567e-06
2.200000e+00	2.400000e+00	2.280274e-04	1.106707e-06	1.106707e-06
2.400000e+00	2.600000e+00	2.309171e-04	1.113698e-06	1.113698e-06
2.600000e+00	2.800000e+00	2.334309e-04	1.119743e-06	1.119743e-06
2.800000e+00	3.000000e+00	2.393339e-04	1.133813e-06	1.133813e-06
3.000000e+00	3.200000e+00	2.210822e-04	1.089723e-06	1.089723e-06
3.200000e+00	3.400000e+00	1.021082e-04	7.405760e-07	7.405760e-07
3.400000e+00	3.600000e+00	5.583455e-05	5.476345e-07	5.476345e-07
3.600000e+00	3.800000e+00	3.525714e-05	4.351739e-07	4.351739e-07
3.800000e+00	4.000000e+00	2.315025e-05	3.526283e-07	3.526283e-07
4.000000e+00	4.200000e+00	1.655968e-05	2.982396e-07	2.982396e-07
4.200000e+00	4.400000e+00	1.109708e-05	2.441427e-07	2.441427e-07
4.400000e+00	4.600000e+00	8.384580e-06	2.122169e-07	2.122169e-07
4.600000e+00	4.800000e+00	5.881560e-06	1.777402e-07	1.777402e-07
4.800000e+00	5.000000e+00	4.082179e-06	1.480762e-07	1.480762e-07
# END HISTO1D


# BEGIN HISTO1D //eos/home-y/youpeng/valid/genValidation/mg35xVBS_merged.yoda.gz/MC_MUONS:ENERGY=13600/muons_dR_12
ErrorBars=1
LineColor=green
LineStyle=solid
Path=//eos/home-y/youpeng/valid/genValidation/mg35xVBS_merged.yoda.gz/MC_MUONS:ENERGY=13600/muons_dR_12
ScaledBy=5.51937791219804204e-10
Title=VBSZZ@LO(v35x)
# xlow	 xhigh	 val	 errminus	 errplus
0.000000e+00	2.000000e-01	2.969425e-06	9.052453e-08	9.052453e-08
2.000000e-01	4.000000e-01	1.896734e-05	2.287881e-07	2.287881e-07
4.000000e-01	6.000000e-01	5.300810e-05	3.824734e-07	3.824734e-07
6.000000e-01	8.000000e-01	7.929140e-05	4.677815e-07	4.677815e-07
8.000000e-01	1.000000e+00	9.653115e-05	5.161356e-07	5.161356e-07
1.000000e+00	1.200000e+00	1.054312e-04	5.394045e-07	5.394045e-07
1.200000e+00	1.400000e+00	1.102524e-04	5.515997e-07	5.515997e-07
1.400000e+00	1.600000e+00	1.135005e-04	5.596660e-07	5.596660e-07
1.600000e+00	1.800000e+00	1.129982e-04	5.584264e-07	5.584264e-07
1.800000e+00	2.000000e+00	1.142981e-04	5.616289e-07	5.616289e-07
2.000000e+00	2.200000e+00	1.144222e-04	5.619339e-07	5.619339e-07
2.200000e+00	2.400000e+00	1.147727e-04	5.627939e-07	5.627939e-07
2.400000e+00	2.600000e+00	1.154902e-04	5.645503e-07	5.645503e-07
2.600000e+00	2.800000e+00	1.173503e-04	5.690784e-07	5.690784e-07
2.800000e+00	3.000000e+00	1.209627e-04	5.777711e-07	5.777711e-07
3.000000e+00	3.200000e+00	1.118888e-04	5.556782e-07	5.556782e-07
3.200000e+00	3.400000e+00	5.215535e-05	3.793845e-07	3.793845e-07
3.400000e+00	3.600000e+00	2.844411e-05	2.801730e-07	2.801730e-07
3.600000e+00	3.800000e+00	1.747987e-05	2.196338e-07	2.196338e-07
3.800000e+00	4.000000e+00	1.161277e-05	1.790185e-07	1.790185e-07
4.000000e+00	4.200000e+00	8.463965e-06	1.528330e-07	1.528330e-07
4.200000e+00	4.400000e+00	5.458665e-06	1.227364e-07	1.227364e-07
4.400000e+00	4.600000e+00	4.023627e-06	1.053753e-07	1.053753e-07
4.600000e+00	4.800000e+00	2.734852e-06	8.687543e-08	8.687543e-08
4.800000e+00	5.000000e+00	2.185673e-06	7.766454e-08	7.766454e-08
# END HISTO1D

