# BEGIN PLOT
Legend=1
LogY=1
Title=Rapidity of second muon
XLabel=$y(\mu\mathrm{2})$
YLabel=$\mathrm{d}\sigma/\mathrm{d}y(\mu\mathrm{2})$ [pb]
RemoveOptions=1
DrawOnly=//ospool/cms-user/youpeng/genvalid/genValidation/masterVBS_merged.yoda.gz/MC_MUONS:ENERGY=13600/muon_y_2 //ospool/cms-user/youpeng/genvalid/genValidation/mg352VBS_merged.yoda.gz/MC_MUONS:ENERGY=13600/muon_y_2 //ospool/cms-user/youpeng/genvalid/genValidation/mg35xVBS_merged.yoda.gz/MC_MUONS:ENERGY=13600/muon_y_2
LegendOnly=//ospool/cms-user/youpeng/genvalid/genValidation/masterVBS_merged.yoda.gz/MC_MUONS:ENERGY=13600/muon_y_2 //ospool/cms-user/youpeng/genvalid/genValidation/mg352VBS_merged.yoda.gz/MC_MUONS:ENERGY=13600/muon_y_2 //ospool/cms-user/youpeng/genvalid/genValidation/mg35xVBS_merged.yoda.gz/MC_MUONS:ENERGY=13600/muon_y_2
RatioPlot=1
RatioPlotReference=//ospool/cms-user/youpeng/genvalid/genValidation/masterVBS_merged.yoda.gz/MC_MUONS:ENERGY=13600/muon_y_2
RatioPlotYLabel=Ratio
# END PLOT

# BEGIN HISTO1D //ospool/cms-user/youpeng/genvalid/genValidation/masterVBS_merged.yoda.gz/MC_MUONS:ENERGY=13600/muon_y_2
ErrorBars=1
LineColor=red
LineStyle=solid
Path=//ospool/cms-user/youpeng/genvalid/genValidation/masterVBS_merged.yoda.gz/MC_MUONS:ENERGY=13600/muon_y_2
ScaledBy=1.07182617187499956e-09
Title=VBSZZ@LO(v2918)
# xlow	 xhigh	 val	 errminus	 errplus
-5.000000e+00	-4.800000e+00	4.233713e-07	4.763300e-08	4.763300e-08
-4.800000e+00	-4.600000e+00	5.787860e-07	5.569372e-08	5.569372e-08
-4.600000e+00	-4.400000e+00	6.752505e-07	6.015609e-08	6.015609e-08
-4.400000e+00	-4.200000e+00	7.502785e-07	6.341009e-08	6.341009e-08
-4.200000e+00	-4.000000e+00	7.931515e-07	6.519664e-08	6.519664e-08
-4.000000e+00	-3.800000e+00	9.485660e-07	7.129860e-08	7.129860e-08
-3.800000e+00	-3.600000e+00	1.061108e-06	7.540965e-08	7.540965e-08
-3.600000e+00	-3.400000e+00	1.280832e-06	8.285015e-08	8.285015e-08
-3.400000e+00	-3.200000e+00	1.318346e-06	8.405468e-08	8.405468e-08
-3.200000e+00	-3.000000e+00	2.181166e-06	1.081164e-07	1.081164e-07
-3.000000e+00	-2.800000e+00	2.729405e-05	3.824557e-07	3.824557e-07
-2.800000e+00	-2.600000e+00	3.597585e-05	4.390891e-07	4.390891e-07
-2.600000e+00	-2.400000e+00	4.569195e-05	4.948426e-07	4.948426e-07
-2.400000e+00	-2.200000e+00	5.686575e-05	5.520426e-07	5.520426e-07
-2.200000e+00	-2.000000e+00	7.052080e-05	6.147603e-07	6.147603e-07
-2.000000e+00	-1.800000e+00	8.381145e-05	6.701914e-07	6.701914e-07
-1.800000e+00	-1.600000e+00	9.779880e-05	7.239589e-07	7.239589e-07
-1.600000e+00	-1.400000e+00	1.132331e-04	7.789934e-07	7.789934e-07
-1.400000e+00	-1.200000e+00	1.272312e-04	8.257410e-07	8.257410e-07
-1.200000e+00	-1.000000e+00	1.386890e-04	8.621208e-07	8.621208e-07
-1.000000e+00	-8.000000e-01	1.489571e-04	8.934653e-07	8.934653e-07
-8.000000e-01	-6.000000e-01	1.569904e-04	9.172415e-07	9.172415e-07
-6.000000e-01	-4.000000e-01	1.634750e-04	9.359933e-07	9.359933e-07
-4.000000e-01	-2.000000e-01	1.686411e-04	9.506682e-07	9.506682e-07
-2.000000e-01	0.000000e+00	1.718351e-04	9.596287e-07	9.596287e-07
0.000000e+00	2.000000e-01	1.722103e-04	9.606755e-07	9.606755e-07
2.000000e-01	4.000000e-01	1.702864e-04	9.552942e-07	9.552942e-07
4.000000e-01	6.000000e-01	1.654953e-04	9.417595e-07	9.417595e-07
6.000000e-01	8.000000e-01	1.566259e-04	9.161763e-07	9.161763e-07
8.000000e-01	1.000000e+00	1.504523e-04	8.979383e-07	8.979383e-07
1.000000e+00	1.200000e+00	1.399269e-04	8.659599e-07	8.659599e-07
1.200000e+00	1.400000e+00	1.263469e-04	8.228666e-07	8.228666e-07
1.400000e+00	1.600000e+00	1.121934e-04	7.754091e-07	7.754091e-07
1.600000e+00	1.800000e+00	9.956730e-05	7.304754e-07	7.304754e-07
1.800000e+00	2.000000e+00	8.412230e-05	6.714330e-07	6.714330e-07
2.000000e+00	2.200000e+00	7.049400e-05	6.146434e-07	6.146434e-07
2.200000e+00	2.400000e+00	5.817335e-05	5.583536e-07	5.583536e-07
2.400000e+00	2.600000e+00	4.685488e-05	5.011003e-07	5.011003e-07
2.600000e+00	2.800000e+00	3.724596e-05	4.467728e-07	4.467728e-07
2.800000e+00	3.000000e+00	2.754057e-05	3.841790e-07	3.841790e-07
3.000000e+00	3.200000e+00	2.331222e-06	1.117735e-07	1.117735e-07
3.200000e+00	3.400000e+00	1.323706e-06	8.422535e-08	8.422535e-08
3.400000e+00	3.600000e+00	1.275473e-06	8.267664e-08	8.267664e-08
3.600000e+00	3.800000e+00	1.034313e-06	7.445143e-08	7.445143e-08
3.800000e+00	4.000000e+00	9.539255e-07	7.149972e-08	7.149972e-08
4.000000e+00	4.200000e+00	7.717150e-07	6.430956e-08	6.430956e-08
4.200000e+00	4.400000e+00	6.430955e-07	5.870635e-08	5.870635e-08
4.400000e+00	4.600000e+00	6.216590e-07	5.771960e-08	5.771960e-08
4.600000e+00	4.800000e+00	4.769626e-07	5.055794e-08	5.055794e-08
4.800000e+00	5.000000e+00	4.983991e-07	5.168160e-08	5.168160e-08
# END HISTO1D


# BEGIN HISTO1D //ospool/cms-user/youpeng/genvalid/genValidation/mg352VBS_merged.yoda.gz/MC_MUONS:ENERGY=13600/muon_y_2
ErrorBars=1
LineColor=blue
LineStyle=solid
Path=//ospool/cms-user/youpeng/genvalid/genValidation/mg352VBS_merged.yoda.gz/MC_MUONS:ENERGY=13600/muon_y_2
ScaledBy=1.07425781250000051e-09
Title=VBSZZ@LO(v352)
# xlow	 xhigh	 val	 errminus	 errplus
-5.000000e+00	-4.800000e+00	4.511883e-07	4.922868e-08	4.922868e-08
-4.800000e+00	-4.600000e+00	5.317575e-07	5.344366e-08	5.344366e-08
-4.600000e+00	-4.400000e+00	5.478715e-07	5.424735e-08	5.424735e-08
-4.400000e+00	-4.200000e+00	7.197525e-07	6.217717e-08	6.217717e-08
-4.200000e+00	-4.000000e+00	7.842080e-07	6.490154e-08	6.490154e-08
-4.000000e+00	-3.800000e+00	8.540350e-07	6.772937e-08	6.772937e-08
-3.800000e+00	-3.600000e+00	9.614605e-07	7.186294e-08	7.186294e-08
-3.600000e+00	-3.400000e+00	1.176312e-06	7.948781e-08	7.948781e-08
-3.400000e+00	-3.200000e+00	1.450248e-06	8.825929e-08	8.825929e-08
-3.200000e+00	-3.000000e+00	2.180743e-06	1.082285e-07	1.082285e-07
-3.000000e+00	-2.800000e+00	2.693164e-05	3.803389e-07	3.803389e-07
-2.800000e+00	-2.600000e+00	3.558479e-05	4.371913e-07	4.371913e-07
-2.600000e+00	-2.400000e+00	4.624143e-05	4.983734e-07	4.983734e-07
-2.400000e+00	-2.200000e+00	5.781120e-05	5.572437e-07	5.572437e-07
-2.200000e+00	-2.000000e+00	7.079360e-05	6.166464e-07	6.166464e-07
-2.000000e+00	-1.800000e+00	8.530680e-05	6.769103e-07	6.769103e-07
-1.800000e+00	-1.600000e+00	9.958370e-05	7.313636e-07	7.313636e-07
-1.600000e+00	-1.400000e+00	1.127970e-04	7.783738e-07	7.783738e-07
-1.400000e+00	-1.200000e+00	1.256022e-04	8.213682e-07	8.213682e-07
-1.200000e+00	-1.000000e+00	1.381066e-04	8.612842e-07	8.612842e-07
-1.000000e+00	-8.000000e-01	1.502135e-04	8.982427e-07	8.982427e-07
-8.000000e-01	-6.000000e-01	1.590707e-04	9.243456e-07	9.243456e-07
-6.000000e-01	-4.000000e-01	1.656130e-04	9.431622e-07	9.431622e-07
-4.000000e-01	-2.000000e-01	1.700281e-04	9.556517e-07	9.556517e-07
-2.000000e-01	0.000000e+00	1.745937e-04	9.683974e-07	9.683974e-07
0.000000e+00	2.000000e-01	1.735356e-04	9.654584e-07	9.654584e-07
2.000000e-01	4.000000e-01	1.670847e-04	9.473438e-07	9.473438e-07
4.000000e-01	6.000000e-01	1.652101e-04	9.420145e-07	9.420145e-07
6.000000e-01	8.000000e-01	1.593876e-04	9.252659e-07	9.252659e-07
8.000000e-01	1.000000e+00	1.502350e-04	8.983069e-07	8.983069e-07
1.000000e+00	1.200000e+00	1.388854e-04	8.637093e-07	8.637093e-07
1.200000e+00	1.400000e+00	1.253767e-04	8.206302e-07	8.206302e-07
1.400000e+00	1.600000e+00	1.126842e-04	7.779844e-07	7.779844e-07
1.600000e+00	1.800000e+00	9.765005e-05	7.242282e-07	7.242282e-07
1.800000e+00	2.000000e+00	8.431850e-05	6.729777e-07	6.729777e-07
2.000000e+00	2.200000e+00	7.010070e-05	6.136212e-07	6.136212e-07
2.200000e+00	2.400000e+00	5.704845e-05	5.535556e-07	5.535556e-07
2.400000e+00	2.600000e+00	4.683227e-05	5.015474e-07	5.015474e-07
2.600000e+00	2.800000e+00	3.567073e-05	4.377189e-07	4.377189e-07
2.800000e+00	3.000000e+00	2.692627e-05	3.803009e-07	3.803009e-07
3.000000e+00	3.200000e+00	2.261312e-06	1.102096e-07	1.102096e-07
3.200000e+00	3.400000e+00	1.428763e-06	8.760307e-08	8.760307e-08
3.400000e+00	3.600000e+00	1.272995e-06	8.268995e-08	8.268995e-08
3.600000e+00	3.800000e+00	1.058144e-06	7.538964e-08	7.538964e-08
3.800000e+00	4.000000e+00	9.722035e-07	7.226330e-08	7.226330e-08
4.000000e+00	4.200000e+00	7.519805e-07	6.355395e-08	6.355395e-08
4.200000e+00	4.400000e+00	7.412380e-07	6.309836e-08	6.309836e-08
4.400000e+00	4.600000e+00	6.015845e-07	5.684437e-08	5.684437e-08
4.600000e+00	4.800000e+00	5.532430e-07	5.451264e-08	5.451264e-08
4.800000e+00	5.000000e+00	5.263865e-07	5.317304e-08	5.317304e-08
# END HISTO1D


# BEGIN HISTO1D //ospool/cms-user/youpeng/genvalid/genValidation/mg35xVBS_merged.yoda.gz/MC_MUONS:ENERGY=13600/muon_y_2
ErrorBars=1
LineColor=green
LineStyle=solid
Path=//ospool/cms-user/youpeng/genvalid/genValidation/mg35xVBS_merged.yoda.gz/MC_MUONS:ENERGY=13600/muon_y_2
ScaledBy=5.51937791219804204e-10
Title=VBSZZ@LO(v35x)
# xlow	 xhigh	 val	 errminus	 errplus
-5.000000e+00	-4.800000e+00	2.373332e-07	2.559230e-08	2.559230e-08
-4.800000e+00	-4.600000e+00	2.621704e-07	2.689812e-08	2.689812e-08
-4.600000e+00	-4.400000e+00	3.173643e-07	2.959437e-08	2.959437e-08
-4.400000e+00	-4.200000e+00	3.559999e-07	3.134404e-08	3.134404e-08
-4.200000e+00	-4.000000e+00	4.470696e-07	3.512510e-08	3.512510e-08
-4.000000e+00	-3.800000e+00	4.029146e-07	3.334545e-08	3.334545e-08
-3.800000e+00	-3.600000e+00	5.050230e-07	3.733238e-08	3.733238e-08
-3.600000e+00	-3.400000e+00	6.568060e-07	4.257441e-08	4.257441e-08
-3.400000e+00	-3.200000e+00	7.478755e-07	4.543021e-08	4.543021e-08
-3.200000e+00	-3.000000e+00	1.098356e-06	5.505563e-08	5.505563e-08
-3.000000e+00	-2.800000e+00	1.386467e-05	1.956073e-07	1.956073e-07
-2.800000e+00	-2.600000e+00	1.860859e-05	2.266140e-07	2.266140e-07
-2.600000e+00	-2.400000e+00	2.312343e-05	2.526133e-07	2.526133e-07
-2.400000e+00	-2.200000e+00	2.900157e-05	2.829052e-07	2.829052e-07
-2.200000e+00	-2.000000e+00	3.575729e-05	3.141321e-07	3.141321e-07
-2.000000e+00	-1.800000e+00	4.231155e-05	3.417115e-07	3.417115e-07
-1.800000e+00	-1.600000e+00	4.968820e-05	3.703025e-07	3.703025e-07
-1.600000e+00	-1.400000e+00	5.655155e-05	3.950502e-07	3.950502e-07
-1.400000e+00	-1.200000e+00	6.355840e-05	4.188095e-07	4.188095e-07
-1.200000e+00	-1.000000e+00	7.002435e-05	4.395969e-07	4.395969e-07
-1.000000e+00	-8.000000e-01	7.581140e-05	4.574013e-07	4.574013e-07
-8.000000e-01	-6.000000e-01	7.963635e-05	4.687980e-07	4.687980e-07
-6.000000e-01	-4.000000e-01	8.400770e-05	4.814926e-07	4.814926e-07
-4.000000e-01	-2.000000e-01	8.610505e-05	4.874661e-07	4.874661e-07
-2.000000e-01	0.000000e+00	8.763390e-05	4.917747e-07	4.917747e-07
0.000000e+00	2.000000e-01	8.771395e-05	4.919992e-07	4.919992e-07
2.000000e-01	4.000000e-01	8.503705e-05	4.844335e-07	4.844335e-07
4.000000e-01	6.000000e-01	8.365170e-05	4.804713e-07	4.804713e-07
6.000000e-01	8.000000e-01	7.976880e-05	4.691877e-07	4.691877e-07
8.000000e-01	1.000000e+00	7.448675e-05	4.533876e-07	4.533876e-07
1.000000e+00	1.200000e+00	6.984495e-05	4.390335e-07	4.390335e-07
1.200000e+00	1.400000e+00	6.413240e-05	4.206964e-07	4.206964e-07
1.400000e+00	1.600000e+00	5.707035e-05	3.968583e-07	3.968583e-07
1.600000e+00	1.800000e+00	4.977651e-05	3.706315e-07	3.706315e-07
1.800000e+00	2.000000e+00	4.252957e-05	3.425907e-07	3.425907e-07
2.000000e+00	2.200000e+00	3.537921e-05	3.124670e-07	3.124670e-07
2.200000e+00	2.400000e+00	2.910644e-05	2.834162e-07	2.834162e-07
2.400000e+00	2.600000e+00	2.324486e-05	2.532757e-07	2.532757e-07
2.600000e+00	2.800000e+00	1.831054e-05	2.247918e-07	2.247918e-07
2.800000e+00	3.000000e+00	1.352523e-05	1.931980e-07	1.931980e-07
3.000000e+00	3.200000e+00	1.197705e-06	5.749167e-08	5.749167e-08
3.200000e+00	3.400000e+00	7.782325e-07	4.634306e-08	4.634306e-08
3.400000e+00	3.600000e+00	6.181705e-07	4.130324e-08	4.130324e-08
3.600000e+00	3.800000e+00	5.408990e-07	3.863564e-08	3.863564e-08
3.800000e+00	4.000000e+00	4.249921e-07	3.424684e-08	3.424684e-08
4.000000e+00	4.200000e+00	4.553487e-07	3.544885e-08	3.544885e-08
4.200000e+00	4.400000e+00	2.980464e-07	2.867953e-08	2.867953e-08
4.400000e+00	4.600000e+00	3.118449e-07	2.933590e-08	2.933590e-08
4.600000e+00	4.800000e+00	2.952867e-07	2.854644e-08	2.854644e-08
4.800000e+00	5.000000e+00	2.373332e-07	2.559230e-08	2.559230e-08
# END HISTO1D

