# BEGIN PLOT
Legend=1
LogY=1
Title=Transverse momentum of leading muon
XLabel=$p_\perp(\mu\mathrm{1})$ [GeV]
YLabel=$\mathrm{d}\sigma/\mathrm{d}p_\perp(\mu\mathrm{1}$ [pb/GeV]
LogX=1
LegendXPos=0.05
LegendYPos=0.5
XMin=20.0
RemoveOptions=1
DrawOnly=//eos/home-y/youpeng/valid/genValidation/masterVBS_merged.yoda.gz/MC_MUONS:ENERGY=13600/muon_pt_1 //eos/home-y/youpeng/valid/genValidation/mg352VBS_merged.yoda.gz/MC_MUONS:ENERGY=13600/muon_pt_1 //eos/home-y/youpeng/valid/genValidation/mg35xVBS_merged.yoda.gz/MC_MUONS:ENERGY=13600/muon_pt_1
LegendOnly=//eos/home-y/youpeng/valid/genValidation/masterVBS_merged.yoda.gz/MC_MUONS:ENERGY=13600/muon_pt_1 //eos/home-y/youpeng/valid/genValidation/mg352VBS_merged.yoda.gz/MC_MUONS:ENERGY=13600/muon_pt_1 //eos/home-y/youpeng/valid/genValidation/mg35xVBS_merged.yoda.gz/MC_MUONS:ENERGY=13600/muon_pt_1
RatioPlot=1
RatioPlotReference=//eos/home-y/youpeng/valid/genValidation/masterVBS_merged.yoda.gz/MC_MUONS:ENERGY=13600/muon_pt_1
RatioPlotYLabel=Ratio
# END PLOT

# BEGIN HISTO1D //eos/home-y/youpeng/valid/genValidation/masterVBS_merged.yoda.gz/MC_MUONS:ENERGY=13600/muon_pt_1
ErrorBars=1
LineColor=red
LineStyle=solid
Path=//eos/home-y/youpeng/valid/genValidation/masterVBS_merged.yoda.gz/MC_MUONS:ENERGY=13600/muon_pt_1
ScaledBy=1.07182617187499956e-09
Title=VBSZZ@LO(v2918)
# xlow	 xhigh	 val	 errminus	 errplus
1.000000e+00	1.084713e+00	1.982638e-05	5.008512e-07	5.008512e-07
1.084713e+00	1.176602e+00	1.728657e-05	4.490398e-07	4.490398e-07
1.176602e+00	1.276275e+00	1.599035e-05	4.146697e-07	4.146697e-07
1.276275e+00	1.384392e+00	1.490011e-05	3.843349e-07	3.843349e-07
1.384392e+00	1.501668e+00	1.385525e-05	3.558482e-07	3.558482e-07
1.501668e+00	1.628879e+00	1.217496e-05	3.202828e-07	3.202828e-07
1.628879e+00	1.766866e+00	1.113095e-05	2.940420e-07	2.940420e-07
1.766866e+00	1.916542e+00	1.056960e-05	2.751157e-07	2.751157e-07
1.916542e+00	2.078898e+00	8.892496e-06	2.422924e-07	2.422924e-07
2.078898e+00	2.255007e+00	8.800578e-06	2.314339e-07	2.314339e-07
2.255007e+00	2.446035e+00	8.051547e-06	2.125462e-07	2.125462e-07
2.446035e+00	2.653246e+00	7.458933e-06	1.964238e-07	1.964238e-07
2.653246e+00	2.878010e+00	7.162548e-06	1.848130e-07	1.848130e-07
2.878010e+00	3.121814e+00	6.524052e-06	1.693560e-07	1.693560e-07
3.121814e+00	3.386272e+00	6.269861e-06	1.594090e-07	1.594090e-07
3.386272e+00	3.673133e+00	5.948341e-06	1.490817e-07	1.490817e-07
3.673133e+00	3.984294e+00	5.704262e-06	1.401746e-07	1.401746e-07
3.984294e+00	4.321815e+00	5.493759e-06	1.320829e-07	1.320829e-07
4.321815e+00	4.687929e+00	5.345753e-06	1.251003e-07	1.251003e-07
4.687929e+00	5.085057e+00	5.179272e-06	1.182310e-07	1.182310e-07
5.085057e+00	5.515826e+00	4.901694e-06	1.104366e-07	1.104366e-07
5.515826e+00	5.983088e+00	4.913415e-06	1.061631e-07	1.061631e-07
5.983088e+00	6.489932e+00	5.064722e-06	1.034911e-07	1.034911e-07
6.489932e+00	7.039713e+00	4.610689e-06	9.480914e-08	9.480914e-08
7.039713e+00	7.636067e+00	4.496841e-06	8.990087e-08	8.990087e-08
7.636067e+00	8.282940e+00	4.593022e-06	8.723725e-08	8.723725e-08
8.282940e+00	8.984612e+00	4.298474e-06	8.103120e-08	8.103120e-08
8.984612e+00	9.745724e+00	4.085296e-06	7.584897e-08	7.584897e-08
9.745724e+00	1.057131e+01	4.053171e-06	7.254016e-08	7.254016e-08
1.057131e+01	1.146684e+01	3.825172e-06	6.766243e-08	6.766243e-08
1.146684e+01	1.243823e+01	3.676510e-06	6.369175e-08	6.369175e-08
1.243823e+01	1.349190e+01	3.551155e-06	6.010279e-08	6.010279e-08
1.349190e+01	1.463484e+01	3.496981e-06	5.726603e-08	5.726603e-08
1.463484e+01	1.587460e+01	3.233392e-06	5.287161e-08	5.287161e-08
1.587460e+01	1.721938e+01	3.044644e-06	4.926118e-08	4.926118e-08
1.721938e+01	1.867809e+01	2.983928e-06	4.682437e-08	4.682437e-08
1.867809e+01	2.026036e+01	2.859296e-06	4.401001e-08	4.401001e-08
2.026036e+01	2.197668e+01	2.717784e-06	4.119747e-08	4.119747e-08
2.197668e+01	2.383838e+01	2.553914e-06	3.834515e-08	3.834515e-08
2.383838e+01	2.585780e+01	2.349141e-06	3.531046e-08	3.531046e-08
2.585780e+01	2.804829e+01	2.350150e-06	3.391091e-08	3.391091e-08
2.804829e+01	3.042434e+01	2.271267e-06	3.200874e-08	3.200874e-08
3.042434e+01	3.300167e+01	2.234869e-06	3.048619e-08	3.048619e-08
3.300167e+01	3.579734e+01	2.405376e-06	3.036762e-08	3.036762e-08
3.579734e+01	3.882983e+01	2.643081e-06	3.056453e-08	3.056453e-08
3.882983e+01	4.211922e+01	3.021220e-06	3.137587e-08	3.137587e-08
4.211922e+01	4.568726e+01	3.929785e-06	3.435830e-08	3.435830e-08
4.568726e+01	4.955756e+01	5.329636e-06	3.841834e-08	3.841834e-08
4.955756e+01	5.375572e+01	6.071238e-06	3.937053e-08	3.937053e-08
5.375572e+01	5.830952e+01	6.447479e-06	3.895563e-08	3.895563e-08
5.830952e+01	6.324909e+01	6.546521e-06	3.768972e-08	3.768972e-08
6.324909e+01	6.860710e+01	6.424744e-06	3.584993e-08	3.584993e-08
6.860710e+01	7.441900e+01	6.104092e-06	3.355163e-08	3.355163e-08
7.441900e+01	8.072325e+01	5.736356e-06	3.122939e-08	3.122939e-08
8.072325e+01	8.756154e+01	5.280064e-06	2.876789e-08	2.876789e-08
8.756154e+01	9.497913e+01	4.804411e-06	2.634819e-08	2.634819e-08
9.497913e+01	1.030251e+02	4.378305e-06	2.415049e-08	2.415049e-08
1.030251e+02	1.117526e+02	3.777152e-06	2.153770e-08	2.153770e-08
1.117526e+02	1.212195e+02	3.320239e-06	1.938844e-08	1.938844e-08
1.212195e+02	1.314884e+02	2.842888e-06	1.722583e-08	1.722583e-08
1.314884e+02	1.426271e+02	2.444125e-06	1.533581e-08	1.533581e-08
1.426271e+02	1.547095e+02	2.067646e-06	1.354327e-08	1.354327e-08
1.547095e+02	1.678154e+02	1.721673e-06	1.186600e-08	1.186600e-08
1.678154e+02	1.820315e+02	1.390665e-06	1.023961e-08	1.023961e-08
1.820315e+02	1.974519e+02	1.145684e-06	8.923739e-09	8.923739e-09
1.974519e+02	2.141786e+02	9.354218e-07	7.742136e-09	7.742136e-09
2.141786e+02	2.323223e+02	7.383103e-07	6.604177e-09	6.604177e-09
2.323223e+02	2.520030e+02	5.714024e-07	5.578443e-09	5.578443e-09
2.520030e+02	2.733509e+02	4.469478e-07	4.737105e-09	4.737105e-09
2.733509e+02	2.965072e+02	3.455294e-07	3.999172e-09	3.999172e-09
2.965072e+02	3.216252e+02	2.518907e-07	3.278504e-09	3.278504e-09
3.216252e+02	3.488710e+02	1.979545e-07	2.790584e-09	2.790584e-09
3.488710e+02	3.784248e+02	1.420214e-07	2.269511e-09	2.269511e-09
3.784248e+02	4.104823e+02	1.041150e-07	1.865753e-09	1.865753e-09
4.104823e+02	4.452554e+02	7.425363e-08	1.512862e-09	1.512862e-09
4.452554e+02	4.829743e+02	5.183107e-08	1.213606e-09	1.213606e-09
4.829743e+02	5.238884e+02	3.573269e-08	9.675170e-10	9.675170e-10
5.238884e+02	5.682685e+02	2.366804e-08	7.560475e-10	7.560475e-10
5.682685e+02	6.164081e+02	1.589718e-08	5.949370e-10	5.949370e-10
6.164081e+02	6.686258e+02	1.073515e-08	4.694155e-10	4.694155e-10
6.686258e+02	7.252670e+02	5.979695e-09	3.363841e-10	3.363841e-10
7.252670e+02	7.867065e+02	3.680943e-09	2.534066e-10	2.534066e-10
7.867065e+02	8.533506e+02	2.412425e-09	1.969737e-10	1.969737e-10
8.533506e+02	9.256404e+02	1.289931e-09	1.382952e-10	1.382952e-10
9.256404e+02	1.004054e+03	6.834441e-10	9.665359e-11	9.665359e-11
1.004054e+03	1.089110e+03	4.284482e-10	7.347826e-11	7.347826e-11
1.089110e+03	1.181372e+03	3.833676e-10	6.673573e-11	6.673573e-11
1.181372e+03	1.281449e+03	6.426009e-11	2.623407e-11	2.623407e-11
1.281449e+03	1.390005e+03	1.283553e-10	3.559936e-11	3.559936e-11
1.390005e+03	1.507756e+03	4.551240e-11	2.035377e-11	2.035377e-11
1.507756e+03	1.635482e+03	2.517482e-11	1.453469e-11	1.453469e-11
1.635482e+03	1.774029e+03	7.736191e-12	7.736191e-12	7.736191e-12
1.774029e+03	1.924312e+03	2.139616e-11	1.235308e-11	1.235308e-11
1.924312e+03	2.087326e+03	0.000000e+00	0.000000e+00	0.000000e+00
2.087326e+03	2.264149e+03	0.000000e+00	0.000000e+00	0.000000e+00
2.264149e+03	2.455951e+03	0.000000e+00	0.000000e+00	0.000000e+00
2.455951e+03	2.664002e+03	0.000000e+00	0.000000e+00	0.000000e+00
2.664002e+03	2.889677e+03	0.000000e+00	0.000000e+00	0.000000e+00
2.889677e+03	3.134470e+03	0.000000e+00	0.000000e+00	0.000000e+00
3.134470e+03	3.400000e+03	0.000000e+00	0.000000e+00	0.000000e+00
# END HISTO1D


# BEGIN HISTO1D //eos/home-y/youpeng/valid/genValidation/mg352VBS_merged.yoda.gz/MC_MUONS:ENERGY=13600/muon_pt_1
ErrorBars=1
LineColor=blue
LineStyle=solid
Path=//eos/home-y/youpeng/valid/genValidation/mg352VBS_merged.yoda.gz/MC_MUONS:ENERGY=13600/muon_pt_1
ScaledBy=1.07425781250000051e-09
Title=VBSZZ@LO(v352)
# xlow	 xhigh	 val	 errminus	 errplus
1.000000e+00	1.084713e+00	1.973186e-05	5.002225e-07	5.002225e-07
1.084713e+00	1.176602e+00	1.884561e-05	4.693832e-07	4.693832e-07
1.176602e+00	1.276275e+00	1.638229e-05	4.201968e-07	4.201968e-07
1.276275e+00	1.384392e+00	1.501340e-05	3.862307e-07	3.862307e-07
1.384392e+00	1.501668e+00	1.352029e-05	3.519189e-07	3.519189e-07
1.501668e+00	1.628879e+00	1.204213e-05	3.188920e-07	3.188920e-07
1.628879e+00	1.766866e+00	1.185688e-05	3.038227e-07	3.038227e-07
1.766866e+00	1.916542e+00	9.796908e-06	2.651690e-07	2.651690e-07
1.916542e+00	2.078898e+00	9.746372e-06	2.539461e-07	2.539461e-07
2.078898e+00	2.255007e+00	8.625346e-06	2.293779e-07	2.293779e-07
2.255007e+00	2.446035e+00	8.103555e-06	2.134733e-07	2.134733e-07
2.446035e+00	2.653246e+00	7.558807e-06	1.979587e-07	1.979587e-07
2.653246e+00	2.878010e+00	7.178796e-06	1.852323e-07	1.852323e-07
2.878010e+00	3.121814e+00	6.812042e-06	1.732497e-07	1.732497e-07
3.121814e+00	3.386272e+00	6.304396e-06	1.600286e-07	1.600286e-07
3.386272e+00	3.673133e+00	5.909409e-06	1.487615e-07	1.487615e-07
3.673133e+00	3.984294e+00	5.855300e-06	1.421793e-07	1.421793e-07
3.984294e+00	4.321815e+00	5.487125e-06	1.321528e-07	1.321528e-07
4.321815e+00	4.687929e+00	5.407761e-06	1.259664e-07	1.259664e-07
4.687929e+00	5.085057e+00	5.361443e-06	1.204287e-07	1.204287e-07
5.085057e+00	5.515826e+00	5.037505e-06	1.120830e-07	1.120830e-07
5.515826e+00	5.983088e+00	5.021121e-06	1.074421e-07	1.074421e-07
5.983088e+00	6.489932e+00	4.883337e-06	1.017362e-07	1.017362e-07
6.489932e+00	7.039713e+00	4.787237e-06	9.671678e-08	9.671678e-08
7.039713e+00	7.636067e+00	4.770044e-06	9.269651e-08	9.269651e-08
7.636067e+00	8.282940e+00	4.389212e-06	8.537645e-08	8.537645e-08
8.282940e+00	8.984612e+00	4.335784e-06	8.147437e-08	8.147437e-08
8.984612e+00	9.745724e+00	4.183484e-06	7.684206e-08	7.684206e-08
9.745724e+00	1.057131e+01	3.919234e-06	7.141241e-08	7.141241e-08
1.057131e+01	1.146684e+01	3.898628e-06	6.838645e-08	6.838645e-08
1.146684e+01	1.243823e+01	3.729086e-06	6.421828e-08	6.421828e-08
1.243823e+01	1.349190e+01	3.532703e-06	6.001440e-08	6.001440e-08
1.349190e+01	1.463484e+01	3.465439e-06	5.707181e-08	5.707181e-08
1.463484e+01	1.587460e+01	3.219931e-06	5.282126e-08	5.282126e-08
1.587460e+01	1.721938e+01	3.188152e-06	5.046591e-08	5.046591e-08
1.721938e+01	1.867809e+01	2.975233e-06	4.680910e-08	4.680910e-08
1.867809e+01	2.026036e+01	2.805357e-06	4.364234e-08	4.364234e-08
2.026036e+01	2.197668e+01	2.750864e-06	4.149442e-08	4.149442e-08
2.197668e+01	2.383838e+01	2.554514e-06	3.839314e-08	3.839314e-08
2.383838e+01	2.585780e+01	2.451820e-06	3.611480e-08	3.611480e-08
2.585780e+01	2.804829e+01	2.335375e-06	3.384246e-08	3.384246e-08
2.804829e+01	3.042434e+01	2.308068e-06	3.230359e-08	3.230359e-08
3.042434e+01	3.300167e+01	2.355395e-06	3.133294e-08	3.133294e-08
3.300167e+01	3.579734e+01	2.439652e-06	3.061789e-08	3.061789e-08
3.579734e+01	3.882983e+01	2.589563e-06	3.028781e-08	3.028781e-08
3.882983e+01	4.211922e+01	3.106454e-06	3.185144e-08	3.185144e-08
4.211922e+01	4.568726e+01	3.958271e-06	3.452170e-08	3.452170e-08
4.568726e+01	4.955756e+01	5.308144e-06	3.838427e-08	3.838427e-08
4.955756e+01	5.375572e+01	6.171246e-06	3.973847e-08	3.973847e-08
5.375572e+01	5.830952e+01	6.496785e-06	3.914863e-08	3.914863e-08
5.830952e+01	6.324909e+01	6.570724e-06	3.780213e-08	3.780213e-08
6.324909e+01	6.860710e+01	6.437114e-06	3.592511e-08	3.592511e-08
6.860710e+01	7.441900e+01	6.146961e-06	3.370741e-08	3.370741e-08
7.441900e+01	8.072325e+01	5.767090e-06	3.134844e-08	3.134844e-08
8.072325e+01	8.756154e+01	5.308538e-06	2.887806e-08	2.887806e-08
8.756154e+01	9.497913e+01	4.829938e-06	2.644805e-08	2.644805e-08
9.497913e+01	1.030251e+02	4.283963e-06	2.391596e-08	2.391596e-08
1.030251e+02	1.117526e+02	3.810954e-06	2.165839e-08	2.165839e-08
1.117526e+02	1.212195e+02	3.310297e-06	1.938134e-08	1.938134e-08
1.212195e+02	1.314884e+02	2.832704e-06	1.721444e-08	1.721444e-08
1.314884e+02	1.426271e+02	2.457869e-06	1.539630e-08	1.539630e-08
1.426271e+02	1.547095e+02	2.055533e-06	1.351885e-08	1.351885e-08
1.547095e+02	1.678154e+02	1.707219e-06	1.182947e-08	1.182947e-08
1.678154e+02	1.820315e+02	1.394425e-06	1.026506e-08	1.026506e-08
1.820315e+02	1.974519e+02	1.133794e-06	8.887373e-09	8.887373e-09
1.974519e+02	2.141786e+02	9.166710e-07	7.672836e-09	7.672836e-09
2.141786e+02	2.323223e+02	7.369065e-07	6.605377e-09	6.605377e-09
2.323223e+02	2.520030e+02	5.700239e-07	5.578026e-09	5.578026e-09
2.520030e+02	2.733509e+02	4.492198e-07	4.754513e-09	4.754513e-09
2.733509e+02	2.965072e+02	3.439937e-07	3.994799e-09	3.994799e-09
2.965072e+02	3.216252e+02	2.592623e-07	3.329902e-09	3.329902e-09
3.216252e+02	3.488710e+02	1.994288e-07	2.804131e-09	2.804131e-09
3.488710e+02	3.784248e+02	1.454696e-07	2.299502e-09	2.299502e-09
3.784248e+02	4.104823e+02	1.037815e-07	1.864874e-09	1.864874e-09
4.104823e+02	4.452554e+02	7.062221e-08	1.477077e-09	1.477077e-09
4.452554e+02	4.829743e+02	4.978414e-08	1.190749e-09	1.190749e-09
4.829743e+02	5.238884e+02	3.463222e-08	9.535816e-10	9.535816e-10
5.238884e+02	5.682685e+02	2.430267e-08	7.669854e-10	7.669854e-10
5.682685e+02	6.164081e+02	1.533073e-08	5.849038e-10	5.849038e-10
6.164081e+02	6.686258e+02	9.730875e-09	4.474261e-10	4.474261e-10
6.686258e+02	7.252670e+02	6.505342e-09	3.512555e-10	3.512555e-10
7.252670e+02	7.867065e+02	3.549415e-09	2.491202e-10	2.491202e-10
7.867065e+02	8.533506e+02	2.014915e-09	1.802195e-10	1.802195e-10
8.533506e+02	9.256404e+02	1.426602e-09	1.456019e-10	1.456019e-10
9.256404e+02	1.004054e+03	8.356934e-10	1.069996e-10	1.069996e-10
1.004054e+03	1.089110e+03	4.041602e-10	7.144611e-11	7.144611e-11
1.089110e+03	1.181372e+03	3.143760e-10	6.050170e-11	6.050170e-11
1.181372e+03	1.281449e+03	1.717491e-10	4.293725e-11	4.293725e-11
1.281449e+03	1.390005e+03	5.937532e-11	2.423987e-11	2.423987e-11
1.390005e+03	1.507756e+03	2.736939e-11	1.580173e-11	1.580173e-11
1.507756e+03	1.635482e+03	2.523193e-11	1.456766e-11	1.456766e-11
1.635482e+03	1.774029e+03	0.000000e+00	0.000000e+00	0.000000e+00
1.774029e+03	1.924312e+03	7.148234e-12	7.148233e-12	7.148233e-12
1.924312e+03	2.087326e+03	0.000000e+00	0.000000e+00	0.000000e+00
2.087326e+03	2.264149e+03	0.000000e+00	0.000000e+00	0.000000e+00
2.264149e+03	2.455951e+03	0.000000e+00	0.000000e+00	0.000000e+00
2.455951e+03	2.664002e+03	0.000000e+00	0.000000e+00	0.000000e+00
2.664002e+03	2.889677e+03	0.000000e+00	0.000000e+00	0.000000e+00
2.889677e+03	3.134470e+03	0.000000e+00	0.000000e+00	0.000000e+00
3.134470e+03	3.400000e+03	0.000000e+00	0.000000e+00	0.000000e+00
# END HISTO1D


# BEGIN HISTO1D //eos/home-y/youpeng/valid/genValidation/mg35xVBS_merged.yoda.gz/MC_MUONS:ENERGY=13600/muon_pt_1
ErrorBars=1
LineColor=green
LineStyle=solid
Path=//eos/home-y/youpeng/valid/genValidation/mg35xVBS_merged.yoda.gz/MC_MUONS:ENERGY=13600/muon_pt_1
ScaledBy=5.51937791219804204e-10
Title=VBSZZ@LO(v35x)
# xlow	 xhigh	 val	 errminus	 errplus
1.000000e+00	1.084713e+00	9.538523e-06	2.492933e-07	2.492933e-07
1.084713e+00	1.176602e+00	8.859692e-06	2.306867e-07	2.306867e-07
1.176602e+00	1.276275e+00	8.145641e-06	2.123826e-07	2.123826e-07
1.276275e+00	1.384392e+00	7.402257e-06	1.943928e-07	1.943928e-07
1.384392e+00	1.501668e+00	6.522953e-06	1.752115e-07	1.752115e-07
1.501668e+00	1.628879e+00	6.473428e-06	1.675907e-07	1.675907e-07
1.628879e+00	1.766866e+00	5.619896e-06	1.499305e-07	1.499305e-07
1.766866e+00	1.916542e+00	5.251072e-06	1.391531e-07	1.391531e-07
1.916542e+00	2.078898e+00	4.919153e-06	1.293171e-07	1.293171e-07
2.078898e+00	2.255007e+00	4.497389e-06	1.187229e-07	1.187229e-07
2.255007e+00	2.446035e+00	4.021910e-06	1.077985e-07	1.077985e-07
2.446035e+00	2.653246e+00	3.753084e-06	9.998454e-08	9.998454e-08
2.653246e+00	2.878010e+00	3.536111e-06	9.318471e-08	9.318471e-08
2.878010e+00	3.121814e+00	3.375413e-06	8.741544e-08	8.741544e-08
3.121814e+00	3.386272e+00	3.280847e-06	8.274841e-08	8.274841e-08
3.386272e+00	3.673133e+00	3.082344e-06	7.701049e-08	7.701049e-08
3.673133e+00	3.984294e+00	2.960474e-06	7.246581e-08	7.246581e-08
3.984294e+00	4.321815e+00	2.838828e-06	6.813405e-08	6.813405e-08
4.321815e+00	4.687929e+00	2.669884e-06	6.344291e-08	6.344291e-08
4.687929e+00	5.085057e+00	2.626765e-06	6.042137e-08	6.042137e-08
5.085057e+00	5.515826e+00	2.557445e-06	5.724347e-08	5.724347e-08
5.515826e+00	5.983088e+00	2.593952e-06	5.535360e-08	5.535360e-08
5.983088e+00	6.489932e+00	2.438204e-06	5.152795e-08	5.152795e-08
6.489932e+00	7.039713e+00	2.392349e-06	4.900749e-08	4.900749e-08
7.039713e+00	7.636067e+00	2.306397e-06	4.620192e-08	4.620192e-08
7.636067e+00	8.282940e+00	2.223543e-06	4.355704e-08	4.355704e-08
8.282940e+00	8.984612e+00	2.122257e-06	4.085799e-08	4.085799e-08
8.984612e+00	9.745724e+00	2.034835e-06	3.841363e-08	3.841363e-08
9.745724e+00	1.057131e+01	1.994925e-06	3.651970e-08	3.651970e-08
1.057131e+01	1.146684e+01	1.969159e-06	3.483738e-08	3.483738e-08
1.146684e+01	1.243823e+01	1.834698e-06	3.228721e-08	3.228721e-08
1.243823e+01	1.349190e+01	1.781002e-06	3.054393e-08	3.054393e-08
1.349190e+01	1.463484e+01	1.705640e-06	2.869968e-08	2.869968e-08
1.463484e+01	1.587460e+01	1.615176e-06	2.681552e-08	2.681552e-08
1.587460e+01	1.721938e+01	1.529672e-06	2.505640e-08	2.505640e-08
1.721938e+01	1.867809e+01	1.467713e-06	2.356573e-08	2.356573e-08
1.867809e+01	2.026036e+01	1.401585e-06	2.211131e-08	2.211131e-08
2.026036e+01	2.197668e+01	1.356112e-06	2.088304e-08	2.088304e-08
2.197668e+01	2.383838e+01	1.270669e-06	1.940915e-08	1.940915e-08
2.383838e+01	2.585780e+01	1.238390e-06	1.839757e-08	1.839757e-08
2.585780e+01	2.804829e+01	1.197865e-06	1.737314e-08	1.737314e-08
2.804829e+01	3.042434e+01	1.157047e-06	1.639430e-08	1.639430e-08
3.042434e+01	3.300167e+01	1.154060e-06	1.572078e-08	1.572078e-08
3.300167e+01	3.579734e+01	1.204890e-06	1.542325e-08	1.542325e-08
3.579734e+01	3.882983e+01	1.312460e-06	1.545569e-08	1.545569e-08
3.882983e+01	4.211922e+01	1.550243e-06	1.612825e-08	1.612825e-08
4.211922e+01	4.568726e+01	1.984046e-06	1.751887e-08	1.751887e-08
4.568726e+01	4.955756e+01	2.693163e-06	1.959765e-08	1.959765e-08
4.955756e+01	5.375572e+01	3.073932e-06	2.010308e-08	2.010308e-08
5.375572e+01	5.830952e+01	3.267412e-06	1.990032e-08	1.990032e-08
5.830952e+01	6.324909e+01	3.269677e-06	1.911406e-08	1.911406e-08
6.324909e+01	6.860710e+01	3.237555e-06	1.826215e-08	1.826215e-08
6.860710e+01	7.441900e+01	3.110164e-06	1.718611e-08	1.718611e-08
7.441900e+01	8.072325e+01	2.903424e-06	1.594350e-08	1.594350e-08
8.072325e+01	8.756154e+01	2.695324e-06	1.474948e-08	1.474948e-08
8.756154e+01	9.497913e+01	2.460567e-06	1.353104e-08	1.353104e-08
9.497913e+01	1.030251e+02	2.164405e-06	1.218499e-08	1.218499e-08
1.030251e+02	1.117526e+02	1.909063e-06	1.098779e-08	1.098779e-08
1.117526e+02	1.212195e+02	1.688713e-06	9.922454e-09	9.922454e-09
1.212195e+02	1.314884e+02	1.440137e-06	8.798021e-09	8.798021e-09
1.314884e+02	1.426271e+02	1.222284e-06	7.782405e-09	7.782405e-09
1.426271e+02	1.547095e+02	1.050164e-06	6.926231e-09	6.926231e-09
1.547095e+02	1.678154e+02	8.504017e-07	5.984443e-09	5.984443e-09
1.678154e+02	1.820315e+02	7.268787e-07	5.312339e-09	5.312339e-09
1.820315e+02	1.974519e+02	5.829558e-07	4.567884e-09	4.567884e-09
1.974519e+02	2.141786e+02	4.562882e-07	3.880248e-09	3.880248e-09
2.141786e+02	2.323223e+02	3.702461e-07	3.356042e-09	3.356042e-09
2.323223e+02	2.520030e+02	2.916080e-07	2.859726e-09	2.859726e-09
2.520030e+02	2.733509e+02	2.258385e-07	2.416387e-09	2.416387e-09
2.733509e+02	2.965072e+02	1.697551e-07	2.011509e-09	2.011509e-09
2.965072e+02	3.216252e+02	1.314912e-07	1.699812e-09	1.699812e-09
3.216252e+02	3.488710e+02	9.699396e-08	1.401741e-09	1.401741e-09
3.488710e+02	3.784248e+02	6.958564e-08	1.139982e-09	1.139982e-09
3.784248e+02	4.104823e+02	5.194404e-08	9.456886e-10	9.456886e-10
4.104823e+02	4.452554e+02	3.855443e-08	7.822768e-10	7.822768e-10
4.452554e+02	4.829743e+02	2.576858e-08	6.140600e-10	6.140600e-10
4.829743e+02	5.238884e+02	1.711902e-08	4.805603e-10	4.805603e-10
5.238884e+02	5.682685e+02	1.116807e-08	3.726834e-10	3.726834e-10
5.682685e+02	6.164081e+02	7.979890e-09	3.024770e-10	3.024770e-10
6.164081e+02	6.686258e+02	4.767041e-09	2.244712e-10	2.244712e-10
6.686258e+02	7.252670e+02	3.050015e-09	1.723971e-10	1.723971e-10
7.252670e+02	7.867065e+02	1.850588e-09	1.289366e-10	1.289366e-10
7.867065e+02	8.533506e+02	1.159462e-09	9.799242e-11	9.799242e-11
8.533506e+02	9.256404e+02	7.024266e-10	7.323303e-11	7.323303e-11
9.256404e+02	1.004054e+03	4.715997e-10	5.761508e-11	5.761508e-11
1.004054e+03	1.089110e+03	2.206297e-10	3.783769e-11	3.783769e-11
1.089110e+03	1.181372e+03	1.794686e-10	3.276634e-11	3.276634e-11
1.181372e+03	1.281449e+03	6.066645e-11	1.829162e-11	1.829162e-11
1.281449e+03	1.390005e+03	3.559052e-11	1.345195e-11	1.345195e-11
1.390005e+03	1.507756e+03	9.374663e-12	6.628886e-12	6.628886e-12
1.507756e+03	1.635482e+03	8.642532e-12	6.111191e-12	6.111191e-12
1.635482e+03	1.774029e+03	0.000000e+00	0.000000e+00	0.000000e+00
1.774029e+03	1.924312e+03	3.672656e-12	3.672656e-12	3.672656e-12
1.924312e+03	2.087326e+03	0.000000e+00	0.000000e+00	0.000000e+00
2.087326e+03	2.264149e+03	0.000000e+00	0.000000e+00	0.000000e+00
2.264149e+03	2.455951e+03	0.000000e+00	0.000000e+00	0.000000e+00
2.455951e+03	2.664002e+03	0.000000e+00	0.000000e+00	0.000000e+00
2.664002e+03	2.889677e+03	0.000000e+00	0.000000e+00	0.000000e+00
2.889677e+03	3.134470e+03	0.000000e+00	0.000000e+00	0.000000e+00
3.134470e+03	3.400000e+03	0.000000e+00	0.000000e+00	0.000000e+00
# END HISTO1D

