# BEGIN PLOT
Legend=1
LogY=1
Title=Transverse momentum of second muon
XLabel=$p_\perp(\mu\mathrm{2})$ [GeV]
YLabel=$\mathrm{d}\sigma/\mathrm{d}p_\perp(\mu\mathrm{2})$ [pb/GeV]
LogX=1
LegendXPos=0.05
LegendYPos=0.5
XMin=20.0
RemoveOptions=1
DrawOnly=//eos/home-y/youpeng/valid/genValidation/masterVBS_merged.yoda.gz/MC_MUONS:ENERGY=13000/muon_pt_2 //eos/home-y/youpeng/valid/genValidation/mg352VBS_merged.yoda.gz/MC_MUONS:ENERGY=13000/muon_pt_2
LegendOnly=//eos/home-y/youpeng/valid/genValidation/masterVBS_merged.yoda.gz/MC_MUONS:ENERGY=13000/muon_pt_2 //eos/home-y/youpeng/valid/genValidation/mg352VBS_merged.yoda.gz/MC_MUONS:ENERGY=13000/muon_pt_2
RatioPlot=1
RatioPlotReference=//eos/home-y/youpeng/valid/genValidation/masterVBS_merged.yoda.gz/MC_MUONS:ENERGY=13000/muon_pt_2
RatioPlotYLabel=Ratio
# END PLOT

# BEGIN HISTO1D //eos/home-y/youpeng/valid/genValidation/masterVBS_merged.yoda.gz/MC_MUONS:ENERGY=13000/muon_pt_2
ErrorBars=1
LineColor=red
LineStyle=solid
Path=//eos/home-y/youpeng/valid/genValidation/masterVBS_merged.yoda.gz/MC_MUONS:ENERGY=13000/muon_pt_2
ScaledBy=1.00503000000000010e-06
Title=VBSZZ@NLO(v2918)
# xlow	 xhigh	 val	 errminus	 errplus
1.000000e+00	1.166046e+00	1.210544e-05	8.559840e-06	8.559840e-06
1.166046e+00	1.359664e+00	5.190788e-06	5.190787e-06	5.190787e-06
1.359664e+00	1.585432e+00	4.451605e-06	4.451605e-06	4.451605e-06
1.585432e+00	1.848687e+00	3.817705e-06	3.817705e-06	3.817705e-06
1.848687e+00	2.155655e+00	0.000000e+00	0.000000e+00	0.000000e+00
2.155655e+00	2.513594e+00	0.000000e+00	0.000000e+00	0.000000e+00
2.513594e+00	2.930967e+00	9.631960e-06	4.815980e-06	4.815980e-06
2.930967e+00	3.417643e+00	0.000000e+00	0.000000e+00	0.000000e+00
3.417643e+00	3.985131e+00	1.771015e-06	1.771015e-06	1.771015e-06
3.985131e+00	4.646848e+00	1.518821e-06	1.518821e-06	1.518821e-06
4.646848e+00	5.418440e+00	5.210163e-06	2.605081e-06	2.605081e-06
5.418440e+00	6.318153e+00	4.468225e-06	2.234112e-06	2.234112e-06
6.318153e+00	7.367259e+00	3.831948e-06	1.915974e-06	1.915974e-06
7.367259e+00	8.590566e+00	1.643136e-06	1.161873e-06	1.161873e-06
8.590566e+00	1.001700e+01	4.227451e-06	1.725850e-06	1.725850e-06
1.001700e+01	1.168029e+01	4.229695e-06	1.598675e-06	1.598675e-06
1.168029e+01	1.361976e+01	3.109190e-06	1.269321e-06	1.269321e-06
1.361976e+01	1.588127e+01	8.443726e-06	1.937123e-06	1.937123e-06
1.588127e+01	1.851830e+01	6.097951e-06	1.524488e-06	1.524488e-06
1.851830e+01	2.159319e+01	9.478671e-06	1.760145e-06	1.760145e-06
2.159319e+01	2.517866e+01	8.409190e-06	1.535301e-06	1.535301e-06
2.517866e+01	2.935949e+01	9.615603e-06	1.520360e-06	1.520360e-06
2.935949e+01	3.423453e+01	1.030792e-05	1.457759e-06	1.457759e-06
3.423453e+01	3.991905e+01	1.043127e-05	1.358036e-06	1.358036e-06
3.991905e+01	4.654747e+01	9.855584e-06	1.222435e-06	1.222435e-06
4.654747e+01	5.427651e+01	6.111549e-06	8.914611e-07	8.914611e-07
5.427651e+01	6.328893e+01	4.906709e-06	7.397141e-07	7.397141e-07
6.328893e+01	7.379783e+01	3.060355e-06	5.409994e-07	5.409994e-07
7.379783e+01	8.605169e+01	2.542540e-06	4.566536e-07	4.566536e-07
8.605169e+01	1.003403e+02	1.266081e-06	2.984182e-07	2.984182e-07
1.003403e+02	1.170014e+02	1.628693e-06	3.134420e-07	3.134420e-07
1.170014e+02	1.364291e+02	7.759771e-07	2.003564e-07	2.003564e-07
1.364291e+02	1.590826e+02	5.323840e-07	1.536860e-07	1.536860e-07
1.590826e+02	1.854977e+02	1.521902e-07	7.609511e-08	7.609511e-08
1.854977e+02	2.162990e+02	1.305179e-07	6.525893e-08	6.525893e-08
2.162990e+02	2.522147e+02	2.798303e-08	2.798302e-08	2.798302e-08
2.522147e+02	2.940940e+02	2.399825e-08	2.399825e-08	2.399825e-08
2.940940e+02	3.429273e+02	2.058083e-08	2.058083e-08	2.058083e-08
3.429273e+02	3.998691e+02	0.000000e+00	0.000000e+00	0.000000e+00
3.998691e+02	4.662659e+02	1.513672e-08	1.513672e-08	1.513672e-08
4.662659e+02	5.436877e+02	0.000000e+00	0.000000e+00	0.000000e+00
5.436877e+02	6.339651e+02	0.000000e+00	0.000000e+00	0.000000e+00
6.339651e+02	7.392328e+02	0.000000e+00	0.000000e+00	0.000000e+00
7.392328e+02	8.619797e+02	0.000000e+00	0.000000e+00	0.000000e+00
8.619797e+02	1.005108e+03	0.000000e+00	0.000000e+00	0.000000e+00
1.005108e+03	1.172003e+03	0.000000e+00	0.000000e+00	0.000000e+00
1.172003e+03	1.366610e+03	0.000000e+00	0.000000e+00	0.000000e+00
1.366610e+03	1.593531e+03	0.000000e+00	0.000000e+00	0.000000e+00
1.593531e+03	1.858131e+03	0.000000e+00	0.000000e+00	0.000000e+00
1.858131e+03	2.166667e+03	0.000000e+00	0.000000e+00	0.000000e+00
# END HISTO1D


# BEGIN HISTO1D //eos/home-y/youpeng/valid/genValidation/mg352VBS_merged.yoda.gz/MC_MUONS:ENERGY=13000/muon_pt_2
ErrorBars=1
LineColor=blue
LineStyle=solid
Path=//eos/home-y/youpeng/valid/genValidation/mg352VBS_merged.yoda.gz/MC_MUONS:ENERGY=13000/muon_pt_2
ScaledBy=9.96719999999999835e-07
Title=VBSZZ@NLO(v352)
# xlow	 xhigh	 val	 errminus	 errplus
1.000000e+00	1.166046e+00	0.000000e+00	0.000000e+00	0.000000e+00
1.166046e+00	1.359664e+00	0.000000e+00	0.000000e+00	0.000000e+00
1.359664e+00	1.585432e+00	0.000000e+00	0.000000e+00	0.000000e+00
1.585432e+00	1.848687e+00	3.786139e-06	3.786139e-06	3.786139e-06
1.848687e+00	2.155655e+00	6.493967e-06	4.591929e-06	4.591929e-06
2.155655e+00	2.513594e+00	2.784609e-06	2.784609e-06	2.784609e-06
2.513594e+00	2.930967e+00	7.164239e-06	4.136275e-06	4.136275e-06
2.930967e+00	3.417643e+00	4.096031e-06	2.896332e-06	2.896332e-06
3.417643e+00	3.985131e+00	0.000000e+00	0.000000e+00	0.000000e+00
3.985131e+00	4.646848e+00	0.000000e+00	0.000000e+00	0.000000e+00
4.646848e+00	5.418440e+00	1.291771e-06	1.291771e-06	1.291771e-06
5.418440e+00	6.318153e+00	5.539100e-06	2.477161e-06	2.477161e-06
6.318153e+00	7.367259e+00	4.750330e-06	2.124412e-06	2.124412e-06
7.367259e+00	8.590566e+00	8.147750e-06	2.576545e-06	2.576545e-06
8.590566e+00	1.001700e+01	3.493747e-06	1.562451e-06	1.562451e-06
1.001700e+01	1.168029e+01	4.793969e-06	1.694924e-06	1.694924e-06
1.168029e+01	1.361976e+01	6.166963e-06	1.780249e-06	1.780249e-06
1.361976e+01	1.588127e+01	2.644392e-06	1.079569e-06	1.079569e-06
1.588127e+01	1.851830e+01	8.693325e-06	1.812684e-06	1.812684e-06
1.851830e+01	2.159319e+01	6.807112e-06	1.485434e-06	1.485434e-06
2.159319e+01	2.517866e+01	1.167552e-05	1.801572e-06	1.801572e-06
2.517866e+01	2.935949e+01	1.120491e-05	1.634405e-06	1.634405e-06
2.935949e+01	3.423453e+01	8.382602e-06	1.309142e-06	1.309142e-06
3.423453e+01	3.991905e+01	9.643664e-06	1.300351e-06	1.300351e-06
3.991905e+01	4.654747e+01	7.819275e-06	1.084338e-06	1.084338e-06
4.654747e+01	5.427651e+01	5.674143e-06	8.554092e-07	8.554092e-07
5.427651e+01	6.328893e+01	4.976732e-06	7.418874e-07	7.418874e-07
6.328893e+01	7.379783e+01	3.698968e-06	5.923088e-07	5.923088e-07
7.379783e+01	8.605169e+01	2.928214e-06	4.880356e-07	4.880356e-07
8.605169e+01	1.003403e+02	1.674150e-06	3.417345e-07	3.417345e-07
1.003403e+02	1.170014e+02	9.571709e-07	2.392927e-07	2.392927e-07
1.170014e+02	1.364291e+02	6.156488e-07	1.777225e-07	1.777225e-07
1.364291e+02	1.590826e+02	1.319955e-07	7.620763e-08	7.620763e-08
1.590826e+02	1.854977e+02	1.886648e-07	8.437347e-08	8.437347e-08
1.854977e+02	2.162990e+02	6.471935e-08	4.576349e-08	4.576349e-08
2.162990e+02	2.522147e+02	5.550330e-08	3.924677e-08	3.924677e-08
2.522147e+02	2.940940e+02	2.379982e-08	2.379983e-08	2.379983e-08
2.940940e+02	3.429273e+02	0.000000e+00	0.000000e+00	0.000000e+00
3.429273e+02	3.998691e+02	1.750419e-08	1.750419e-08	1.750419e-08
3.998691e+02	4.662659e+02	0.000000e+00	0.000000e+00	0.000000e+00
4.662659e+02	5.436877e+02	0.000000e+00	0.000000e+00	0.000000e+00
5.436877e+02	6.339651e+02	0.000000e+00	0.000000e+00	0.000000e+00
6.339651e+02	7.392328e+02	0.000000e+00	0.000000e+00	0.000000e+00
7.392328e+02	8.619797e+02	0.000000e+00	0.000000e+00	0.000000e+00
8.619797e+02	1.005108e+03	0.000000e+00	0.000000e+00	0.000000e+00
1.005108e+03	1.172003e+03	0.000000e+00	0.000000e+00	0.000000e+00
1.172003e+03	1.366610e+03	0.000000e+00	0.000000e+00	0.000000e+00
1.366610e+03	1.593531e+03	0.000000e+00	0.000000e+00	0.000000e+00
1.593531e+03	1.858131e+03	0.000000e+00	0.000000e+00	0.000000e+00
1.858131e+03	2.166667e+03	0.000000e+00	0.000000e+00	0.000000e+00
# END HISTO1D

