# BEGIN PLOT
Legend=1
LogY=1
Title=Rapidity of first muon
XLabel=$y(\mu\mathrm{1})$
YLabel=$\mathrm{d}\sigma/\mathrm{d}y(\mu\mathrm{1})$ [pb]
RemoveOptions=1
DrawOnly=//eos/home-y/youpeng/valid/genValidation/masterVBS_merged.yoda.gz/MC_MUONS:ENERGY=13000/muon_y_1 //eos/home-y/youpeng/valid/genValidation/mg352VBS_merged.yoda.gz/MC_MUONS:ENERGY=13000/muon_y_1
LegendOnly=//eos/home-y/youpeng/valid/genValidation/masterVBS_merged.yoda.gz/MC_MUONS:ENERGY=13000/muon_y_1 //eos/home-y/youpeng/valid/genValidation/mg352VBS_merged.yoda.gz/MC_MUONS:ENERGY=13000/muon_y_1
RatioPlot=1
RatioPlotReference=//eos/home-y/youpeng/valid/genValidation/masterVBS_merged.yoda.gz/MC_MUONS:ENERGY=13000/muon_y_1
RatioPlotYLabel=Ratio
# END PLOT

# BEGIN HISTO1D //eos/home-y/youpeng/valid/genValidation/masterVBS_merged.yoda.gz/MC_MUONS:ENERGY=13000/muon_y_1
ErrorBars=1
LineColor=red
LineStyle=solid
Path=//eos/home-y/youpeng/valid/genValidation/masterVBS_merged.yoda.gz/MC_MUONS:ENERGY=13000/muon_y_1
ScaledBy=1.00503000000000010e-06
Title=VBSZZ@NLO(v2918)
# xlow	 xhigh	 val	 errminus	 errplus
-5.000000e+00	-4.800000e+00	5.025150e-06	5.025149e-06	5.025149e-06
-4.800000e+00	-4.600000e+00	0.000000e+00	0.000000e+00	0.000000e+00
-4.600000e+00	-4.400000e+00	0.000000e+00	0.000000e+00	0.000000e+00
-4.400000e+00	-4.200000e+00	0.000000e+00	0.000000e+00	0.000000e+00
-4.200000e+00	-4.000000e+00	0.000000e+00	0.000000e+00	0.000000e+00
-4.000000e+00	-3.800000e+00	5.025150e-06	5.025149e-06	5.025149e-06
-3.800000e+00	-3.600000e+00	0.000000e+00	0.000000e+00	0.000000e+00
-3.600000e+00	-3.400000e+00	0.000000e+00	0.000000e+00	0.000000e+00
-3.400000e+00	-3.200000e+00	0.000000e+00	0.000000e+00	0.000000e+00
-3.200000e+00	-3.000000e+00	0.000000e+00	0.000000e+00	0.000000e+00
-3.000000e+00	-2.800000e+00	2.010060e-05	1.005030e-05	1.005030e-05
-2.800000e+00	-2.600000e+00	2.512575e-05	1.123658e-05	1.123658e-05
-2.600000e+00	-2.400000e+00	7.537725e-05	1.946232e-05	1.946232e-05
-2.400000e+00	-2.200000e+00	2.010060e-05	1.005030e-05	1.005030e-05
-2.200000e+00	-2.000000e+00	6.030180e-05	1.740763e-05	1.740763e-05
-2.000000e+00	-1.800000e+00	6.532695e-05	1.811844e-05	1.811844e-05
-1.800000e+00	-1.600000e+00	7.537725e-05	1.946232e-05	1.946232e-05
-1.600000e+00	-1.400000e+00	1.206036e-04	2.461811e-05	2.461811e-05
-1.400000e+00	-1.200000e+00	1.055282e-04	2.302813e-05	2.302813e-05
-1.200000e+00	-1.000000e+00	1.557797e-04	2.797885e-05	2.797885e-05
-1.000000e+00	-8.000000e-01	2.211066e-04	3.333307e-05	3.333307e-05
-8.000000e-01	-6.000000e-01	2.060311e-04	3.217666e-05	3.217666e-05
-6.000000e-01	-4.000000e-01	2.211066e-04	3.333307e-05	3.333307e-05
-4.000000e-01	-2.000000e-01	2.462323e-04	3.517605e-05	3.517605e-05
-2.000000e-01	0.000000e+00	2.261318e-04	3.370973e-05	3.370973e-05
0.000000e+00	2.000000e-01	1.407042e-04	2.659060e-05	2.659060e-05
2.000000e-01	4.000000e-01	2.361820e-04	3.445069e-05	3.445069e-05
4.000000e-01	6.000000e-01	1.708551e-04	2.930141e-05	2.930141e-05
6.000000e-01	8.000000e-01	1.809054e-04	3.015090e-05	3.015090e-05
8.000000e-01	1.000000e+00	1.708551e-04	2.930141e-05	2.930141e-05
1.000000e+00	1.200000e+00	1.457294e-04	2.706126e-05	2.706126e-05
1.200000e+00	1.400000e+00	1.457294e-04	2.706126e-05	2.706126e-05
1.400000e+00	1.600000e+00	1.105533e-04	2.357004e-05	2.357004e-05
1.600000e+00	1.800000e+00	8.040240e-05	2.010060e-05	2.010060e-05
1.800000e+00	2.000000e+00	9.547785e-05	2.190412e-05	2.190412e-05
2.000000e+00	2.200000e+00	4.020120e-05	1.421327e-05	1.421327e-05
2.200000e+00	2.400000e+00	5.025150e-05	1.589092e-05	1.589092e-05
2.400000e+00	2.600000e+00	5.527665e-05	1.666654e-05	1.666654e-05
2.600000e+00	2.800000e+00	2.010060e-05	1.005030e-05	1.005030e-05
2.800000e+00	3.000000e+00	1.507545e-05	8.703815e-06	8.703815e-06
3.000000e+00	3.200000e+00	5.025150e-06	5.025149e-06	5.025149e-06
3.200000e+00	3.400000e+00	5.025150e-06	5.025149e-06	5.025149e-06
3.400000e+00	3.600000e+00	5.025150e-06	5.025149e-06	5.025149e-06
3.600000e+00	3.800000e+00	0.000000e+00	0.000000e+00	0.000000e+00
3.800000e+00	4.000000e+00	0.000000e+00	0.000000e+00	0.000000e+00
4.000000e+00	4.200000e+00	0.000000e+00	0.000000e+00	0.000000e+00
4.200000e+00	4.400000e+00	5.025150e-06	5.025149e-06	5.025149e-06
4.400000e+00	4.600000e+00	0.000000e+00	0.000000e+00	0.000000e+00
4.600000e+00	4.800000e+00	0.000000e+00	0.000000e+00	0.000000e+00
4.800000e+00	5.000000e+00	0.000000e+00	0.000000e+00	0.000000e+00
# END HISTO1D


# BEGIN HISTO1D //eos/home-y/youpeng/valid/genValidation/mg352VBS_merged.yoda.gz/MC_MUONS:ENERGY=13000/muon_y_1
ErrorBars=1
LineColor=blue
LineStyle=solid
Path=//eos/home-y/youpeng/valid/genValidation/mg352VBS_merged.yoda.gz/MC_MUONS:ENERGY=13000/muon_y_1
ScaledBy=9.96719999999999835e-07
Title=VBSZZ@NLO(v352)
# xlow	 xhigh	 val	 errminus	 errplus
-5.000000e+00	-4.800000e+00	0.000000e+00	0.000000e+00	0.000000e+00
-4.800000e+00	-4.600000e+00	0.000000e+00	0.000000e+00	0.000000e+00
-4.600000e+00	-4.400000e+00	0.000000e+00	0.000000e+00	0.000000e+00
-4.400000e+00	-4.200000e+00	0.000000e+00	0.000000e+00	0.000000e+00
-4.200000e+00	-4.000000e+00	4.983600e-06	4.983600e-06	4.983600e-06
-4.000000e+00	-3.800000e+00	0.000000e+00	0.000000e+00	0.000000e+00
-3.800000e+00	-3.600000e+00	4.983600e-06	4.983600e-06	4.983600e-06
-3.600000e+00	-3.400000e+00	0.000000e+00	0.000000e+00	0.000000e+00
-3.400000e+00	-3.200000e+00	0.000000e+00	0.000000e+00	0.000000e+00
-3.200000e+00	-3.000000e+00	0.000000e+00	0.000000e+00	0.000000e+00
-3.000000e+00	-2.800000e+00	1.495080e-05	8.631848e-06	8.631848e-06
-2.800000e+00	-2.600000e+00	2.491800e-05	1.114367e-05	1.114367e-05
-2.600000e+00	-2.400000e+00	3.488520e-05	1.318537e-05	1.318537e-05
-2.400000e+00	-2.200000e+00	8.472120e-05	2.054791e-05	2.054791e-05
-2.200000e+00	-2.000000e+00	4.485240e-05	1.495080e-05	1.495080e-05
-2.000000e+00	-1.800000e+00	8.472120e-05	2.054791e-05	2.054791e-05
-1.800000e+00	-1.600000e+00	1.245900e-04	2.491800e-05	2.491800e-05
-1.600000e+00	-1.400000e+00	1.295736e-04	2.541147e-05	2.541147e-05
-1.400000e+00	-1.200000e+00	1.245900e-04	2.491800e-05	2.491800e-05
-1.200000e+00	-1.000000e+00	1.694424e-04	2.905913e-05	2.905913e-05
-1.000000e+00	-8.000000e-01	1.544916e-04	2.774751e-05	2.774751e-05
-8.000000e-01	-6.000000e-01	1.295736e-04	2.541147e-05	2.541147e-05
-6.000000e-01	-4.000000e-01	1.843932e-04	3.031406e-05	3.031406e-05
-4.000000e-01	-2.000000e-01	2.093112e-04	3.229742e-05	3.229742e-05
-2.000000e-01	0.000000e+00	2.093112e-04	3.229742e-05	3.229742e-05
0.000000e+00	2.000000e-01	1.594752e-04	2.819150e-05	2.819150e-05
2.000000e-01	4.000000e-01	1.893768e-04	3.072097e-05	3.072097e-05
4.000000e-01	6.000000e-01	1.594752e-04	2.819150e-05	2.819150e-05
6.000000e-01	8.000000e-01	2.043276e-04	3.191061e-05	3.191061e-05
8.000000e-01	1.000000e+00	1.495080e-04	2.729630e-05	2.729630e-05
1.000000e+00	1.200000e+00	1.295736e-04	2.541147e-05	2.541147e-05
1.200000e+00	1.400000e+00	9.468840e-05	2.172301e-05	2.172301e-05
1.400000e+00	1.600000e+00	1.544916e-04	2.774751e-05	2.774751e-05
1.600000e+00	1.800000e+00	1.395408e-04	2.637073e-05	2.637073e-05
1.800000e+00	2.000000e+00	1.096392e-04	2.337516e-05	2.337516e-05
2.000000e+00	2.200000e+00	9.967200e-05	2.228734e-05	2.228734e-05
2.200000e+00	2.400000e+00	5.980320e-05	1.726370e-05	1.726370e-05
2.400000e+00	2.600000e+00	3.986880e-05	1.409575e-05	1.409575e-05
2.600000e+00	2.800000e+00	3.986880e-05	1.409575e-05	1.409575e-05
2.800000e+00	3.000000e+00	1.495080e-05	8.631848e-06	8.631848e-06
3.000000e+00	3.200000e+00	4.983600e-06	4.983600e-06	4.983600e-06
3.200000e+00	3.400000e+00	0.000000e+00	0.000000e+00	0.000000e+00
3.400000e+00	3.600000e+00	4.983600e-06	4.983600e-06	4.983600e-06
3.600000e+00	3.800000e+00	0.000000e+00	0.000000e+00	0.000000e+00
3.800000e+00	4.000000e+00	4.983600e-06	4.983600e-06	4.983600e-06
4.000000e+00	4.200000e+00	0.000000e+00	0.000000e+00	0.000000e+00
4.200000e+00	4.400000e+00	0.000000e+00	0.000000e+00	0.000000e+00
4.400000e+00	4.600000e+00	0.000000e+00	0.000000e+00	0.000000e+00
4.600000e+00	4.800000e+00	0.000000e+00	0.000000e+00	0.000000e+00
4.800000e+00	5.000000e+00	4.983600e-06	4.983600e-06	4.983600e-06
# END HISTO1D

