# BEGIN PLOT
Legend=1
LogY=1
Title=Transverse momentum of third jet
XLabel=$p_\perp(\mathrm{jet~3})$ [GeV]
YLabel=$\mathrm{d}\sigma/\mathrm{d}p_\perp(\mathrm{jet~3})$ [pb/GeV]
LogX=1
LegendXPos=0.05
LegendYPos=0.5
XMin=20.0
RemoveOptions=1
DrawOnly=//eos/home-y/youpeng/valid/genValidation/masterVBS_merged.yoda.gz/MC_ZJETS:ENERGY=13600/jet_pT_3 //eos/home-y/youpeng/valid/genValidation/mg352VBS_merged.yoda.gz/MC_ZJETS:ENERGY=13600/jet_pT_3 //eos/home-y/youpeng/valid/genValidation/mg35xVBS_merged.yoda.gz/MC_ZJETS:ENERGY=13600/jet_pT_3
LegendOnly=//eos/home-y/youpeng/valid/genValidation/masterVBS_merged.yoda.gz/MC_ZJETS:ENERGY=13600/jet_pT_3 //eos/home-y/youpeng/valid/genValidation/mg352VBS_merged.yoda.gz/MC_ZJETS:ENERGY=13600/jet_pT_3 //eos/home-y/youpeng/valid/genValidation/mg35xVBS_merged.yoda.gz/MC_ZJETS:ENERGY=13600/jet_pT_3
RatioPlot=1
RatioPlotReference=//eos/home-y/youpeng/valid/genValidation/masterVBS_merged.yoda.gz/MC_ZJETS:ENERGY=13600/jet_pT_3
RatioPlotYLabel=Ratio
# END PLOT

# BEGIN HISTO1D //eos/home-y/youpeng/valid/genValidation/masterVBS_merged.yoda.gz/MC_ZJETS:ENERGY=13600/jet_pT_3
ErrorBars=1
LineColor=red
LineStyle=solid
Path=//eos/home-y/youpeng/valid/genValidation/masterVBS_merged.yoda.gz/MC_ZJETS:ENERGY=13600/jet_pT_3
ScaledBy=1.07182617187499956e-09
Title=VBSZZ@LO(v2918)
# xlow	 xhigh	 val	 errminus	 errplus
1.000000e+01	1.168394e+01	0.000000e+00	0.000000e+00	0.000000e+00
1.168394e+01	1.365145e+01	0.000000e+00	0.000000e+00	0.000000e+00
1.365145e+01	1.595027e+01	0.000000e+00	0.000000e+00	0.000000e+00
1.595027e+01	1.863620e+01	0.000000e+00	0.000000e+00	0.000000e+00
1.863620e+01	2.177443e+01	1.483643e-06	2.251047e-08	2.251047e-08
2.177443e+01	2.544112e+01	3.361615e-06	3.134722e-08	3.134722e-08
2.544112e+01	2.972525e+01	4.123554e-06	3.211935e-08	3.211935e-08
2.972525e+01	3.473081e+01	4.872462e-06	3.230056e-08	3.230056e-08
3.473081e+01	4.057927e+01	5.611067e-06	3.206743e-08	3.206743e-08
4.057927e+01	4.741258e+01	6.133899e-06	3.101808e-08	3.101808e-08
4.741258e+01	5.539658e+01	6.325842e-06	2.914144e-08	2.914144e-08
5.539658e+01	6.472504e+01	5.645424e-06	2.546862e-08	2.546862e-08
6.472504e+01	7.562436e+01	4.483660e-06	2.099804e-08	2.099804e-08
7.562436e+01	8.835905e+01	3.377156e-06	1.685945e-08	1.685945e-08
8.835905e+01	1.032382e+02	2.334309e-06	1.296738e-08	1.296738e-08
1.032382e+02	1.206229e+02	1.527463e-06	9.704295e-09	9.704295e-09
1.206229e+02	1.409351e+02	9.081833e-07	6.922619e-09	6.922619e-09
1.409351e+02	1.646677e+02	5.009889e-07	4.756675e-09	4.756675e-09
1.646677e+02	1.923968e+02	2.636554e-07	3.192365e-09	3.192365e-09
1.923968e+02	2.247953e+02	1.282943e-07	2.060171e-09	2.060171e-09
2.247953e+02	2.626495e+02	5.764850e-08	1.277613e-09	1.277613e-09
2.626495e+02	3.068781e+02	2.648752e-08	8.011822e-10	8.011822e-10
3.068781e+02	3.585546e+02	1.124166e-08	4.828707e-10	4.828707e-10
3.585546e+02	4.189331e+02	3.994152e-09	2.662768e-10	2.662768e-10
4.189331e+02	4.894790e+02	1.914358e-09	1.705445e-10	1.705445e-10
4.894790e+02	5.719043e+02	6.761875e-10	9.377034e-11	9.377034e-11
5.719043e+02	6.682097e+02	2.003301e-10	4.721825e-11	4.721825e-11
6.682097e+02	7.807322e+02	1.143052e-10	3.299709e-11	3.299709e-11
7.807322e+02	9.122030e+02	8.152578e-12	8.152578e-12	8.152578e-12
9.122030e+02	1.065813e+03	0.000000e+00	0.000000e+00	0.000000e+00
1.065813e+03	1.245289e+03	0.000000e+00	0.000000e+00	0.000000e+00
1.245289e+03	1.454988e+03	0.000000e+00	0.000000e+00	0.000000e+00
1.454988e+03	1.700000e+03	0.000000e+00	0.000000e+00	0.000000e+00
# END HISTO1D


# BEGIN HISTO1D //eos/home-y/youpeng/valid/genValidation/mg352VBS_merged.yoda.gz/MC_ZJETS:ENERGY=13600/jet_pT_3
ErrorBars=1
LineColor=blue
LineStyle=solid
Path=//eos/home-y/youpeng/valid/genValidation/mg352VBS_merged.yoda.gz/MC_ZJETS:ENERGY=13600/jet_pT_3
ScaledBy=1.07425781250000051e-09
Title=VBSZZ@LO(v352)
# xlow	 xhigh	 val	 errminus	 errplus
1.000000e+01	1.168394e+01	0.000000e+00	0.000000e+00	0.000000e+00
1.168394e+01	1.365145e+01	0.000000e+00	0.000000e+00	0.000000e+00
1.365145e+01	1.595027e+01	0.000000e+00	0.000000e+00	0.000000e+00
1.595027e+01	1.863620e+01	0.000000e+00	0.000000e+00	0.000000e+00
1.863620e+01	2.177443e+01	1.521925e-06	2.282488e-08	2.282488e-08
2.177443e+01	2.544112e+01	3.299221e-06	3.109015e-08	3.109015e-08
2.544112e+01	2.972525e+01	4.110340e-06	3.210420e-08	3.210420e-08
2.972525e+01	3.473081e+01	4.992111e-06	3.273181e-08	3.273181e-08
3.473081e+01	4.057927e+01	5.680738e-06	3.230248e-08	3.230248e-08
4.057927e+01	4.741258e+01	6.182244e-06	3.117538e-08	3.117538e-08
4.741258e+01	5.539658e+01	6.302788e-06	2.912127e-08	2.912127e-08
5.539658e+01	6.472504e+01	5.598234e-06	2.539071e-08	2.539071e-08
6.472504e+01	7.562436e+01	4.559178e-06	2.119814e-08	2.119814e-08
7.562436e+01	8.835905e+01	3.372922e-06	1.686799e-08	1.686799e-08
8.835905e+01	1.032382e+02	2.337005e-06	1.298958e-08	1.298958e-08
1.032382e+02	1.206229e+02	1.499600e-06	9.626277e-09	9.626277e-09
1.206229e+02	1.409351e+02	8.962284e-07	6.884702e-09	6.884702e-09
1.409351e+02	1.646677e+02	5.010391e-07	4.762308e-09	4.762308e-09
1.646677e+02	1.923968e+02	2.657257e-07	3.208508e-09	3.208508e-09
1.923968e+02	2.247953e+02	1.292153e-07	2.069897e-09	2.069897e-09
2.247953e+02	2.626495e+02	5.709821e-08	1.272941e-09	1.272941e-09
2.626495e+02	3.068781e+02	2.598898e-08	7.945061e-10	7.945061e-10
3.068781e+02	3.585546e+02	1.112165e-08	4.808309e-10	4.808309e-10
3.585546e+02	4.189331e+02	4.501390e-09	2.830000e-10	2.830000e-10
4.189331e+02	4.894790e+02	1.857790e-09	1.681964e-10	1.681964e-10
4.894790e+02	5.719043e+02	4.300926e-10	7.486950e-11	7.486950e-11
5.719043e+02	6.682097e+02	1.227017e-10	3.699596e-11	3.699596e-11
6.682097e+02	7.807322e+02	1.909410e-11	1.350157e-11	1.350157e-11
7.807322e+02	9.122030e+02	8.171077e-12	8.171076e-12	8.171076e-12
9.122030e+02	1.065813e+03	0.000000e+00	0.000000e+00	0.000000e+00
1.065813e+03	1.245289e+03	0.000000e+00	0.000000e+00	0.000000e+00
1.245289e+03	1.454988e+03	0.000000e+00	0.000000e+00	0.000000e+00
1.454988e+03	1.700000e+03	0.000000e+00	0.000000e+00	0.000000e+00
# END HISTO1D


# BEGIN HISTO1D //eos/home-y/youpeng/valid/genValidation/mg35xVBS_merged.yoda.gz/MC_ZJETS:ENERGY=13600/jet_pT_3
ErrorBars=1
LineColor=green
LineStyle=solid
Path=//eos/home-y/youpeng/valid/genValidation/mg35xVBS_merged.yoda.gz/MC_ZJETS:ENERGY=13600/jet_pT_3
ScaledBy=5.51937791219804204e-10
Title=VBSZZ@LO(v35x)
# xlow	 xhigh	 val	 errminus	 errplus
1.000000e+01	1.168394e+01	0.000000e+00	0.000000e+00	0.000000e+00
1.168394e+01	1.365145e+01	0.000000e+00	0.000000e+00	0.000000e+00
1.365145e+01	1.595027e+01	0.000000e+00	0.000000e+00	0.000000e+00
1.595027e+01	1.863620e+01	0.000000e+00	0.000000e+00	0.000000e+00
1.863620e+01	2.177443e+01	7.875704e-07	1.176921e-08	1.176921e-08
2.177443e+01	2.544112e+01	1.670705e-06	1.585834e-08	1.585834e-08
2.544112e+01	2.972525e+01	2.079366e-06	1.636738e-08	1.636738e-08
2.972525e+01	3.473081e+01	2.475889e-06	1.652283e-08	1.652283e-08
3.473081e+01	4.057927e+01	2.860450e-06	1.643015e-08	1.643015e-08
4.057927e+01	4.741258e+01	3.087335e-06	1.579143e-08	1.579143e-08
4.741258e+01	5.539658e+01	3.154907e-06	1.476822e-08	1.476822e-08
5.539658e+01	6.472504e+01	2.820555e-06	1.291836e-08	1.291836e-08
6.472504e+01	7.562436e+01	2.290432e-06	1.076971e-08	1.076971e-08
7.562436e+01	8.835905e+01	1.703962e-06	8.593715e-09	8.593715e-09
8.835905e+01	1.032382e+02	1.173862e-06	6.598794e-09	6.598794e-09
1.032382e+02	1.206229e+02	7.502482e-07	4.880496e-09	4.880496e-09
1.206229e+02	1.409351e+02	4.548442e-07	3.515588e-09	3.515588e-09
1.409351e+02	1.646677e+02	2.546822e-07	2.433726e-09	2.433726e-09
1.646677e+02	1.923968e+02	1.352918e-07	1.641017e-09	1.641017e-09
1.923968e+02	2.247953e+02	6.528160e-08	1.054576e-09	1.054576e-09
2.247953e+02	2.626495e+02	2.838847e-08	6.433674e-10	6.433674e-10
2.626495e+02	3.068781e+02	1.265391e-08	3.973799e-10	3.973799e-10
3.068781e+02	3.585546e+02	5.778222e-09	2.484252e-10	2.484252e-10
3.585546e+02	4.189331e+02	2.011085e-09	1.355873e-10	1.355873e-10
4.189331e+02	4.894790e+02	7.902050e-10	7.862833e-11	7.862833e-11
4.894790e+02	5.719043e+02	2.879374e-10	4.391004e-11	4.391004e-11
5.719043e+02	6.682097e+02	8.023568e-11	2.144389e-11	2.144389e-11
6.682097e+02	7.807322e+02	1.962053e-11	9.810264e-12	9.810264e-12
7.807322e+02	9.122030e+02	4.198178e-12	4.198178e-12	4.198178e-12
9.122030e+02	1.065813e+03	0.000000e+00	0.000000e+00	0.000000e+00
1.065813e+03	1.245289e+03	0.000000e+00	0.000000e+00	0.000000e+00
1.245289e+03	1.454988e+03	0.000000e+00	0.000000e+00	0.000000e+00
1.454988e+03	1.700000e+03	0.000000e+00	0.000000e+00	0.000000e+00
# END HISTO1D

