# BEGIN PLOT
Legend=1
LogY=1
Title=Mass of first jet
XLabel=$m(\mathrm{jet~1})$
YLabel=$\mathrm{d}\sigma/\mathrm{d}m(\mathrm{jet~1})$ [pb/GeV]
RemoveOptions=1
DrawOnly=//eos/home-y/youpeng/valid/genValidation/masterVBS_merged.yoda.gz/MC_ZJETS:ENERGY=13600/jet_mass_1 //eos/home-y/youpeng/valid/genValidation/mg352VBS_merged.yoda.gz/MC_ZJETS:ENERGY=13600/jet_mass_1 //eos/home-y/youpeng/valid/genValidation/mg35xVBS_merged.yoda.gz/MC_ZJETS:ENERGY=13600/jet_mass_1
LegendOnly=//eos/home-y/youpeng/valid/genValidation/masterVBS_merged.yoda.gz/MC_ZJETS:ENERGY=13600/jet_mass_1 //eos/home-y/youpeng/valid/genValidation/mg352VBS_merged.yoda.gz/MC_ZJETS:ENERGY=13600/jet_mass_1 //eos/home-y/youpeng/valid/genValidation/mg35xVBS_merged.yoda.gz/MC_ZJETS:ENERGY=13600/jet_mass_1
RatioPlot=1
RatioPlotReference=//eos/home-y/youpeng/valid/genValidation/masterVBS_merged.yoda.gz/MC_ZJETS:ENERGY=13600/jet_mass_1
RatioPlotYLabel=Ratio
# END PLOT

# BEGIN HISTO1D //eos/home-y/youpeng/valid/genValidation/masterVBS_merged.yoda.gz/MC_ZJETS:ENERGY=13600/jet_mass_1
ErrorBars=1
LineColor=red
LineStyle=solid
Path=//eos/home-y/youpeng/valid/genValidation/masterVBS_merged.yoda.gz/MC_ZJETS:ENERGY=13600/jet_mass_1
ScaledBy=1.07182617187499956e-09
Title=VBSZZ@LO(v2918)
# xlow	 xhigh	 val	 errminus	 errplus
1.000000e+00	1.047129e+00	6.663521e-06	3.892870e-07	3.892870e-07
1.047129e+00	1.096478e+00	7.015338e-06	3.903438e-07	3.903438e-07
1.096478e+00	1.148154e+00	7.052034e-06	3.824503e-07	3.824503e-07
1.148154e+00	1.202264e+00	7.428106e-06	3.835858e-07	3.835858e-07
1.202264e+00	1.258925e+00	7.301758e-06	3.716497e-07	3.716497e-07
1.258925e+00	1.318257e+00	7.298217e-06	3.630998e-07	3.630998e-07
1.318257e+00	1.380384e+00	7.038890e-06	3.484769e-07	3.484769e-07
1.380384e+00	1.445440e+00	6.623126e-06	3.303315e-07	3.303315e-07
1.445440e+00	1.513561e+00	6.435268e-06	3.182035e-07	3.182035e-07
1.513561e+00	1.584893e+00	6.295845e-06	3.075721e-07	3.075721e-07
1.584893e+00	1.659587e+00	5.854622e-06	2.898469e-07	2.898469e-07
1.659587e+00	1.737801e+00	5.344468e-06	2.706276e-07	2.706276e-07
1.737801e+00	1.819701e+00	4.816020e-06	2.510524e-07	2.510524e-07
1.819701e+00	1.905461e+00	4.849214e-06	2.461815e-07	2.461815e-07
1.905461e+00	1.995262e+00	4.487774e-06	2.314393e-07	2.314393e-07
1.995262e+00	2.089296e+00	4.844270e-06	2.349816e-07	2.349816e-07
2.089296e+00	2.187762e+00	4.778621e-06	2.280711e-07	2.280711e-07
2.187762e+00	2.290868e+00	5.093737e-06	2.301116e-07	2.301116e-07
2.290868e+00	2.398833e+00	5.251665e-06	2.283333e-07	2.283333e-07
2.398833e+00	2.511886e+00	5.593637e-06	2.302864e-07	2.302864e-07
2.511886e+00	2.630268e+00	6.337773e-06	2.395453e-07	2.395453e-07
2.630268e+00	2.754229e+00	6.260050e-06	2.326530e-07	2.326530e-07
2.754229e+00	2.884032e+00	6.605864e-06	2.335526e-07	2.335526e-07
2.884032e+00	3.019952e+00	6.742285e-06	2.305813e-07	2.305813e-07
3.019952e+00	3.162278e+00	7.365105e-06	2.355101e-07	2.355101e-07
3.162278e+00	3.311311e+00	7.810371e-06	2.370046e-07	2.370046e-07
3.311311e+00	3.467369e+00	8.042574e-06	2.350265e-07	2.350265e-07
3.467369e+00	3.630781e+00	8.264393e-06	2.328229e-07	2.328229e-07
3.630781e+00	3.801894e+00	8.976098e-06	2.371180e-07	2.371180e-07
3.801894e+00	3.981072e+00	9.463377e-06	2.379266e-07	2.379266e-07
3.981072e+00	4.168694e+00	9.237419e-06	2.297183e-07	2.297183e-07
4.168694e+00	4.365158e+00	9.525450e-06	2.279626e-07	2.279626e-07
4.365158e+00	4.570882e+00	9.977188e-06	2.279942e-07	2.279942e-07
4.570882e+00	4.786301e+00	1.017001e-05	2.249473e-07	2.249473e-07
4.786301e+00	5.011872e+00	1.041078e-05	2.224141e-07	2.224141e-07
5.011872e+00	5.248075e+00	1.108568e-05	2.242852e-07	2.242852e-07
5.248075e+00	5.495409e+00	1.160516e-05	2.242569e-07	2.242569e-07
5.495409e+00	5.754399e+00	1.266376e-05	2.289297e-07	2.289297e-07
5.754399e+00	6.025596e+00	1.267077e-05	2.237800e-07	2.237800e-07
6.025596e+00	6.309573e+00	1.365934e-05	2.270573e-07	2.270573e-07
6.309573e+00	6.606934e+00	1.410426e-05	2.254734e-07	2.254734e-07
6.606934e+00	6.918310e+00	1.490483e-05	2.265078e-07	2.265078e-07
6.918310e+00	7.244360e+00	1.602562e-05	2.295237e-07	2.295237e-07
7.244360e+00	7.585776e+00	1.695252e-05	2.306946e-07	2.306946e-07
7.585776e+00	7.943282e+00	1.732282e-05	2.278924e-07	2.278924e-07
7.943282e+00	8.317638e+00	1.828675e-05	2.288169e-07	2.288169e-07
8.317638e+00	8.709636e+00	1.888283e-05	2.272238e-07	2.272238e-07
8.709636e+00	9.120108e+00	1.985298e-05	2.276844e-07	2.276844e-07
9.120108e+00	9.549926e+00	2.058279e-05	2.265541e-07	2.265541e-07
9.549926e+00	1.000000e+01	2.092099e-05	2.232088e-07	2.232088e-07
1.000000e+01	1.047129e+01	2.141652e-05	2.206950e-07	2.206950e-07
1.047129e+01	1.096478e+01	2.189524e-05	2.180710e-07	2.180710e-07
1.096478e+01	1.148154e+01	2.170367e-05	2.121702e-07	2.121702e-07
1.148154e+01	1.202264e+01	2.160490e-05	2.068710e-07	2.068710e-07
1.202264e+01	1.258925e+01	2.161206e-05	2.021940e-07	2.021940e-07
1.258925e+01	1.318257e+01	2.135992e-05	1.964344e-07	1.964344e-07
1.318257e+01	1.380384e+01	2.104248e-05	1.905331e-07	1.905331e-07
1.380384e+01	1.445440e+01	2.048062e-05	1.836919e-07	1.836919e-07
1.445440e+01	1.513561e+01	1.984391e-05	1.766995e-07	1.766995e-07
1.513561e+01	1.584893e+01	1.897920e-05	1.688725e-07	1.688725e-07
1.584893e+01	1.659587e+01	1.804027e-05	1.608944e-07	1.608944e-07
1.659587e+01	1.737801e+01	1.658566e-05	1.507601e-07	1.507601e-07
1.737801e+01	1.819701e+01	1.562851e-05	1.430142e-07	1.430142e-07
1.819701e+01	1.905461e+01	1.453764e-05	1.347928e-07	1.347928e-07
1.905461e+01	1.995262e+01	1.341797e-05	1.265508e-07	1.265508e-07
1.995262e+01	2.089296e+01	1.212435e-05	1.175572e-07	1.175572e-07
2.089296e+01	2.187762e+01	1.130542e-05	1.109334e-07	1.109334e-07
2.187762e+01	2.290868e+01	1.028311e-05	1.033909e-07	1.033909e-07
2.290868e+01	2.398833e+01	8.941729e-06	9.421746e-08	9.421746e-08
2.398833e+01	2.511886e+01	8.006485e-06	8.712486e-08	8.712486e-08
2.511886e+01	2.630268e+01	7.130901e-06	8.035105e-08	8.035105e-08
2.630268e+01	2.754229e+01	6.330952e-06	7.398679e-08	7.398679e-08
2.754229e+01	2.884032e+01	5.474610e-06	6.723515e-08	6.723515e-08
2.884032e+01	3.019952e+01	4.818960e-06	6.164490e-08	6.164490e-08
3.019952e+01	3.162278e+01	4.141177e-06	5.584470e-08	5.584470e-08
3.162278e+01	3.311311e+01	3.549188e-06	5.052258e-08	5.052258e-08
3.311311e+01	3.467369e+01	3.076234e-06	4.596517e-08	4.596517e-08
3.467369e+01	3.630781e+01	2.624928e-06	4.149339e-08	4.149339e-08
3.630781e+01	3.801894e+01	2.261876e-06	3.764048e-08	3.764048e-08
3.801894e+01	3.981072e+01	1.912416e-06	3.382291e-08	3.382291e-08
3.981072e+01	4.168694e+01	1.606408e-06	3.029341e-08	3.029341e-08
4.168694e+01	4.365158e+01	1.376444e-06	2.740312e-08	2.740312e-08
4.365158e+01	4.570882e+01	1.217061e-06	2.518116e-08	2.518116e-08
4.570882e+01	4.786301e+01	9.985911e-07	2.229020e-08	2.229020e-08
4.786301e+01	5.011872e+01	8.571909e-07	2.018178e-08	2.018178e-08
5.011872e+01	5.248075e+01	6.883740e-07	1.767387e-08	1.767387e-08
5.248075e+01	5.495409e+01	6.222929e-07	1.642169e-08	1.642169e-08
5.495409e+01	5.754399e+01	4.966180e-07	1.433613e-08	1.433613e-08
5.754399e+01	6.025596e+01	4.130053e-07	1.277608e-08	1.277608e-08
6.025596e+01	6.309573e+01	3.691306e-07	1.180349e-08	1.180349e-08
6.309573e+01	6.606934e+01	2.883569e-07	1.019496e-08	1.019496e-08
6.606934e+01	6.918310e+01	2.385462e-07	9.061620e-09	9.061620e-09
6.918310e+01	7.244360e+01	1.988820e-07	8.085704e-09	8.085704e-09
7.244360e+01	7.585776e+01	1.613629e-07	7.117411e-09	7.117411e-09
7.585776e+01	7.943282e+01	1.415087e-07	6.513464e-09	6.513464e-09
7.943282e+01	8.317638e+01	1.228278e-07	5.930185e-09	5.930185e-09
8.317638e+01	8.709636e+01	1.131985e-07	5.563405e-09	5.563405e-09
8.709636e+01	9.120108e+01	1.968848e-07	7.170121e-09	7.170121e-09
9.120108e+01	9.549926e+01	2.660752e-07	8.145580e-09	8.145580e-09
9.549926e+01	1.000000e+02	1.057361e-07	5.018014e-09	5.018014e-09
# END HISTO1D


# BEGIN HISTO1D //eos/home-y/youpeng/valid/genValidation/mg352VBS_merged.yoda.gz/MC_ZJETS:ENERGY=13600/jet_mass_1
ErrorBars=1
LineColor=blue
LineStyle=solid
Path=//eos/home-y/youpeng/valid/genValidation/mg352VBS_merged.yoda.gz/MC_ZJETS:ENERGY=13600/jet_mass_1
ScaledBy=1.07425781250000051e-09
Title=VBSZZ@LO(v352)
# xlow	 xhigh	 val	 errminus	 errplus
1.000000e+00	1.047129e+00	6.633050e-06	3.888363e-07	3.888363e-07
1.047129e+00	1.096478e+00	6.595880e-06	3.789234e-07	3.789234e-07
1.096478e+00	1.148154e+00	7.213552e-06	3.872437e-07	3.872437e-07
1.148154e+00	1.202264e+00	7.444958e-06	3.844560e-07	3.844560e-07
1.202264e+00	1.258925e+00	6.958095e-06	3.632096e-07	3.632096e-07
1.258925e+00	1.318257e+00	7.694998e-06	3.732622e-07	3.732622e-07
1.318257e+00	1.380384e+00	7.262355e-06	3.543666e-07	3.543666e-07
1.380384e+00	1.445440e+00	6.225332e-06	3.206209e-07	3.206209e-07
1.445440e+00	1.513561e+00	6.371019e-06	3.169700e-07	3.169700e-07
1.513561e+00	1.584893e+00	5.527009e-06	2.885075e-07	2.885075e-07
1.584893e+00	1.659587e+00	5.436441e-06	2.796203e-07	2.796203e-07
1.659587e+00	1.737801e+00	5.013221e-06	2.624040e-07	2.624040e-07
1.737801e+00	1.819701e+00	4.276044e-06	2.368282e-07	2.368282e-07
1.819701e+00	1.905461e+00	4.785057e-06	2.448248e-07	2.448248e-07
1.905461e+00	1.995262e+00	4.797022e-06	2.395519e-07	2.395519e-07
1.995262e+00	2.089296e+00	5.380771e-06	2.479329e-07	2.479329e-07
2.089296e+00	2.187762e+00	4.920382e-06	2.316917e-07	2.316917e-07
2.187762e+00	2.290868e+00	4.657277e-06	2.202817e-07	2.202817e-07
2.290868e+00	2.398833e+00	5.512331e-06	2.341965e-07	2.341965e-07
2.398833e+00	2.511886e+00	5.520807e-06	2.290417e-07	2.290417e-07
2.511886e+00	2.630268e+00	6.206960e-06	2.373290e-07	2.373290e-07
2.630268e+00	2.754229e+00	6.230923e-06	2.323742e-07	2.323742e-07
2.754229e+00	2.884032e+00	6.604298e-06	2.337896e-07	2.337896e-07
2.884032e+00	3.019952e+00	6.986786e-06	2.349910e-07	2.349910e-07
3.019952e+00	3.162278e+00	7.178021e-06	2.327633e-07	2.327633e-07
3.162278e+00	3.311311e+00	7.525347e-06	2.329037e-07	2.329037e-07
3.311311e+00	3.467369e+00	7.978220e-06	2.343496e-07	2.343496e-07
3.467369e+00	3.630781e+00	8.401470e-06	2.350120e-07	2.350120e-07
3.630781e+00	3.801894e+00	8.864622e-06	2.359081e-07	2.359081e-07
3.801894e+00	3.981072e+00	9.167085e-06	2.344378e-07	2.344378e-07
3.981072e+00	4.168694e+00	9.103783e-06	2.283091e-07	2.283091e-07
4.168694e+00	4.365158e+00	9.711102e-06	2.304342e-07	2.304342e-07
4.365158e+00	4.570882e+00	1.000505e-05	2.285711e-07	2.285711e-07
4.570882e+00	4.786301e+00	9.938752e-06	2.226271e-07	2.226271e-07
4.786301e+00	5.011872e+00	1.036297e-05	2.221543e-07	2.221543e-07
5.011872e+00	5.248075e+00	1.154289e-05	2.291231e-07	2.291231e-07
5.248075e+00	5.495409e+00	1.192249e-05	2.275600e-07	2.275600e-07
5.495409e+00	5.754399e+00	1.210765e-05	2.241004e-07	2.241004e-07
5.754399e+00	6.025596e+00	1.275893e-05	2.248117e-07	2.248117e-07
6.025596e+00	6.309573e+00	1.365250e-05	2.272578e-07	2.272578e-07
6.309573e+00	6.606934e+00	1.406400e-05	2.254066e-07	2.254066e-07
6.606934e+00	6.918310e+00	1.544235e-05	2.308173e-07	2.308173e-07
6.918310e+00	7.244360e+00	1.565672e-05	2.271237e-07	2.271237e-07
7.244360e+00	7.585776e+00	1.664801e-05	2.288725e-07	2.288725e-07
7.585776e+00	7.943282e+00	1.782487e-05	2.314333e-07	2.314333e-07
7.943282e+00	8.317638e+00	1.866685e-05	2.314448e-07	2.314448e-07
8.317638e+00	8.709636e+00	1.930385e-05	2.300034e-07	2.300034e-07
8.709636e+00	9.120108e+00	2.041622e-05	2.311533e-07	2.311533e-07
9.120108e+00	9.549926e+00	2.047453e-05	2.262137e-07	2.262137e-07
9.549926e+00	1.000000e+01	2.079899e-05	2.228094e-07	2.228094e-07
1.000000e+01	1.047129e+01	2.151298e-05	2.214421e-07	2.214421e-07
1.047129e+01	1.096478e+01	2.134846e-05	2.155749e-07	2.155749e-07
1.096478e+01	1.148154e+01	2.193585e-05	2.135438e-07	2.135438e-07
1.148154e+01	1.202264e+01	2.208472e-05	2.093927e-07	2.093927e-07
1.202264e+01	1.258925e+01	2.189998e-05	2.037671e-07	2.037671e-07
1.258925e+01	1.318257e+01	2.123819e-05	1.960959e-07	1.960959e-07
1.318257e+01	1.380384e+01	2.082220e-05	1.897481e-07	1.897481e-07
1.380384e+01	1.445440e+01	2.048085e-05	1.839012e-07	1.839012e-07
1.445440e+01	1.513561e+01	1.952150e-05	1.754569e-07	1.754569e-07
1.513561e+01	1.584893e+01	1.890930e-05	1.687523e-07	1.687523e-07
1.584893e+01	1.659587e+01	1.802943e-05	1.610283e-07	1.610283e-07
1.659587e+01	1.737801e+01	1.706968e-05	1.531174e-07	1.531174e-07
1.737801e+01	1.819701e+01	1.578857e-05	1.439076e-07	1.439076e-07
1.819701e+01	1.905461e+01	1.449672e-05	1.347556e-07	1.347556e-07
1.905461e+01	1.995262e+01	1.349148e-05	1.270409e-07	1.270409e-07
1.995262e+01	2.089296e+01	1.213473e-05	1.177408e-07	1.177408e-07
2.089296e+01	2.187762e+01	1.120451e-05	1.105624e-07	1.105624e-07
2.187762e+01	2.290868e+01	1.004805e-05	1.023183e-07	1.023183e-07
2.290868e+01	2.398833e+01	9.057536e-06	9.493311e-08	9.493311e-08
2.398833e+01	2.511886e+01	8.160532e-06	8.805873e-08	8.805873e-08
2.511886e+01	2.630268e+01	7.209692e-06	8.088534e-08	8.088534e-08
2.630268e+01	2.754229e+01	6.270787e-06	7.371786e-08	7.371786e-08
2.754229e+01	2.884032e+01	5.416683e-06	6.695432e-08	6.695432e-08
2.884032e+01	3.019952e+01	4.935010e-06	6.245347e-08	6.245347e-08
3.019952e+01	3.162278e+01	4.125664e-06	5.580320e-08	5.580320e-08
3.162278e+01	3.311311e+01	3.617789e-06	5.106633e-08	5.106633e-08
3.311311e+01	3.467369e+01	3.167882e-06	4.669773e-08	4.669773e-08
3.467369e+01	3.630781e+01	2.682818e-06	4.199600e-08	4.199600e-08
3.630781e+01	3.801894e+01	2.317232e-06	3.814148e-08	3.814148e-08
3.801894e+01	3.981072e+01	1.925748e-06	3.397908e-08	3.397908e-08
3.981072e+01	4.168694e+01	1.632383e-06	3.057197e-08	3.057197e-08
4.168694e+01	4.365158e+01	1.376833e-06	2.743806e-08	2.743806e-08
4.365158e+01	4.570882e+01	1.186924e-06	2.489564e-08	2.489564e-08
4.570882e+01	4.786301e+01	1.010331e-06	2.244627e-08	2.244627e-08
4.786301e+01	5.011872e+01	8.496110e-07	2.011512e-08	2.011512e-08
5.011872e+01	5.248075e+01	6.926648e-07	1.774896e-08	1.774896e-08
5.248075e+01	5.495409e+01	5.954729e-07	1.608213e-08	1.608213e-08
5.495409e+01	5.754399e+01	4.969153e-07	1.435668e-08	1.435668e-08
5.754399e+01	6.025596e+01	4.155267e-07	1.282955e-08	1.282955e-08
6.025596e+01	6.309573e+01	3.491621e-07	1.149281e-08	1.149281e-08
6.309573e+01	6.606934e+01	2.843147e-07	1.013472e-08	1.013472e-08
6.606934e+01	6.918310e+01	2.277023e-07	8.863298e-09	8.863298e-09
6.918310e+01	7.244360e+01	1.980153e-07	8.077213e-09	8.077213e-09
7.244360e+01	7.585776e+01	1.648754e-07	7.202616e-09	7.202616e-09
7.585776e+01	7.943282e+01	1.415292e-07	6.521322e-09	6.521322e-09
7.943282e+01	8.317638e+01	1.104802e-07	5.630592e-09	5.630592e-09
8.317638e+01	8.709636e+01	1.057820e-07	5.384164e-09	5.384164e-09
8.709636e+01	9.120108e+01	1.954995e-07	7.152952e-09	7.152952e-09
9.120108e+01	9.549926e+01	2.771759e-07	8.323187e-09	8.323187e-09
9.549926e+01	1.000000e+02	1.014410e-07	4.920611e-09	4.920611e-09
# END HISTO1D


# BEGIN HISTO1D //eos/home-y/youpeng/valid/genValidation/mg35xVBS_merged.yoda.gz/MC_ZJETS:ENERGY=13600/jet_mass_1
ErrorBars=1
LineColor=green
LineStyle=solid
Path=//eos/home-y/youpeng/valid/genValidation/mg35xVBS_merged.yoda.gz/MC_ZJETS:ENERGY=13600/jet_mass_1
ScaledBy=5.51937791219804204e-10
Title=VBSZZ@LO(v35x)
# xlow	 xhigh	 val	 errminus	 errplus
1.000000e+00	1.047129e+00	3.244007e-06	1.949134e-07	1.949134e-07
1.047129e+00	1.096478e+00	3.556631e-06	1.994460e-07	1.994460e-07
1.096478e+00	1.148154e+00	3.759620e-06	2.003884e-07	2.003884e-07
1.148154e+00	1.202264e+00	3.702706e-06	1.943416e-07	1.943416e-07
1.202264e+00	1.258925e+00	3.370405e-06	1.811940e-07	1.811940e-07
1.258925e+00	1.318257e+00	3.348911e-06	1.765031e-07	1.765031e-07
1.318257e+00	1.380384e+00	3.464769e-06	1.754454e-07	1.754454e-07
1.380384e+00	1.445440e+00	3.427553e-06	1.705271e-07	1.705271e-07
1.445440e+00	1.513561e+00	3.030265e-06	1.566913e-07	1.566913e-07
1.513561e+00	1.584893e+00	2.824221e-06	1.478265e-07	1.478265e-07
1.584893e+00	1.659587e+00	2.815331e-06	1.442338e-07	1.442338e-07
1.659587e+00	1.737801e+00	2.399299e-06	1.301203e-07	1.301203e-07
1.737801e+00	1.819701e+00	2.480013e-06	1.292796e-07	1.292796e-07
1.819701e+00	1.905461e+00	2.593644e-06	1.291986e-07	1.291986e-07
1.905461e+00	1.995262e+00	2.507662e-06	1.241478e-07	1.241478e-07
1.995262e+00	2.089296e+00	2.429996e-06	1.194278e-07	1.194278e-07
2.089296e+00	2.187762e+00	2.292594e-06	1.133615e-07	1.133615e-07
2.187762e+00	2.290868e+00	2.574846e-06	1.174029e-07	1.174029e-07
2.290868e+00	2.398833e+00	2.801481e-06	1.196734e-07	1.196734e-07
2.398833e+00	2.511886e+00	2.724220e-06	1.153254e-07	1.153254e-07
2.511886e+00	2.630268e+00	2.834706e-06	1.149625e-07	1.149625e-07
2.630268e+00	2.754229e+00	3.263691e-06	1.205472e-07	1.205472e-07
2.754229e+00	2.884032e+00	3.546267e-06	1.227972e-07	1.227972e-07
2.884032e+00	3.019952e+00	3.601889e-06	1.209396e-07	1.209396e-07
3.019952e+00	3.162278e+00	3.819813e-06	1.217094e-07	1.217094e-07
3.162278e+00	3.311311e+00	4.058992e-06	1.226063e-07	1.226063e-07
3.311311e+00	3.467369e+00	4.166289e-06	1.213883e-07	1.213883e-07
3.467369e+00	3.630781e+00	4.353706e-06	1.212642e-07	1.212642e-07
3.630781e+00	3.801894e+00	4.348075e-06	1.184274e-07	1.184274e-07
3.801894e+00	3.981072e+00	4.759200e-06	1.210792e-07	1.210792e-07
3.981072e+00	4.168694e+00	4.600903e-06	1.163388e-07	1.163388e-07
4.168694e+00	4.365158e+00	4.584873e-06	1.134925e-07	1.134925e-07
4.365158e+00	4.570882e+00	5.065325e-06	1.165752e-07	1.165752e-07
4.570882e+00	4.786301e+00	5.124321e-06	1.145833e-07	1.145833e-07
4.786301e+00	5.011872e+00	5.380616e-06	1.147412e-07	1.147412e-07
5.011872e+00	5.248075e+00	5.636143e-06	1.147607e-07	1.147607e-07
5.248075e+00	5.495409e+00	5.748470e-06	1.132607e-07	1.132607e-07
5.495409e+00	5.754399e+00	6.137615e-06	1.143677e-07	1.143677e-07
5.754399e+00	6.025596e+00	6.400676e-06	1.141341e-07	1.141341e-07
6.025596e+00	6.309573e+00	6.730689e-06	1.143755e-07	1.143755e-07
6.309573e+00	6.606934e+00	6.919616e-06	1.133298e-07	1.133298e-07
6.606934e+00	6.918310e+00	7.646896e-06	1.164247e-07	1.164247e-07
6.918310e+00	7.244360e+00	8.015412e-06	1.164839e-07	1.164839e-07
7.244360e+00	7.585776e+00	8.547036e-06	1.175468e-07	1.175468e-07
7.585776e+00	7.943282e+00	8.673385e-06	1.157171e-07	1.157171e-07
7.943282e+00	8.317638e+00	9.026069e-06	1.153591e-07	1.153591e-07
8.317638e+00	8.709636e+00	9.818065e-06	1.175753e-07	1.175753e-07
8.709636e+00	9.120108e+00	9.969175e-06	1.157798e-07	1.157798e-07
9.120108e+00	9.549926e+00	1.007649e-05	1.137515e-07	1.137515e-07
9.549926e+00	1.000000e+01	1.049000e-05	1.134203e-07	1.134203e-07
1.000000e+01	1.047129e+01	1.090548e-05	1.130117e-07	1.130117e-07
1.047129e+01	1.096478e+01	1.084213e-05	1.101193e-07	1.101193e-07
1.096478e+01	1.148154e+01	1.090503e-05	1.079230e-07	1.079230e-07
1.148154e+01	1.202264e+01	1.109486e-05	1.063818e-07	1.063818e-07
1.202264e+01	1.258925e+01	1.121682e-05	1.045293e-07	1.045293e-07
1.258925e+01	1.318257e+01	1.092396e-05	1.008070e-07	1.008070e-07
1.318257e+01	1.380384e+01	1.046893e-05	9.643976e-08	9.643976e-08
1.380384e+01	1.445440e+01	1.014013e-05	9.275195e-08	9.275195e-08
1.445440e+01	1.513561e+01	9.954504e-06	8.980787e-08	8.980787e-08
1.513561e+01	1.584893e+01	9.391887e-06	8.524704e-08	8.524704e-08
1.584893e+01	1.659587e+01	8.965460e-06	8.139327e-08	8.139327e-08
1.659587e+01	1.737801e+01	8.607136e-06	7.793493e-08	7.793493e-08
1.737801e+01	1.819701e+01	7.998044e-06	7.341672e-08	7.341672e-08
1.819701e+01	1.905461e+01	7.370326e-06	6.887253e-08	6.887253e-08
1.905461e+01	1.995262e+01	6.747948e-06	6.440066e-08	6.440066e-08
1.995262e+01	2.089296e+01	6.234642e-06	6.049345e-08	6.049345e-08
2.089296e+01	2.187762e+01	5.587988e-06	5.596670e-08	5.596670e-08
2.187762e+01	2.290868e+01	5.013723e-06	5.180638e-08	5.180638e-08
2.290868e+01	2.398833e+01	4.584614e-06	4.841222e-08	4.841222e-08
2.398833e+01	2.511886e+01	4.134175e-06	4.492607e-08	4.492607e-08
2.511886e+01	2.630268e+01	3.643157e-06	4.121365e-08	4.121365e-08
2.630268e+01	2.754229e+01	3.166627e-06	3.754922e-08	3.754922e-08
2.754229e+01	2.884032e+01	2.796619e-06	3.448414e-08	3.448414e-08
2.884032e+01	3.019952e+01	2.410058e-06	3.128363e-08	3.128363e-08
3.019952e+01	3.162278e+01	2.080538e-06	2.840474e-08	2.840474e-08
3.162278e+01	3.311311e+01	1.838398e-06	2.609298e-08	2.609298e-08
3.311311e+01	3.467369e+01	1.592244e-06	2.373050e-08	2.373050e-08
3.467369e+01	3.630781e+01	1.326377e-06	2.116590e-08	2.116590e-08
3.630781e+01	3.801894e+01	1.147015e-06	1.923481e-08	1.923481e-08
3.801894e+01	3.981072e+01	9.450630e-07	1.706213e-08	1.706213e-08
3.981072e+01	4.168694e+01	8.381059e-07	1.570191e-08	1.570191e-08
4.168694e+01	4.365158e+01	7.116103e-07	1.413920e-08	1.413920e-08
4.365158e+01	4.570882e+01	5.929221e-07	1.261250e-08	1.261250e-08
4.570882e+01	4.786301e+01	4.988525e-07	1.130548e-08	1.130548e-08
4.786301e+01	5.011872e+01	4.171874e-07	1.010343e-08	1.010343e-08
5.011872e+01	5.248075e+01	3.589186e-07	9.157994e-09	9.157994e-09
5.248075e+01	5.495409e+01	2.970191e-07	8.141329e-09	8.141329e-09
5.495409e+01	5.754399e+01	2.406030e-07	7.160678e-09	7.160678e-09
5.754399e+01	6.025596e+01	2.029086e-07	6.426179e-09	6.426179e-09
6.025596e+01	6.309573e+01	1.764789e-07	5.856659e-09	5.856659e-09
6.309573e+01	6.606934e+01	1.573990e-07	5.405104e-09	5.405104e-09
6.606934e+01	6.918310e+01	1.230168e-07	4.669654e-09	4.669654e-09
6.918310e+01	7.244360e+01	9.174982e-08	3.940992e-09	3.940992e-09
7.244360e+01	7.585776e+01	8.422558e-08	3.689989e-09	3.689989e-09
7.585776e+01	7.943282e+01	7.117176e-08	3.314800e-09	3.314800e-09
7.943282e+01	8.317638e+01	6.103874e-08	2.999891e-09	2.999891e-09
8.317638e+01	8.709636e+01	5.280045e-08	2.726602e-09	2.726602e-09
8.709636e+01	9.120108e+01	9.493171e-08	3.572802e-09	3.572802e-09
9.120108e+01	9.549926e+01	1.291824e-07	4.072907e-09	4.072907e-09
9.549926e+01	1.000000e+02	5.285469e-08	2.545920e-09	2.545920e-09
# END HISTO1D

