# BEGIN PLOT
Legend=1
LogY=1
Title=Rapidity of first jet
XLabel=$y(\mathrm{jet~1})$
YLabel=$\mathrm{d}\sigma/\mathrm{d}y(\mathrm{jet~1})$ [pb]
RemoveOptions=1
DrawOnly=//ospool/cms-user/youpeng/genvalid/genValidation/masterVBS_merged.yoda.gz/MC_ZJETS:ENERGY=13600/jet_y_1 //ospool/cms-user/youpeng/genvalid/genValidation/mg352VBS_merged.yoda.gz/MC_ZJETS:ENERGY=13600/jet_y_1 //ospool/cms-user/youpeng/genvalid/genValidation/mg35xVBS_merged.yoda.gz/MC_ZJETS:ENERGY=13600/jet_y_1
LegendOnly=//ospool/cms-user/youpeng/genvalid/genValidation/masterVBS_merged.yoda.gz/MC_ZJETS:ENERGY=13600/jet_y_1 //ospool/cms-user/youpeng/genvalid/genValidation/mg352VBS_merged.yoda.gz/MC_ZJETS:ENERGY=13600/jet_y_1 //ospool/cms-user/youpeng/genvalid/genValidation/mg35xVBS_merged.yoda.gz/MC_ZJETS:ENERGY=13600/jet_y_1
RatioPlot=1
RatioPlotReference=//ospool/cms-user/youpeng/genvalid/genValidation/masterVBS_merged.yoda.gz/MC_ZJETS:ENERGY=13600/jet_y_1
RatioPlotYLabel=Ratio
# END PLOT

# BEGIN HISTO1D //ospool/cms-user/youpeng/genvalid/genValidation/masterVBS_merged.yoda.gz/MC_ZJETS:ENERGY=13600/jet_y_1
ErrorBars=1
LineColor=red
LineStyle=solid
Path=//ospool/cms-user/youpeng/genvalid/genValidation/masterVBS_merged.yoda.gz/MC_ZJETS:ENERGY=13600/jet_y_1
ScaledBy=1.07182617187499956e-09
Title=VBSZZ@LO(v2918)
# xlow	 xhigh	 val	 errminus	 errplus
-5.000000e+00	-4.800000e+00	1.500556e-07	2.835786e-08	2.835786e-08
-4.800000e+00	-4.600000e+00	3.322661e-07	4.219784e-08	4.219784e-08
-4.600000e+00	-4.400000e+00	1.018235e-06	7.387053e-08	7.387053e-08
-4.400000e+00	-4.200000e+00	2.127575e-06	1.067799e-07	1.067799e-07
-4.200000e+00	-4.000000e+00	3.971116e-06	1.458826e-07	1.458826e-07
-4.000000e+00	-3.800000e+00	6.945435e-06	1.929287e-07	1.929287e-07
-3.800000e+00	-3.600000e+00	1.142031e-05	2.473922e-07	2.473922e-07
-3.600000e+00	-3.400000e+00	1.689734e-05	3.009237e-07	3.009237e-07
-3.400000e+00	-3.200000e+00	2.401963e-05	3.587817e-07	3.587817e-07
-3.200000e+00	-3.000000e+00	3.213871e-05	4.150127e-07	4.150127e-07
-3.000000e+00	-2.800000e+00	4.245503e-05	4.769927e-07	4.769927e-07
-2.800000e+00	-2.600000e+00	5.109930e-05	5.233049e-07	5.233049e-07
-2.600000e+00	-2.400000e+00	5.863425e-05	5.605609e-07	5.605609e-07
-2.400000e+00	-2.200000e+00	6.568150e-05	5.932923e-07	5.932923e-07
-2.200000e+00	-2.000000e+00	7.163550e-05	6.195999e-07	6.195999e-07
-2.000000e+00	-1.800000e+00	7.343615e-05	6.273388e-07	6.273388e-07
-1.800000e+00	-1.600000e+00	7.583705e-05	6.375114e-07	6.375114e-07
-1.600000e+00	-1.400000e+00	7.789495e-05	6.461031e-07	6.461031e-07
-1.400000e+00	-1.200000e+00	7.572450e-05	6.370381e-07	6.370381e-07
-1.200000e+00	-1.000000e+00	7.511360e-05	6.344632e-07	6.344632e-07
-1.000000e+00	-8.000000e-01	7.548335e-05	6.360230e-07	6.360230e-07
-8.000000e-01	-6.000000e-01	7.351120e-05	6.276593e-07	6.276593e-07
-6.000000e-01	-4.000000e-01	7.256800e-05	6.236195e-07	6.236195e-07
-4.000000e-01	-2.000000e-01	7.052615e-05	6.147837e-07	6.147837e-07
-2.000000e-01	0.000000e+00	7.099775e-05	6.168357e-07	6.168357e-07
0.000000e+00	2.000000e-01	7.077805e-05	6.158805e-07	6.158805e-07
2.000000e-01	4.000000e-01	7.120675e-05	6.177431e-07	6.177431e-07
4.000000e-01	6.000000e-01	7.174270e-05	6.200633e-07	6.200633e-07
6.000000e-01	8.000000e-01	7.430970e-05	6.310590e-07	6.310590e-07
8.000000e-01	1.000000e+00	7.287345e-05	6.249308e-07	6.249308e-07
1.000000e+00	1.200000e+00	7.629260e-05	6.394232e-07	6.394232e-07
1.200000e+00	1.400000e+00	7.518860e-05	6.347799e-07	6.347799e-07
1.400000e+00	1.600000e+00	7.688210e-05	6.418888e-07	6.418888e-07
1.600000e+00	1.800000e+00	7.586920e-05	6.376465e-07	6.376465e-07
1.800000e+00	2.000000e+00	7.424540e-05	6.307858e-07	6.307858e-07
2.000000e+00	2.200000e+00	7.033860e-05	6.139656e-07	6.139656e-07
2.200000e+00	2.400000e+00	6.463650e-05	5.885535e-07	5.885535e-07
2.400000e+00	2.600000e+00	5.887005e-05	5.616870e-07	5.616870e-07
2.600000e+00	2.800000e+00	5.089565e-05	5.222610e-07	5.222610e-07
2.800000e+00	3.000000e+00	4.247111e-05	4.770831e-07	4.770831e-07
3.000000e+00	3.200000e+00	3.200473e-05	4.141467e-07	4.141467e-07
3.200000e+00	3.400000e+00	2.520399e-05	3.675207e-07	3.675207e-07
3.400000e+00	3.600000e+00	1.728319e-05	3.043401e-07	3.043401e-07
3.600000e+00	3.800000e+00	1.138816e-05	2.470437e-07	2.470437e-07
3.800000e+00	4.000000e+00	6.811455e-06	1.910588e-07	1.910588e-07
4.000000e+00	4.200000e+00	4.035425e-06	1.470591e-07	1.470591e-07
4.200000e+00	4.400000e+00	1.918569e-06	1.013995e-07	1.013995e-07
4.400000e+00	4.600000e+00	1.045031e-06	7.483619e-08	7.483619e-08
4.600000e+00	4.800000e+00	3.912165e-07	4.578843e-08	4.578843e-08
4.800000e+00	5.000000e+00	1.286191e-07	2.625427e-08	2.625427e-08
# END HISTO1D


# BEGIN HISTO1D //ospool/cms-user/youpeng/genvalid/genValidation/mg352VBS_merged.yoda.gz/MC_ZJETS:ENERGY=13600/jet_y_1
ErrorBars=1
LineColor=blue
LineStyle=solid
Path=//ospool/cms-user/youpeng/genvalid/genValidation/mg352VBS_merged.yoda.gz/MC_ZJETS:ENERGY=13600/jet_y_1
ScaledBy=1.07425781250000051e-09
Title=VBSZZ@LO(v352)
# xlow	 xhigh	 val	 errminus	 errplus
-5.000000e+00	-4.800000e+00	2.041090e-07	3.311085e-08	3.311085e-08
-4.800000e+00	-4.600000e+00	3.867328e-07	4.557690e-08	4.557690e-08
-4.600000e+00	-4.400000e+00	9.668320e-07	7.206341e-08	7.206341e-08
-4.400000e+00	-4.200000e+00	2.196857e-06	1.086276e-07	1.086276e-07
-4.200000e+00	-4.000000e+00	4.372229e-06	1.532466e-07	1.532466e-07
-4.000000e+00	-3.800000e+00	7.809855e-06	2.048145e-07	2.048145e-07
-3.800000e+00	-3.600000e+00	1.222506e-05	2.562505e-07	2.562505e-07
-3.600000e+00	-3.400000e+00	1.885859e-05	3.182687e-07	3.182687e-07
-3.400000e+00	-3.200000e+00	2.576070e-05	3.719787e-07	3.719787e-07
-3.200000e+00	-3.000000e+00	3.383912e-05	4.263329e-07	4.263329e-07
-3.000000e+00	-2.800000e+00	4.377600e-05	4.849057e-07	4.849057e-07
-2.800000e+00	-2.600000e+00	5.285350e-05	5.328145e-07	5.328145e-07
-2.600000e+00	-2.400000e+00	6.049685e-05	5.700403e-07	5.700403e-07
-2.400000e+00	-2.200000e+00	6.579830e-05	5.944929e-07	5.944929e-07
-2.200000e+00	-2.000000e+00	7.296360e-05	6.260260e-07	6.260260e-07
-2.000000e+00	-1.800000e+00	7.481670e-05	6.339259e-07	6.339259e-07
-1.800000e+00	-1.600000e+00	7.561165e-05	6.372849e-07	6.372849e-07
-1.600000e+00	-1.400000e+00	7.673960e-05	6.420206e-07	6.420206e-07
-1.400000e+00	-1.200000e+00	7.630990e-05	6.402207e-07	6.402207e-07
-1.200000e+00	-1.000000e+00	7.529475e-05	6.359479e-07	6.359479e-07
-1.000000e+00	-8.000000e-01	7.378540e-05	6.295417e-07	6.295417e-07
-8.000000e-01	-6.000000e-01	7.293675e-05	6.259107e-07	6.259107e-07
-6.000000e-01	-4.000000e-01	7.079895e-05	6.166699e-07	6.166699e-07
-4.000000e-01	-2.000000e-01	6.876325e-05	6.077395e-07	6.077395e-07
-2.000000e-01	0.000000e+00	6.956355e-05	6.112659e-07	6.112659e-07
0.000000e+00	2.000000e-01	6.982675e-05	6.124212e-07	6.124212e-07
2.000000e-01	4.000000e-01	6.996105e-05	6.130098e-07	6.130098e-07
4.000000e-01	6.000000e-01	7.063780e-05	6.159677e-07	6.159677e-07
6.000000e-01	8.000000e-01	7.132000e-05	6.189348e-07	6.189348e-07
8.000000e-01	1.000000e+00	7.343090e-05	6.280275e-07	6.280275e-07
1.000000e+00	1.200000e+00	7.455885e-05	6.328327e-07	6.328327e-07
1.200000e+00	1.400000e+00	7.566535e-05	6.375112e-07	6.375112e-07
1.400000e+00	1.600000e+00	7.673425e-05	6.419982e-07	6.419982e-07
1.600000e+00	1.800000e+00	7.505840e-05	6.349490e-07	6.349490e-07
1.800000e+00	2.000000e+00	7.411305e-05	6.309378e-07	6.309378e-07
2.000000e+00	2.200000e+00	7.129850e-05	6.188415e-07	6.188415e-07
2.200000e+00	2.400000e+00	6.622800e-05	5.964308e-07	5.964308e-07
2.400000e+00	2.600000e+00	5.984690e-05	5.669700e-07	5.669700e-07
2.600000e+00	2.800000e+00	5.205315e-05	5.287651e-07	5.287651e-07
2.800000e+00	3.000000e+00	4.264803e-05	4.786177e-07	4.786177e-07
3.000000e+00	3.200000e+00	3.257687e-05	4.183058e-07	4.183058e-07
3.200000e+00	3.400000e+00	2.436417e-05	3.617554e-07	3.617554e-07
3.400000e+00	3.600000e+00	1.752114e-05	3.067754e-07	3.067754e-07
3.600000e+00	3.800000e+00	1.161273e-05	2.497505e-07	2.497505e-07
3.800000e+00	4.000000e+00	7.288840e-06	1.978648e-07	1.978648e-07
4.000000e+00	4.200000e+00	3.996239e-06	1.465092e-07	1.465092e-07
4.200000e+00	4.400000e+00	2.309654e-06	1.113814e-07	1.113814e-07
4.400000e+00	4.600000e+00	1.101115e-06	7.690515e-08	7.690515e-08
4.600000e+00	4.800000e+00	4.135892e-07	4.713287e-08	4.713287e-08
4.800000e+00	5.000000e+00	1.450248e-07	2.791004e-08	2.791004e-08
# END HISTO1D


# BEGIN HISTO1D //ospool/cms-user/youpeng/genvalid/genValidation/mg35xVBS_merged.yoda.gz/MC_ZJETS:ENERGY=13600/jet_y_1
ErrorBars=1
LineColor=green
LineStyle=solid
Path=//ospool/cms-user/youpeng/genvalid/genValidation/mg35xVBS_merged.yoda.gz/MC_ZJETS:ENERGY=13600/jet_y_1
ScaledBy=5.51937791219804204e-10
Title=VBSZZ@LO(v35x)
# xlow	 xhigh	 val	 errminus	 errplus
-5.000000e+00	-4.800000e+00	1.186666e-07	1.809649e-08	1.809649e-08
-4.800000e+00	-4.600000e+00	2.649301e-07	2.703932e-08	2.703932e-08
-4.600000e+00	-4.400000e+00	5.050230e-07	3.733238e-08	3.733238e-08
-4.400000e+00	-4.200000e+00	1.087317e-06	5.477826e-08	5.477826e-08
-4.200000e+00	-4.000000e+00	1.998015e-06	7.425564e-08	7.425564e-08
-4.000000e+00	-3.800000e+00	3.540681e-06	9.884927e-08	9.884927e-08
-3.800000e+00	-3.600000e+00	6.118230e-06	1.299400e-07	1.299400e-07
-3.600000e+00	-3.400000e+00	8.919315e-06	1.568902e-07	1.568902e-07
-3.400000e+00	-3.200000e+00	1.276632e-05	1.876994e-07	1.876994e-07
-3.200000e+00	-3.000000e+00	1.665472e-05	2.143871e-07	2.143871e-07
-3.000000e+00	-2.800000e+00	2.228449e-05	2.479884e-07	2.479884e-07
-2.800000e+00	-2.600000e+00	2.662548e-05	2.710683e-07	2.710683e-07
-2.600000e+00	-2.400000e+00	3.065738e-05	2.908691e-07	2.908691e-07
-2.400000e+00	-2.200000e+00	3.395522e-05	3.061141e-07	3.061141e-07
-2.200000e+00	-2.000000e+00	3.601946e-05	3.152816e-07	3.152816e-07
-2.000000e+00	-1.800000e+00	3.755661e-05	3.219387e-07	3.219387e-07
-1.800000e+00	-1.600000e+00	3.781326e-05	3.230369e-07	3.230369e-07
-1.600000e+00	-1.400000e+00	3.784913e-05	3.231901e-07	3.231901e-07
-1.400000e+00	-1.200000e+00	3.835692e-05	3.253508e-07	3.253508e-07
-1.200000e+00	-1.000000e+00	3.725580e-05	3.206469e-07	3.206469e-07
-1.000000e+00	-8.000000e-01	3.693016e-05	3.192425e-07	3.192425e-07
-8.000000e-01	-6.000000e-01	3.649136e-05	3.173402e-07	3.173402e-07
-6.000000e-01	-4.000000e-01	3.590632e-05	3.147860e-07	3.147860e-07
-4.000000e-01	-2.000000e-01	3.543716e-05	3.127228e-07	3.127228e-07
-2.000000e-01	0.000000e+00	3.506461e-05	3.110746e-07	3.110746e-07
0.000000e+00	2.000000e-01	3.490730e-05	3.103761e-07	3.103761e-07
2.000000e-01	4.000000e-01	3.582904e-05	3.144471e-07	3.144471e-07
4.000000e-01	6.000000e-01	3.575453e-05	3.141200e-07	3.141200e-07
6.000000e-01	8.000000e-01	3.672870e-05	3.183705e-07	3.183705e-07
8.000000e-01	1.000000e+00	3.706814e-05	3.198383e-07	3.198383e-07
1.000000e+00	1.200000e+00	3.722545e-05	3.205162e-07	3.205162e-07
1.200000e+00	1.400000e+00	3.829897e-05	3.251049e-07	3.251049e-07
1.400000e+00	1.600000e+00	3.775254e-05	3.227774e-07	3.227774e-07
1.600000e+00	1.800000e+00	3.812511e-05	3.243662e-07	3.243662e-07
1.800000e+00	2.000000e+00	3.720061e-05	3.204093e-07	3.204093e-07
2.000000e+00	2.200000e+00	3.619056e-05	3.160296e-07	3.160296e-07
2.200000e+00	2.400000e+00	3.304452e-05	3.019811e-07	3.019811e-07
2.400000e+00	2.600000e+00	2.999230e-05	2.876968e-07	2.876968e-07
2.600000e+00	2.800000e+00	2.588313e-05	2.672627e-07	2.672627e-07
2.800000e+00	3.000000e+00	2.204715e-05	2.466643e-07	2.466643e-07
3.000000e+00	3.200000e+00	1.628768e-05	2.120117e-07	2.120117e-07
3.200000e+00	3.400000e+00	1.239377e-05	1.849403e-07	1.849403e-07
3.400000e+00	3.600000e+00	8.828245e-06	1.560872e-07	1.560872e-07
3.600000e+00	3.800000e+00	5.845020e-06	1.270057e-07	1.270057e-07
3.800000e+00	4.000000e+00	3.579316e-06	9.938712e-08	9.938712e-08
4.000000e+00	4.200000e+00	2.149797e-06	7.702449e-08	7.702449e-08
4.200000e+00	4.400000e+00	1.007286e-06	5.272378e-08	5.272378e-08
4.400000e+00	4.600000e+00	4.029146e-07	3.334545e-08	3.334545e-08
4.600000e+00	4.800000e+00	2.069766e-07	2.389961e-08	2.389961e-08
4.800000e+00	5.000000e+00	6.071315e-08	1.294409e-08	1.294409e-08
# END HISTO1D

