# BEGIN PLOT
Legend=1
LogY=1
Title=Pseudorapidity of fourth jet
XLabel=$\eta(\mathrm{jet~4})$
YLabel=$\mathrm{d}\sigma/\mathrm{d}\eta(\mathrm{jet~4})$ [pb]
LegendYPos=0.5
LegendXPos=0.30
RemoveOptions=1
DrawOnly=//ospool/cms-user/youpeng/genvalid/genValidation/masterVBS_merged.yoda.gz/MC_ZJETS:ENERGY=13600/jet_eta_4 //ospool/cms-user/youpeng/genvalid/genValidation/mg352VBS_merged.yoda.gz/MC_ZJETS:ENERGY=13600/jet_eta_4 //ospool/cms-user/youpeng/genvalid/genValidation/mg35xVBS_merged.yoda.gz/MC_ZJETS:ENERGY=13600/jet_eta_4
LegendOnly=//ospool/cms-user/youpeng/genvalid/genValidation/masterVBS_merged.yoda.gz/MC_ZJETS:ENERGY=13600/jet_eta_4 //ospool/cms-user/youpeng/genvalid/genValidation/mg352VBS_merged.yoda.gz/MC_ZJETS:ENERGY=13600/jet_eta_4 //ospool/cms-user/youpeng/genvalid/genValidation/mg35xVBS_merged.yoda.gz/MC_ZJETS:ENERGY=13600/jet_eta_4
RatioPlot=1
RatioPlotReference=//ospool/cms-user/youpeng/genvalid/genValidation/masterVBS_merged.yoda.gz/MC_ZJETS:ENERGY=13600/jet_eta_4
RatioPlotYLabel=Ratio
# END PLOT

# BEGIN HISTO1D //ospool/cms-user/youpeng/genvalid/genValidation/masterVBS_merged.yoda.gz/MC_ZJETS:ENERGY=13600/jet_eta_4
ErrorBars=1
LineColor=red
LineStyle=solid
Path=//ospool/cms-user/youpeng/genvalid/genValidation/masterVBS_merged.yoda.gz/MC_ZJETS:ENERGY=13600/jet_eta_4
ScaledBy=1.07182617187499956e-09
Title=VBSZZ@LO(v2918)
# xlow	 xhigh	 val	 errminus	 errplus
-5.000000e+00	-4.600000e+00	2.537547e-06	8.245923e-08	8.245923e-08
-4.600000e+00	-4.200000e+00	5.487750e-06	1.212633e-07	1.212633e-07
-4.200000e+00	-3.800000e+00	9.268617e-06	1.575940e-07	1.575940e-07
-3.800000e+00	-3.400000e+00	1.409719e-05	1.943562e-07	1.943562e-07
-3.400000e+00	-3.000000e+00	1.844077e-05	2.222909e-07	2.222909e-07
-3.000000e+00	-2.600000e+00	2.944843e-05	2.809075e-07	2.809075e-07
-2.600000e+00	-2.200000e+00	3.619825e-05	3.114411e-07	3.114411e-07
-2.200000e+00	-1.800000e+00	4.367155e-05	3.420830e-07	3.420830e-07
-1.800000e+00	-1.400000e+00	5.054732e-05	3.680284e-07	3.680284e-07
-1.400000e+00	-1.000000e+00	5.709083e-05	3.911247e-07	3.911247e-07
-1.000000e+00	-6.000000e-01	6.159250e-05	4.062525e-07	4.062525e-07
-6.000000e-01	-2.000000e-01	6.346818e-05	4.123920e-07	4.123920e-07
-2.000000e-01	2.000000e-01	6.499285e-05	4.173160e-07	4.173160e-07
2.000000e-01	6.000000e-01	6.385673e-05	4.136523e-07	4.136523e-07
6.000000e-01	1.000000e+00	6.112087e-05	4.046943e-07	4.046943e-07
1.000000e+00	1.400000e+00	5.692200e-05	3.905461e-07	3.905461e-07
1.400000e+00	1.800000e+00	5.044550e-05	3.676574e-07	3.676574e-07
1.800000e+00	2.200000e+00	4.328570e-05	3.405685e-07	3.405685e-07
2.200000e+00	2.600000e+00	3.633758e-05	3.120400e-07	3.120400e-07
2.600000e+00	3.000000e+00	2.971103e-05	2.821571e-07	2.821571e-07
3.000000e+00	3.400000e+00	1.836842e-05	2.218544e-07	2.218544e-07
3.400000e+00	3.800000e+00	1.382924e-05	1.925002e-07	1.925002e-07
3.800000e+00	4.200000e+00	9.424032e-06	1.589097e-07	1.589097e-07
4.200000e+00	4.600000e+00	5.495788e-06	1.213521e-07	1.213521e-07
4.600000e+00	5.000000e+00	2.521470e-06	8.219759e-08	8.219759e-08
# END HISTO1D


# BEGIN HISTO1D //ospool/cms-user/youpeng/genvalid/genValidation/mg352VBS_merged.yoda.gz/MC_ZJETS:ENERGY=13600/jet_eta_4
ErrorBars=1
LineColor=blue
LineStyle=solid
Path=//ospool/cms-user/youpeng/genvalid/genValidation/mg352VBS_merged.yoda.gz/MC_ZJETS:ENERGY=13600/jet_eta_4
ScaledBy=1.07425781250000051e-09
Title=VBSZZ@LO(v352)
# xlow	 xhigh	 val	 errminus	 errplus
-5.000000e+00	-4.600000e+00	2.411709e-06	8.047977e-08	8.047977e-08
-4.600000e+00	-4.200000e+00	5.344433e-06	1.198050e-07	1.198050e-07
-4.200000e+00	-3.800000e+00	9.434670e-06	1.591797e-07	1.591797e-07
-3.800000e+00	-3.400000e+00	1.371022e-05	1.918874e-07	1.918874e-07
-3.400000e+00	-3.000000e+00	1.798039e-05	2.197474e-07	2.197474e-07
-3.000000e+00	-2.600000e+00	2.928158e-05	2.804281e-07	2.804281e-07
-2.600000e+00	-2.200000e+00	3.615415e-05	3.116042e-07	3.116042e-07
-2.200000e+00	-1.800000e+00	4.402577e-05	3.438569e-07	3.438569e-07
-1.800000e+00	-1.400000e+00	5.083925e-05	3.695080e-07	3.695080e-07
-1.400000e+00	-1.000000e+00	5.664293e-05	3.900292e-07	3.900292e-07
-1.000000e+00	-6.000000e-01	6.141800e-05	4.061366e-07	4.061366e-07
-6.000000e-01	-2.000000e-01	6.414930e-05	4.150690e-07	4.150690e-07
-2.000000e-01	2.000000e-01	6.465690e-05	4.167079e-07	4.167079e-07
2.000000e-01	6.000000e-01	6.334898e-05	4.124717e-07	4.124717e-07
6.000000e-01	1.000000e+00	6.205182e-05	4.082268e-07	4.082268e-07
1.000000e+00	1.400000e+00	5.670203e-05	3.902325e-07	3.902325e-07
1.400000e+00	1.800000e+00	5.131997e-05	3.712509e-07	3.712509e-07
1.800000e+00	2.200000e+00	4.363367e-05	3.423222e-07	3.423222e-07
2.200000e+00	2.600000e+00	3.710755e-05	3.156861e-07	3.156861e-07
2.600000e+00	3.000000e+00	2.912850e-05	2.796941e-07	2.796941e-07
3.000000e+00	3.400000e+00	1.826238e-05	2.214639e-07	2.214639e-07
3.400000e+00	3.800000e+00	1.336914e-05	1.894855e-07	1.894855e-07
3.800000e+00	4.200000e+00	9.520610e-06	1.599030e-07	1.599030e-07
4.200000e+00	4.600000e+00	5.339063e-06	1.197448e-07	1.197448e-07
4.600000e+00	5.000000e+00	2.642675e-06	8.424536e-08	8.424536e-08
# END HISTO1D


# BEGIN HISTO1D //ospool/cms-user/youpeng/genvalid/genValidation/mg35xVBS_merged.yoda.gz/MC_ZJETS:ENERGY=13600/jet_eta_4
ErrorBars=1
LineColor=green
LineStyle=solid
Path=//ospool/cms-user/youpeng/genvalid/genValidation/mg35xVBS_merged.yoda.gz/MC_ZJETS:ENERGY=13600/jet_eta_4
ScaledBy=5.51937791219804204e-10
Title=VBSZZ@LO(v35x)
# xlow	 xhigh	 val	 errminus	 errplus
-5.000000e+00	-4.600000e+00	1.221162e-06	4.104893e-08	4.104893e-08
-4.600000e+00	-4.200000e+00	2.766588e-06	6.178561e-08	6.178561e-08
-4.200000e+00	-3.800000e+00	4.570045e-06	7.941001e-08	7.941001e-08
-3.800000e+00	-3.400000e+00	6.823330e-06	9.703163e-08	9.703163e-08
-3.400000e+00	-3.000000e+00	9.203563e-06	1.126920e-07	1.126920e-07
-3.000000e+00	-2.600000e+00	1.465395e-05	1.421976e-07	1.421976e-07
-2.600000e+00	-2.200000e+00	1.811322e-05	1.580931e-07	1.580931e-07
-2.200000e+00	-1.800000e+00	2.216996e-05	1.749031e-07	1.749031e-07
-1.800000e+00	-1.400000e+00	2.584725e-05	1.888523e-07	1.888523e-07
-1.400000e+00	-1.000000e+00	2.835443e-05	1.977996e-07	1.977996e-07
-1.000000e+00	-6.000000e-01	3.076225e-05	2.060270e-07	2.060270e-07
-6.000000e-01	-2.000000e-01	3.234218e-05	2.112514e-07	2.112514e-07
-2.000000e-01	2.000000e-01	3.270645e-05	2.124378e-07	2.124378e-07
2.000000e-01	6.000000e-01	3.202343e-05	2.102079e-07	2.102079e-07
6.000000e-01	1.000000e+00	3.142182e-05	2.082240e-07	2.082240e-07
1.000000e+00	1.400000e+00	2.819023e-05	1.972261e-07	1.972261e-07
1.400000e+00	1.800000e+00	2.581000e-05	1.887161e-07	1.887161e-07
1.800000e+00	2.200000e+00	2.204715e-05	1.744180e-07	1.744180e-07
2.200000e+00	2.600000e+00	1.839333e-05	1.593108e-07	1.593108e-07
2.600000e+00	3.000000e+00	1.469534e-05	1.423983e-07	1.423983e-07
3.000000e+00	3.400000e+00	9.282215e-06	1.131725e-07	1.131725e-07
3.400000e+00	3.800000e+00	6.980633e-06	9.814371e-08	9.814371e-08
3.800000e+00	4.200000e+00	4.640417e-06	8.001910e-08	8.001910e-08
4.200000e+00	4.600000e+00	2.707255e-06	6.111948e-08	6.111948e-08
4.600000e+00	5.000000e+00	1.313612e-06	4.257441e-08	4.257441e-08
# END HISTO1D

