# BEGIN PLOT
Legend=1
LogY=1
Title=Transverse momentum of leading jet
XLabel=$p_\perp(\mathrm{jet~1})$ [GeV]
YLabel=$\mathrm{d}\sigma/\mathrm{d}p_\perp(\mathrm{jet~1})$ [pb/GeV]
LogX=1
LegendXPos=0.05
LegendYPos=0.5
XMin=20.0
RemoveOptions=1
DrawOnly=//ospool/cms-user/youpeng/genvalid/genValidation/masterVBS_merged.yoda.gz/MC_ZJETS:ENERGY=13600/jet_pT_1 //ospool/cms-user/youpeng/genvalid/genValidation/mg352VBS_merged.yoda.gz/MC_ZJETS:ENERGY=13600/jet_pT_1 //ospool/cms-user/youpeng/genvalid/genValidation/mg35xVBS_merged.yoda.gz/MC_ZJETS:ENERGY=13600/jet_pT_1
LegendOnly=//ospool/cms-user/youpeng/genvalid/genValidation/masterVBS_merged.yoda.gz/MC_ZJETS:ENERGY=13600/jet_pT_1 //ospool/cms-user/youpeng/genvalid/genValidation/mg352VBS_merged.yoda.gz/MC_ZJETS:ENERGY=13600/jet_pT_1 //ospool/cms-user/youpeng/genvalid/genValidation/mg35xVBS_merged.yoda.gz/MC_ZJETS:ENERGY=13600/jet_pT_1
RatioPlot=1
RatioPlotReference=//ospool/cms-user/youpeng/genvalid/genValidation/masterVBS_merged.yoda.gz/MC_ZJETS:ENERGY=13600/jet_pT_1
RatioPlotYLabel=Ratio
# END PLOT

# BEGIN HISTO1D //ospool/cms-user/youpeng/genvalid/genValidation/masterVBS_merged.yoda.gz/MC_ZJETS:ENERGY=13600/jet_pT_1
ErrorBars=1
LineColor=red
LineStyle=solid
Path=//ospool/cms-user/youpeng/genvalid/genValidation/masterVBS_merged.yoda.gz/MC_ZJETS:ENERGY=13600/jet_pT_1
ScaledBy=1.07182617187499956e-09
Title=VBSZZ@LO(v2918)
# xlow	 xhigh	 val	 errminus	 errplus
1.000000e+01	1.060022e+01	0.000000e+00	0.000000e+00	0.000000e+00
1.060022e+01	1.123646e+01	0.000000e+00	0.000000e+00	0.000000e+00
1.123646e+01	1.191089e+01	0.000000e+00	0.000000e+00	0.000000e+00
1.191089e+01	1.262581e+01	0.000000e+00	0.000000e+00	0.000000e+00
1.262581e+01	1.338363e+01	0.000000e+00	0.000000e+00	0.000000e+00
1.338363e+01	1.418694e+01	0.000000e+00	0.000000e+00	0.000000e+00
1.418694e+01	1.503847e+01	0.000000e+00	0.000000e+00	0.000000e+00
1.503847e+01	1.594110e+01	0.000000e+00	0.000000e+00	0.000000e+00
1.594110e+01	1.689791e+01	0.000000e+00	0.000000e+00	0.000000e+00
1.689791e+01	1.791216e+01	0.000000e+00	0.000000e+00	0.000000e+00
1.791216e+01	1.898728e+01	0.000000e+00	0.000000e+00	0.000000e+00
1.898728e+01	2.012693e+01	9.404870e-10	9.404870e-10	9.404870e-10
2.012693e+01	2.133498e+01	3.548947e-09	1.774473e-09	1.774473e-09
2.133498e+01	2.261554e+01	5.021988e-09	2.050218e-09	2.050218e-09
2.261554e+01	2.397297e+01	1.105440e-08	2.954411e-09	2.954411e-09
2.397297e+01	2.541187e+01	1.787743e-08	3.649214e-09	3.649214e-09
2.541187e+01	2.693714e+01	2.529765e-08	4.216275e-09	4.216275e-09
2.693714e+01	2.855395e+01	2.916876e-08	4.397357e-09	4.397357e-09
2.855395e+01	3.026781e+01	3.502169e-08	4.679970e-09	4.679970e-09
3.026781e+01	3.208454e+01	4.542812e-08	5.177014e-09	5.177014e-09
3.208454e+01	3.401031e+01	6.734501e-08	6.122273e-09	6.122273e-09
3.401031e+01	3.605167e+01	9.608506e-08	7.102812e-09	7.102812e-09
3.605167e+01	3.821555e+01	1.357194e-07	8.199105e-09	8.199105e-09
3.821555e+01	4.050932e+01	1.523323e-07	8.436908e-09	8.436908e-09
4.050932e+01	4.294076e+01	2.071852e-07	9.556739e-09	9.556739e-09
4.294076e+01	4.551814e+01	2.802888e-07	1.079632e-08	1.079632e-08
4.551814e+01	4.825022e+01	3.664190e-07	1.198959e-08	1.198959e-08
4.825022e+01	5.114629e+01	4.655816e-07	1.312670e-08	1.312670e-08
5.114629e+01	5.421618e+01	5.977302e-07	1.444619e-08	1.444619e-08
5.421618e+01	5.747033e+01	7.144081e-07	1.533969e-08	1.533969e-08
5.747033e+01	6.091980e+01	8.467173e-07	1.622016e-08	1.622016e-08
6.091980e+01	6.457631e+01	1.036794e-06	1.743312e-08	1.743312e-08
6.457631e+01	6.845230e+01	1.241065e-06	1.852542e-08	1.852542e-08
6.845230e+01	7.256093e+01	1.316099e-06	1.852925e-08	1.852925e-08
7.256093e+01	7.691616e+01	1.490387e-06	1.915165e-08	1.915165e-08
7.691616e+01	8.153281e+01	1.626550e-06	1.943267e-08	1.943267e-08
8.153281e+01	8.642655e+01	1.760482e-06	1.963620e-08	1.963620e-08
8.642655e+01	9.161403e+01	1.922993e-06	1.993301e-08	1.993301e-08
9.161403e+01	9.711287e+01	2.022865e-06	1.985684e-08	1.985684e-08
9.711287e+01	1.029418e+02	2.139633e-06	1.983524e-08	1.983524e-08
1.029418e+02	1.091205e+02	2.182961e-06	1.945972e-08	1.945972e-08
1.091205e+02	1.156701e+02	2.230516e-06	1.910546e-08	1.910546e-08
1.156701e+02	1.226128e+02	2.225722e-06	1.853674e-08	1.853674e-08
1.226128e+02	1.299723e+02	2.226666e-06	1.800801e-08	1.800801e-08
1.299723e+02	1.377734e+02	2.181683e-06	1.731331e-08	1.731331e-08
1.377734e+02	1.460429e+02	2.126803e-06	1.660299e-08	1.660299e-08
1.460429e+02	1.548086e+02	2.048351e-06	1.582600e-08	1.582600e-08
1.548086e+02	1.641005e+02	1.973418e-06	1.508757e-08	1.508757e-08
1.641005e+02	1.739501e+02	1.846010e-06	1.417327e-08	1.417327e-08
1.739501e+02	1.843909e+02	1.723825e-06	1.330276e-08	1.330276e-08
1.843909e+02	1.954584e+02	1.606940e-06	1.247491e-08	1.247491e-08
1.954584e+02	2.071901e+02	1.451187e-06	1.151445e-08	1.151445e-08
2.071901e+02	2.196260e+02	1.307387e-06	1.061514e-08	1.061514e-08
2.196260e+02	2.328084e+02	1.208878e-06	9.914166e-09	9.914166e-09
2.328084e+02	2.467820e+02	1.070169e-06	9.060128e-09	9.060128e-09
2.467820e+02	2.615942e+02	9.514029e-07	8.297258e-09	8.297258e-09
2.615942e+02	2.772956e+02	8.303521e-07	7.528772e-09	7.528772e-09
2.772956e+02	2.939394e+02	7.088922e-07	6.756568e-09	6.756568e-09
2.939394e+02	3.115821e+02	6.131681e-07	6.103366e-09	6.103366e-09
3.115821e+02	3.302839e+02	5.109884e-07	5.411603e-09	5.411603e-09
3.302839e+02	3.501081e+02	4.352358e-07	4.850948e-09	4.850948e-09
3.501081e+02	3.711222e+02	3.735613e-07	4.365035e-09	4.365035e-09
3.711222e+02	3.933976e+02	2.978444e-07	3.785682e-09	3.785682e-09
3.933976e+02	4.170100e+02	2.523370e-07	3.384407e-09	3.384407e-09
4.170100e+02	4.420397e+02	2.059747e-07	2.969896e-09	2.969896e-09
4.420397e+02	4.685717e+02	1.694271e-07	2.616186e-09	2.616186e-09
4.685717e+02	4.966962e+02	1.448944e-07	2.349880e-09	2.349880e-09
4.966962e+02	5.265088e+02	1.142199e-07	2.026437e-09	2.026437e-09
5.265088e+02	5.581108e+02	9.154038e-08	1.762022e-09	1.762022e-09
5.581108e+02	5.916096e+02	7.112703e-08	1.508568e-09	1.508568e-09
5.916096e+02	6.271191e+02	5.448249e-08	1.282385e-09	1.282385e-09
6.271191e+02	6.647599e+02	4.385167e-08	1.117444e-09	1.117444e-09
6.647599e+02	7.046600e+02	3.317548e-08	9.440258e-10	9.440258e-10
7.046600e+02	7.469549e+02	2.503763e-08	7.965534e-10	7.965534e-10
7.469549e+02	7.917885e+02	1.809742e-08	6.577619e-10	6.577619e-10
7.917885e+02	8.393131e+02	1.341908e-08	5.501288e-10	5.501288e-10
8.393131e+02	8.896901e+02	9.978492e-09	4.607639e-10	4.607639e-10
8.896901e+02	9.430909e+02	7.988397e-09	4.004222e-10	4.004222e-10
9.430909e+02	9.996969e+02	5.226018e-09	3.145694e-10	3.145694e-10
9.996969e+02	1.059700e+03	3.840512e-09	2.619207e-10	2.619207e-10
1.059700e+03	1.123306e+03	2.493952e-09	2.050016e-10	2.050016e-10
1.123306e+03	1.190728e+03	1.891776e-09	1.734188e-10	1.734188e-10
1.190728e+03	1.262198e+03	1.259737e-09	1.374486e-10	1.374486e-10
1.262198e+03	1.337957e+03	7.356876e-10	1.020215e-10	1.020215e-10
1.337957e+03	1.418264e+03	5.071711e-10	8.227403e-11	8.227403e-11
1.418264e+03	1.503391e+03	3.525454e-10	6.662482e-11	6.662482e-11
1.503391e+03	1.593627e+03	1.900485e-10	4.751213e-11	4.751213e-11
1.593627e+03	1.689279e+03	1.344657e-10	3.881691e-11	3.881691e-11
1.689279e+03	1.790673e+03	1.057090e-10	3.342813e-11	3.342813e-11
1.790673e+03	1.898152e+03	1.994485e-11	1.410314e-11	1.410314e-11
1.898152e+03	2.012083e+03	5.644607e-11	2.304401e-11	2.304401e-11
2.012083e+03	2.132851e+03	5.325051e-11	2.173943e-11	2.173943e-11
2.132851e+03	2.260869e+03	0.000000e+00	0.000000e+00	0.000000e+00
2.260869e+03	2.396570e+03	0.000000e+00	0.000000e+00	0.000000e+00
2.396570e+03	2.540417e+03	7.451153e-12	7.451153e-12	7.451153e-12
2.540417e+03	2.692897e+03	0.000000e+00	0.000000e+00	0.000000e+00
2.692897e+03	2.854530e+03	0.000000e+00	0.000000e+00	0.000000e+00
2.854530e+03	3.025864e+03	0.000000e+00	0.000000e+00	0.000000e+00
3.025864e+03	3.207481e+03	0.000000e+00	0.000000e+00	0.000000e+00
3.207481e+03	3.400000e+03	0.000000e+00	0.000000e+00	0.000000e+00
# END HISTO1D


# BEGIN HISTO1D //ospool/cms-user/youpeng/genvalid/genValidation/mg352VBS_merged.yoda.gz/MC_ZJETS:ENERGY=13600/jet_pT_1
ErrorBars=1
LineColor=blue
LineStyle=solid
Path=//ospool/cms-user/youpeng/genvalid/genValidation/mg352VBS_merged.yoda.gz/MC_ZJETS:ENERGY=13600/jet_pT_1
ScaledBy=1.07425781250000051e-09
Title=VBSZZ@LO(v352)
# xlow	 xhigh	 val	 errminus	 errplus
1.000000e+01	1.060022e+01	0.000000e+00	0.000000e+00	0.000000e+00
1.060022e+01	1.123646e+01	0.000000e+00	0.000000e+00	0.000000e+00
1.123646e+01	1.191089e+01	0.000000e+00	0.000000e+00	0.000000e+00
1.191089e+01	1.262581e+01	0.000000e+00	0.000000e+00	0.000000e+00
1.262581e+01	1.338363e+01	0.000000e+00	0.000000e+00	0.000000e+00
1.338363e+01	1.418694e+01	0.000000e+00	0.000000e+00	0.000000e+00
1.418694e+01	1.503847e+01	0.000000e+00	0.000000e+00	0.000000e+00
1.503847e+01	1.594110e+01	0.000000e+00	0.000000e+00	0.000000e+00
1.594110e+01	1.689791e+01	0.000000e+00	0.000000e+00	0.000000e+00
1.689791e+01	1.791216e+01	0.000000e+00	0.000000e+00	0.000000e+00
1.791216e+01	1.898728e+01	0.000000e+00	0.000000e+00	0.000000e+00
1.898728e+01	2.012693e+01	0.000000e+00	0.000000e+00	0.000000e+00
2.012693e+01	2.133498e+01	4.446247e-09	1.988422e-09	1.988422e-09
2.133498e+01	2.261554e+01	5.872279e-09	2.219513e-09	2.219513e-09
2.261554e+01	2.397297e+01	6.331128e-09	2.238392e-09	2.238392e-09
2.397297e+01	2.541187e+01	1.269190e-08	3.078239e-09	3.078239e-09
2.541187e+01	2.693714e+01	2.253781e-08	3.984160e-09	3.984160e-09
2.693714e+01	2.855395e+01	2.790608e-08	4.306001e-09	4.306001e-09
2.855395e+01	3.026781e+01	4.262281e-08	5.168775e-09	5.168775e-09
3.026781e+01	3.208454e+01	5.144431e-08	5.515410e-09	5.515410e-09
3.208454e+01	3.401031e+01	6.749778e-08	6.136161e-09	6.136161e-09
3.401031e+01	3.605167e+01	1.020917e-07	7.329761e-09	7.329761e-09
3.605167e+01	3.821555e+01	1.211338e-07	7.754794e-09	7.754794e-09
3.821555e+01	4.050932e+01	1.695381e-07	8.910723e-09	8.910723e-09
4.050932e+01	4.294076e+01	1.966097e-07	9.320195e-09	9.320195e-09
4.294076e+01	4.551814e+01	2.742559e-07	1.069161e-08	1.069161e-08
4.551814e+01	4.825022e+01	3.711820e-07	1.208095e-08	1.208095e-08
4.825022e+01	5.114629e+01	4.762823e-07	1.329174e-08	1.329174e-08
5.114629e+01	5.421618e+01	5.822896e-07	1.427455e-08	1.427455e-08
5.421618e+01	5.747033e+01	7.556431e-07	1.579406e-08	1.579406e-08
5.747033e+01	6.091980e+01	8.352469e-07	1.612819e-08	1.612819e-08
6.091980e+01	6.457631e+01	1.051780e-06	1.757856e-08	1.757856e-08
6.457631e+01	6.845230e+01	1.147707e-06	1.783522e-08	1.783522e-08
6.845230e+01	7.256093e+01	1.354121e-06	1.881631e-08	1.881631e-08
7.256093e+01	7.691616e+01	1.510295e-06	1.930099e-08	1.930099e-08
7.691616e+01	8.153281e+01	1.679106e-06	1.976650e-08	1.976650e-08
8.153281e+01	8.642655e+01	1.795647e-06	1.985383e-08	1.985383e-08
8.642655e+01	9.161403e+01	1.910167e-06	1.988894e-08	1.988894e-08
9.161403e+01	9.711287e+01	2.055392e-06	2.003854e-08	2.003854e-08
9.711287e+01	1.029418e+02	2.133429e-06	1.982891e-08	1.982891e-08
1.029418e+02	1.091205e+02	2.200257e-06	1.955881e-08	1.955881e-08
1.091205e+02	1.156701e+02	2.208513e-06	1.903255e-08	1.903255e-08
1.156701e+02	1.226128e+02	2.255529e-06	1.868160e-08	1.868160e-08
1.226128e+02	1.299723e+02	2.230842e-06	1.804532e-08	1.804532e-08
1.299723e+02	1.377734e+02	2.195033e-06	1.738589e-08	1.738589e-08
1.377734e+02	1.460429e+02	2.125132e-06	1.661528e-08	1.661528e-08
1.460429e+02	1.548086e+02	2.065008e-06	1.590823e-08	1.590823e-08
1.548086e+02	1.641005e+02	1.967490e-06	1.508198e-08	1.508198e-08
1.641005e+02	1.739501e+02	1.863504e-06	1.425641e-08	1.425641e-08
1.739501e+02	1.843909e+02	1.717549e-06	1.329358e-08	1.329358e-08
1.843909e+02	1.954584e+02	1.587387e-06	1.241283e-08	1.241283e-08
1.954584e+02	2.071901e+02	1.469588e-06	1.160036e-08	1.160036e-08
2.071901e+02	2.196260e+02	1.346289e-06	1.078412e-08	1.078412e-08
2.196260e+02	2.328084e+02	1.210642e-06	9.932647e-09	9.932647e-09
2.328084e+02	2.467820e+02	1.055607e-06	9.008474e-09	9.008474e-09
2.467820e+02	2.615942e+02	9.347774e-07	8.233767e-09	8.233767e-09
2.615942e+02	2.772956e+02	8.236157e-07	7.506669e-09	7.506669e-09
2.772956e+02	2.939394e+02	7.232159e-07	6.832221e-09	6.832221e-09
2.939394e+02	3.115821e+02	6.151071e-07	6.119940e-09	6.119940e-09
3.115821e+02	3.302839e+02	5.187534e-07	5.458747e-09	5.458747e-09
3.302839e+02	3.501081e+02	4.437555e-07	4.903749e-09	4.903749e-09
3.501081e+02	3.711222e+02	3.679676e-07	4.337142e-09	4.337142e-09
3.711222e+02	3.933976e+02	3.048860e-07	3.834513e-09	3.834513e-09
3.933976e+02	4.170100e+02	2.437194e-07	3.329885e-09	3.329885e-09
4.170100e+02	4.420397e+02	2.041672e-07	2.960189e-09	2.960189e-09
4.420397e+02	4.685717e+02	1.681109e-07	2.608959e-09	2.608959e-09
4.685717e+02	4.966962e+02	1.424730e-07	2.332803e-09	2.332803e-09
4.966962e+02	5.265088e+02	1.141547e-07	2.028156e-09	2.028156e-09
5.265088e+02	5.581108e+02	9.001440e-08	1.749254e-09	1.749254e-09
5.581108e+02	5.916096e+02	7.183356e-08	1.517761e-09	1.517761e-09
5.916096e+02	6.271191e+02	5.572545e-08	1.298401e-09	1.298401e-09
6.271191e+02	6.647599e+02	4.303790e-08	1.108282e-09	1.108282e-09
6.647599e+02	7.046600e+02	3.190458e-08	9.268163e-10	9.268163e-10
7.046600e+02	7.469549e+02	2.478966e-08	7.934972e-10	7.934972e-10
7.469549e+02	7.917885e+02	1.840205e-08	6.640267e-10	6.640267e-10
7.917885e+02	8.393131e+02	1.464755e-08	5.754102e-10	5.754102e-10
8.393131e+02	8.896901e+02	9.489344e-09	4.498381e-10	4.498381e-10
8.896901e+02	9.430909e+02	6.759273e-09	3.687486e-10	3.687486e-10
9.430909e+02	9.996969e+02	5.294808e-09	3.169919e-10	3.169919e-10
9.996969e+02	1.059700e+03	3.974548e-09	2.667542e-10	2.667542e-10
1.059700e+03	1.123306e+03	2.229381e-09	1.940427e-10	1.940427e-10
1.123306e+03	1.190728e+03	1.545534e-09	1.569252e-10	1.569252e-10
1.190728e+03	1.262198e+03	1.142348e-09	1.310363e-10	1.310363e-10
1.262198e+03	1.337957e+03	7.373567e-10	1.022530e-10	1.022530e-10
1.337957e+03	1.418264e+03	5.618294e-10	8.669214e-11	8.669214e-11
1.418264e+03	1.503391e+03	4.164426e-10	7.249334e-11	7.249334e-11
1.503391e+03	1.593627e+03	2.023846e-10	4.908549e-11	4.908549e-11
1.593627e+03	1.689279e+03	1.123090e-10	3.551522e-11	3.551522e-11
1.689279e+03	1.790673e+03	6.356931e-11	2.595206e-11	2.595206e-11
1.790673e+03	1.898152e+03	5.997029e-11	2.448277e-11	2.448277e-11
1.898152e+03	2.012083e+03	2.828706e-11	1.633154e-11	1.633154e-11
2.012083e+03	2.132851e+03	8.895221e-12	8.895220e-12	8.895220e-12
2.132851e+03	2.260869e+03	8.391461e-12	8.391460e-12	8.391460e-12
2.260869e+03	2.396570e+03	0.000000e+00	0.000000e+00	0.000000e+00
2.396570e+03	2.540417e+03	0.000000e+00	0.000000e+00	0.000000e+00
2.540417e+03	2.692897e+03	0.000000e+00	0.000000e+00	0.000000e+00
2.692897e+03	2.854530e+03	6.646279e-12	6.646278e-12	6.646278e-12
2.854530e+03	3.025864e+03	0.000000e+00	0.000000e+00	0.000000e+00
3.025864e+03	3.207481e+03	0.000000e+00	0.000000e+00	0.000000e+00
3.207481e+03	3.400000e+03	0.000000e+00	0.000000e+00	0.000000e+00
# END HISTO1D


# BEGIN HISTO1D //ospool/cms-user/youpeng/genvalid/genValidation/mg35xVBS_merged.yoda.gz/MC_ZJETS:ENERGY=13600/jet_pT_1
ErrorBars=1
LineColor=green
LineStyle=solid
Path=//ospool/cms-user/youpeng/genvalid/genValidation/mg35xVBS_merged.yoda.gz/MC_ZJETS:ENERGY=13600/jet_pT_1
ScaledBy=5.51937791219804204e-10
Title=VBSZZ@LO(v35x)
# xlow	 xhigh	 val	 errminus	 errplus
1.000000e+01	1.060022e+01	0.000000e+00	0.000000e+00	0.000000e+00
1.060022e+01	1.123646e+01	0.000000e+00	0.000000e+00	0.000000e+00
1.123646e+01	1.191089e+01	0.000000e+00	0.000000e+00	0.000000e+00
1.191089e+01	1.262581e+01	0.000000e+00	0.000000e+00	0.000000e+00
1.262581e+01	1.338363e+01	0.000000e+00	0.000000e+00	0.000000e+00
1.338363e+01	1.418694e+01	0.000000e+00	0.000000e+00	0.000000e+00
1.418694e+01	1.503847e+01	0.000000e+00	0.000000e+00	0.000000e+00
1.503847e+01	1.594110e+01	0.000000e+00	0.000000e+00	0.000000e+00
1.594110e+01	1.689791e+01	0.000000e+00	0.000000e+00	0.000000e+00
1.689791e+01	1.791216e+01	0.000000e+00	0.000000e+00	0.000000e+00
1.791216e+01	1.898728e+01	0.000000e+00	0.000000e+00	0.000000e+00
1.898728e+01	2.012693e+01	0.000000e+00	0.000000e+00	0.000000e+00
2.012693e+01	2.133498e+01	1.827533e-09	9.137664e-10	9.137664e-10
2.133498e+01	2.261554e+01	3.879115e-09	1.293039e-09	1.293039e-09
2.261554e+01	2.397297e+01	5.692470e-09	1.521377e-09	1.521377e-09
2.397297e+01	2.541187e+01	4.986581e-09	1.383029e-09	1.383029e-09
2.541187e+01	2.693714e+01	8.322835e-09	1.735431e-09	1.735431e-09
2.693714e+01	2.855395e+01	1.536185e-08	2.290010e-09	2.290010e-09
2.855395e+01	3.026781e+01	1.835649e-08	2.431376e-09	2.431376e-09
3.026781e+01	3.208454e+01	2.886180e-08	2.961158e-09	2.961158e-09
3.208454e+01	3.401031e+01	3.496597e-08	3.165670e-09	3.165670e-09
3.401031e+01	3.605167e+01	5.110132e-08	3.717076e-09	3.717076e-09
3.605167e+01	3.821555e+01	6.453237e-08	4.057114e-09	4.057114e-09
3.821555e+01	4.050932e+01	8.494051e-08	4.520929e-09	4.520929e-09
4.050932e+01	4.294076e+01	1.132732e-07	5.070804e-09	5.070804e-09
4.294076e+01	4.551814e+01	1.357691e-07	5.392080e-09	5.392080e-09
4.551814e+01	4.825022e+01	1.824250e-07	6.070725e-09	6.070725e-09
4.825022e+01	5.114629e+01	2.529018e-07	6.942511e-09	6.942511e-09
5.114629e+01	5.421618e+01	3.009697e-07	7.356056e-09	7.356056e-09
5.421618e+01	5.747033e+01	3.621182e-07	7.837030e-09	7.837030e-09
5.747033e+01	6.091980e+01	4.454583e-07	8.442525e-09	8.442525e-09
6.091980e+01	6.457631e+01	5.165393e-07	8.830054e-09	8.830054e-09
6.457631e+01	6.845230e+01	5.992157e-07	9.237305e-09	9.237305e-09
6.845230e+01	7.256093e+01	6.723528e-07	9.503754e-09	9.503754e-09
7.256093e+01	7.691616e+01	7.330056e-07	9.638140e-09	9.638140e-09
7.691616e+01	8.153281e+01	8.377131e-07	1.000758e-08	1.000758e-08
8.153281e+01	8.642655e+01	8.867114e-07	1.000036e-08	1.000036e-08
8.642655e+01	9.161403e+01	9.750318e-07	1.018536e-08	1.018536e-08
9.161403e+01	9.711287e+01	1.024613e-06	1.014120e-08	1.014120e-08
9.711287e+01	1.029418e+02	1.054650e-06	9.993207e-09	9.993207e-09
1.029418e+02	1.091205e+02	1.091512e-06	9.874403e-09	9.874403e-09
1.091205e+02	1.156701e+02	1.118016e-06	9.706479e-09	9.706479e-09
1.156701e+02	1.226128e+02	1.129442e-06	9.475735e-09	9.475735e-09
1.226128e+02	1.299723e+02	1.121950e-06	9.172920e-09	9.172920e-09
1.299723e+02	1.377734e+02	1.117516e-06	8.891890e-09	8.891890e-09
1.377734e+02	1.460429e+02	1.064163e-06	8.427709e-09	8.427709e-09
1.460429e+02	1.548086e+02	1.034840e-06	8.072135e-09	8.072135e-09
1.548086e+02	1.641005e+02	9.705348e-07	7.592737e-09	7.592737e-09
1.641005e+02	1.739501e+02	9.474663e-07	7.286478e-09	7.286478e-09
1.739501e+02	1.843909e+02	8.838258e-07	6.835362e-09	6.835362e-09
1.843909e+02	1.954584e+02	8.110381e-07	6.359763e-09	6.359763e-09
1.954584e+02	2.071901e+02	7.455020e-07	5.922281e-09	5.922281e-09
2.071901e+02	2.196260e+02	6.688461e-07	5.448407e-09	5.448407e-09
2.196260e+02	2.328084e+02	6.071885e-07	5.042078e-09	5.042078e-09
2.328084e+02	2.467820e+02	5.288469e-07	4.570418e-09	4.570418e-09
2.467820e+02	2.615942e+02	4.727105e-07	4.196942e-09	4.196942e-09
2.615942e+02	2.772956e+02	4.099794e-07	3.796268e-09	3.796268e-09
2.772956e+02	2.939394e+02	3.592746e-07	3.451692e-09	3.451692e-09
2.939394e+02	3.115821e+02	3.048333e-07	3.088117e-09	3.088117e-09
3.115821e+02	3.302839e+02	2.636946e-07	2.789678e-09	2.789678e-09
3.302839e+02	3.501081e+02	2.203943e-07	2.477122e-09	2.477122e-09
3.501081e+02	3.711222e+02	1.869288e-07	2.215786e-09	2.215786e-09
3.711222e+02	3.933976e+02	1.527806e-07	1.945657e-09	1.945657e-09
3.933976e+02	4.170100e+02	1.283283e-07	1.731953e-09	1.731953e-09
4.170100e+02	4.420397e+02	1.044130e-07	1.517380e-09	1.517380e-09
4.420397e+02	4.685717e+02	8.327329e-08	1.316173e-09	1.316173e-09
4.685717e+02	4.966962e+02	6.937368e-08	1.166810e-09	1.166810e-09
4.966962e+02	5.265088e+02	5.622572e-08	1.020264e-09	1.020264e-09
5.265088e+02	5.581108e+02	4.497310e-08	8.862662e-10	8.862662e-10
5.581108e+02	5.916096e+02	3.633035e-08	7.736868e-10	7.736868e-10
5.916096e+02	6.271191e+02	2.791592e-08	6.587168e-10	6.587168e-10
6.271191e+02	6.647599e+02	2.170166e-08	5.641079e-10	5.641079e-10
6.647599e+02	7.046600e+02	1.583878e-08	4.680787e-10	4.680787e-10
7.046600e+02	7.469549e+02	1.226676e-08	4.000977e-10	4.000977e-10
7.469549e+02	7.917885e+02	9.516253e-09	3.422759e-10	3.422759e-10
7.917885e+02	8.393131e+02	7.456014e-09	2.942654e-10	2.942654e-10
8.393131e+02	8.896901e+02	4.963134e-09	2.331884e-10	2.331884e-10
8.896901e+02	9.430909e+02	3.648522e-09	1.941913e-10	1.941913e-10
9.430909e+02	9.996969e+02	2.934906e-09	1.691652e-10	1.691652e-10
9.996969e+02	1.059700e+03	1.968477e-09	1.345623e-10	1.345623e-10
1.059700e+03	1.123306e+03	1.119391e-09	9.855687e-11	9.855687e-11
1.123306e+03	1.190728e+03	8.677495e-10	8.428327e-11	8.428327e-11
1.190728e+03	1.262198e+03	5.328629e-10	6.414915e-11	6.414915e-11
1.262198e+03	1.337957e+03	3.569866e-10	5.099809e-11	5.099809e-11
1.337957e+03	1.418264e+03	2.680410e-10	4.292093e-11	4.292093e-11
1.418264e+03	1.503391e+03	1.426413e-10	3.041124e-11	3.041124e-11
1.503391e+03	1.593627e+03	1.100989e-10	2.595055e-11	2.595055e-11
1.593627e+03	1.689279e+03	9.232431e-11	2.308108e-11	2.308108e-11
1.689279e+03	1.790673e+03	4.354796e-11	1.539653e-11	1.539653e-11
1.790673e+03	1.898152e+03	3.081185e-11	1.257888e-11	1.257888e-11
1.898152e+03	2.012083e+03	1.937797e-11	9.688982e-12	9.688982e-12
2.012083e+03	2.132851e+03	0.000000e+00	0.000000e+00	0.000000e+00
2.132851e+03	2.260869e+03	0.000000e+00	0.000000e+00	0.000000e+00
2.260869e+03	2.396570e+03	4.067308e-12	4.067308e-12	4.067308e-12
2.396570e+03	2.540417e+03	0.000000e+00	0.000000e+00	0.000000e+00
2.540417e+03	2.692897e+03	0.000000e+00	0.000000e+00	0.000000e+00
2.692897e+03	2.854530e+03	0.000000e+00	0.000000e+00	0.000000e+00
2.854530e+03	3.025864e+03	0.000000e+00	0.000000e+00	0.000000e+00
3.025864e+03	3.207481e+03	0.000000e+00	0.000000e+00	0.000000e+00
3.207481e+03	3.400000e+03	0.000000e+00	0.000000e+00	0.000000e+00
# END HISTO1D

