# BEGIN PLOT
Legend=1
LogY=1
Title=Rapidity of second jet
XLabel=$y(\mathrm{jet~2})$
YLabel=$\mathrm{d}\sigma/\mathrm{d}y(\mathrm{jet~2})$ [pb]
RemoveOptions=1
DrawOnly=//ospool/cms-user/youpeng/genvalid/genValidation/masterVBS_merged.yoda.gz/MC_ZJETS:ENERGY=13600/jet_y_2 //ospool/cms-user/youpeng/genvalid/genValidation/mg352VBS_merged.yoda.gz/MC_ZJETS:ENERGY=13600/jet_y_2 //ospool/cms-user/youpeng/genvalid/genValidation/mg35xVBS_merged.yoda.gz/MC_ZJETS:ENERGY=13600/jet_y_2
LegendOnly=//ospool/cms-user/youpeng/genvalid/genValidation/masterVBS_merged.yoda.gz/MC_ZJETS:ENERGY=13600/jet_y_2 //ospool/cms-user/youpeng/genvalid/genValidation/mg352VBS_merged.yoda.gz/MC_ZJETS:ENERGY=13600/jet_y_2 //ospool/cms-user/youpeng/genvalid/genValidation/mg35xVBS_merged.yoda.gz/MC_ZJETS:ENERGY=13600/jet_y_2
RatioPlot=1
RatioPlotReference=//ospool/cms-user/youpeng/genvalid/genValidation/masterVBS_merged.yoda.gz/MC_ZJETS:ENERGY=13600/jet_y_2
RatioPlotYLabel=Ratio
# END PLOT

# BEGIN HISTO1D //ospool/cms-user/youpeng/genvalid/genValidation/masterVBS_merged.yoda.gz/MC_ZJETS:ENERGY=13600/jet_y_2
ErrorBars=1
LineColor=red
LineStyle=solid
Path=//ospool/cms-user/youpeng/genvalid/genValidation/masterVBS_merged.yoda.gz/MC_ZJETS:ENERGY=13600/jet_y_2
ScaledBy=1.07182617187499956e-09
Title=VBSZZ@LO(v2918)
# xlow	 xhigh	 val	 errminus	 errplus
-5.000000e+00	-4.800000e+00	7.288420e-07	6.249766e-08	6.249766e-08
-4.800000e+00	-4.600000e+00	1.634535e-06	9.359320e-08	9.359320e-08
-4.600000e+00	-4.400000e+00	3.183324e-06	1.306134e-07	1.306134e-07
-4.400000e+00	-4.200000e+00	5.359130e-06	1.694706e-07	1.694706e-07
-4.200000e+00	-4.000000e+00	8.815770e-06	2.173589e-07	2.173589e-07
-4.000000e+00	-3.800000e+00	1.259396e-05	2.597935e-07	2.597935e-07
-3.800000e+00	-3.600000e+00	1.772265e-05	3.081850e-07	3.081850e-07
-3.600000e+00	-3.400000e+00	2.336581e-05	3.538650e-07	3.538650e-07
-3.400000e+00	-3.200000e+00	2.904113e-05	3.945063e-07	3.945063e-07
-3.200000e+00	-3.000000e+00	3.567573e-05	4.372538e-07	4.372538e-07
-3.000000e+00	-2.800000e+00	4.465763e-05	4.892097e-07	4.892097e-07
-2.800000e+00	-2.600000e+00	5.116360e-05	5.236339e-07	5.236339e-07
-2.600000e+00	-2.400000e+00	5.547235e-05	5.452373e-07	5.452373e-07
-2.400000e+00	-2.200000e+00	6.084220e-05	5.710180e-07	5.710180e-07
-2.200000e+00	-2.000000e+00	6.350570e-05	5.833826e-07	5.833826e-07
-2.000000e+00	-1.800000e+00	6.626565e-05	5.959247e-07	5.959247e-07
-1.800000e+00	-1.600000e+00	6.883805e-05	6.073813e-07	6.073813e-07
-1.600000e+00	-1.400000e+00	7.076195e-05	6.158104e-07	6.158104e-07
-1.400000e+00	-1.200000e+00	7.127645e-05	6.180451e-07	6.180451e-07
-1.200000e+00	-1.000000e+00	7.224645e-05	6.222365e-07	6.222365e-07
-1.000000e+00	-8.000000e-01	7.196240e-05	6.210121e-07	6.210121e-07
-8.000000e-01	-6.000000e-01	7.268055e-05	6.241030e-07	6.241030e-07
-6.000000e-01	-4.000000e-01	7.362910e-05	6.281624e-07	6.281624e-07
-4.000000e-01	-2.000000e-01	7.113175e-05	6.174174e-07	6.174174e-07
-2.000000e-01	0.000000e+00	7.101920e-05	6.169289e-07	6.169289e-07
0.000000e+00	2.000000e-01	7.284130e-05	6.247928e-07	6.247928e-07
2.000000e-01	4.000000e-01	7.152295e-05	6.191131e-07	6.191131e-07
4.000000e-01	6.000000e-01	7.236970e-05	6.227670e-07	6.227670e-07
6.000000e-01	8.000000e-01	7.273950e-05	6.243561e-07	6.243561e-07
8.000000e-01	1.000000e+00	7.207495e-05	6.214974e-07	6.214974e-07
1.000000e+00	1.200000e+00	7.278770e-05	6.245630e-07	6.245630e-07
1.200000e+00	1.400000e+00	7.091200e-05	6.164631e-07	6.164631e-07
1.400000e+00	1.600000e+00	7.075660e-05	6.157873e-07	6.157873e-07
1.600000e+00	1.800000e+00	6.888625e-05	6.075940e-07	6.075940e-07
1.800000e+00	2.000000e+00	6.758400e-05	6.018235e-07	6.018235e-07
2.000000e+00	2.200000e+00	6.432030e-05	5.871122e-07	5.871122e-07
2.200000e+00	2.400000e+00	6.111555e-05	5.722989e-07	5.722989e-07
2.400000e+00	2.600000e+00	5.629230e-05	5.492520e-07	5.492520e-07
2.600000e+00	2.800000e+00	5.000070e-05	5.176488e-07	5.176488e-07
2.800000e+00	3.000000e+00	4.561156e-05	4.944070e-07	4.944070e-07
3.000000e+00	3.200000e+00	3.590617e-05	4.386638e-07	4.386638e-07
3.200000e+00	3.400000e+00	2.942163e-05	3.970823e-07	3.970823e-07
3.400000e+00	3.600000e+00	2.436797e-05	3.613739e-07	3.613739e-07
3.600000e+00	3.800000e+00	1.765298e-05	3.075786e-07	3.075786e-07
3.800000e+00	4.000000e+00	1.294230e-05	2.633619e-07	2.633619e-07
4.000000e+00	4.200000e+00	8.644280e-06	2.152343e-07	2.152343e-07
4.200000e+00	4.400000e+00	5.348415e-06	1.693011e-07	1.693011e-07
4.400000e+00	4.600000e+00	3.054705e-06	1.279475e-07	1.279475e-07
4.600000e+00	4.800000e+00	1.811386e-06	9.852642e-08	9.852642e-08
4.800000e+00	5.000000e+00	7.717150e-07	6.430956e-08	6.430956e-08
# END HISTO1D


# BEGIN HISTO1D //ospool/cms-user/youpeng/genvalid/genValidation/mg352VBS_merged.yoda.gz/MC_ZJETS:ENERGY=13600/jet_y_2
ErrorBars=1
LineColor=blue
LineStyle=solid
Path=//ospool/cms-user/youpeng/genvalid/genValidation/mg352VBS_merged.yoda.gz/MC_ZJETS:ENERGY=13600/jet_y_2
ScaledBy=1.07425781250000051e-09
Title=VBSZZ@LO(v352)
# xlow	 xhigh	 val	 errminus	 errplus
-5.000000e+00	-4.800000e+00	8.271785e-07	6.665594e-08	6.665594e-08
-4.800000e+00	-4.600000e+00	1.541560e-06	9.099541e-08	9.099541e-08
-4.600000e+00	-4.400000e+00	3.136833e-06	1.298031e-07	1.298031e-07
-4.400000e+00	-4.200000e+00	5.210150e-06	1.672879e-07	1.672879e-07
-4.200000e+00	-4.000000e+00	8.680005e-06	2.159231e-07	2.159231e-07
-4.000000e+00	-3.800000e+00	1.277292e-05	2.619295e-07	2.619295e-07
-3.800000e+00	-3.600000e+00	1.821942e-05	3.128286e-07	3.128286e-07
-3.600000e+00	-3.400000e+00	2.341345e-05	3.546271e-07	3.546271e-07
-3.400000e+00	-3.200000e+00	3.005774e-05	4.018069e-07	4.018069e-07
-3.200000e+00	-3.000000e+00	3.554182e-05	4.369272e-07	4.369272e-07
-3.000000e+00	-2.800000e+00	4.404457e-05	4.863909e-07	4.863909e-07
-2.800000e+00	-2.600000e+00	4.990465e-05	5.177376e-07	5.177376e-07
-2.600000e+00	-2.400000e+00	5.625890e-05	5.497115e-07	5.497115e-07
-2.400000e+00	-2.200000e+00	6.077615e-05	5.713547e-07	5.713547e-07
-2.200000e+00	-2.000000e+00	6.511615e-05	5.914030e-07	5.914030e-07
-2.000000e+00	-1.800000e+00	6.732375e-05	6.013445e-07	6.013445e-07
-1.800000e+00	-1.600000e+00	6.912850e-05	6.093513e-07	6.093513e-07
-1.600000e+00	-1.400000e+00	7.085265e-05	6.169038e-07	6.169038e-07
-1.400000e+00	-1.200000e+00	7.151870e-05	6.197965e-07	6.197965e-07
-1.200000e+00	-1.000000e+00	7.264670e-05	6.246649e-07	6.246649e-07
-1.000000e+00	-8.000000e-01	7.239425e-05	6.235786e-07	6.235786e-07
-8.000000e-01	-6.000000e-01	7.307640e-05	6.265098e-07	6.265098e-07
-6.000000e-01	-4.000000e-01	7.282395e-05	6.254267e-07	6.254267e-07
-4.000000e-01	-2.000000e-01	7.110510e-05	6.180018e-07	6.180018e-07
-2.000000e-01	0.000000e+00	7.279170e-05	6.252881e-07	6.252881e-07
0.000000e+00	2.000000e-01	7.293135e-05	6.258878e-07	6.258878e-07
2.000000e-01	4.000000e-01	7.317305e-05	6.269240e-07	6.269240e-07
4.000000e-01	6.000000e-01	7.142205e-05	6.193773e-07	6.193773e-07
6.000000e-01	8.000000e-01	7.284540e-05	6.255188e-07	6.255188e-07
8.000000e-01	1.000000e+00	7.342015e-05	6.279815e-07	6.279815e-07
1.000000e+00	1.200000e+00	7.186785e-05	6.213075e-07	6.213075e-07
1.200000e+00	1.400000e+00	7.245330e-05	6.238331e-07	6.238331e-07
1.400000e+00	1.600000e+00	7.091175e-05	6.171608e-07	6.171608e-07
1.600000e+00	1.800000e+00	6.945075e-05	6.107702e-07	6.107702e-07
1.800000e+00	2.000000e+00	6.638915e-05	5.971560e-07	5.971560e-07
2.000000e+00	2.200000e+00	6.362830e-05	5.846076e-07	5.846076e-07
2.200000e+00	2.400000e+00	5.987375e-05	5.670972e-07	5.670972e-07
2.400000e+00	2.600000e+00	5.720425e-05	5.543108e-07	5.543108e-07
2.600000e+00	2.800000e+00	5.058680e-05	5.212641e-07	5.212641e-07
2.800000e+00	3.000000e+00	4.493083e-05	4.912601e-07	4.912601e-07
3.000000e+00	3.200000e+00	3.553107e-05	4.368612e-07	4.368612e-07
3.200000e+00	3.400000e+00	2.893514e-05	3.942321e-07	3.942321e-07
3.400000e+00	3.600000e+00	2.352624e-05	3.554803e-07	3.554803e-07
3.600000e+00	3.800000e+00	1.827313e-05	3.132894e-07	3.132894e-07
3.800000e+00	4.000000e+00	1.269235e-05	2.611021e-07	2.611021e-07
4.000000e+00	4.200000e+00	8.674630e-06	2.158563e-07	2.158563e-07
4.200000e+00	4.400000e+00	5.451860e-06	1.711242e-07	1.711242e-07
4.400000e+00	4.600000e+00	3.045521e-06	1.278999e-07	1.278999e-07
4.600000e+00	4.800000e+00	1.412649e-06	8.710766e-08	8.710766e-08
4.800000e+00	5.000000e+00	7.788370e-07	6.467888e-08	6.467888e-08
# END HISTO1D


# BEGIN HISTO1D //ospool/cms-user/youpeng/genvalid/genValidation/mg35xVBS_merged.yoda.gz/MC_ZJETS:ENERGY=13600/jet_y_2
ErrorBars=1
LineColor=green
LineStyle=solid
Path=//ospool/cms-user/youpeng/genvalid/genValidation/mg35xVBS_merged.yoda.gz/MC_ZJETS:ENERGY=13600/jet_y_2
ScaledBy=5.51937791219804204e-10
Title=VBSZZ@LO(v35x)
# xlow	 xhigh	 val	 errminus	 errplus
-5.000000e+00	-4.800000e+00	3.973952e-07	3.311627e-08	3.311627e-08
-4.800000e+00	-4.600000e+00	8.996585e-07	4.982748e-08	4.982748e-08
-4.600000e+00	-4.400000e+00	1.550945e-06	6.542268e-08	6.542268e-08
-4.400000e+00	-4.200000e+00	2.646541e-06	8.546129e-08	8.546129e-08
-4.200000e+00	-4.000000e+00	4.194727e-06	1.075925e-07	1.075925e-07
-4.000000e+00	-3.800000e+00	6.557020e-06	1.345189e-07	1.345189e-07
-3.800000e+00	-3.600000e+00	9.082135e-06	1.583157e-07	1.583157e-07
-3.600000e+00	-3.400000e+00	1.172868e-05	1.799097e-07	1.799097e-07
-3.400000e+00	-3.200000e+00	1.443594e-05	1.995963e-07	1.995963e-07
-3.200000e+00	-3.000000e+00	1.792418e-05	2.224076e-07	2.224076e-07
-3.000000e+00	-2.800000e+00	2.274535e-05	2.505396e-07	2.505396e-07
-2.800000e+00	-2.600000e+00	2.555196e-05	2.655475e-07	2.655475e-07
-2.600000e+00	-2.400000e+00	2.819298e-05	2.789334e-07	2.789334e-07
-2.400000e+00	-2.200000e+00	3.027103e-05	2.890305e-07	2.890305e-07
-2.200000e+00	-2.000000e+00	3.202067e-05	2.972660e-07	2.972660e-07
-2.000000e+00	-1.800000e+00	3.338120e-05	3.035156e-07	3.035156e-07
-1.800000e+00	-1.600000e+00	3.476104e-05	3.097252e-07	3.097252e-07
-1.600000e+00	-1.400000e+00	3.576557e-05	3.141685e-07	3.141685e-07
-1.400000e+00	-1.200000e+00	3.651897e-05	3.174602e-07	3.174602e-07
-1.200000e+00	-1.000000e+00	3.638926e-05	3.168959e-07	3.168959e-07
-1.000000e+00	-8.000000e-01	3.628715e-05	3.164510e-07	3.164510e-07
-8.000000e-01	-6.000000e-01	3.636994e-05	3.168118e-07	3.168118e-07
-6.000000e-01	-4.000000e-01	3.632855e-05	3.166314e-07	3.166314e-07
-4.000000e-01	-2.000000e-01	3.632854e-05	3.166314e-07	3.166314e-07
-2.000000e-01	0.000000e+00	3.662383e-05	3.179157e-07	3.179157e-07
0.000000e+00	2.000000e-01	3.648033e-05	3.172922e-07	3.172922e-07
2.000000e-01	4.000000e-01	3.624576e-05	3.162705e-07	3.162705e-07
4.000000e-01	6.000000e-01	3.580697e-05	3.143502e-07	3.143502e-07
6.000000e-01	8.000000e-01	3.671766e-05	3.183227e-07	3.183227e-07
8.000000e-01	1.000000e+00	3.582352e-05	3.144229e-07	3.144229e-07
1.000000e+00	1.200000e+00	3.717577e-05	3.203023e-07	3.203023e-07
1.200000e+00	1.400000e+00	3.603602e-05	3.153541e-07	3.153541e-07
1.400000e+00	1.600000e+00	3.575729e-05	3.141321e-07	3.141321e-07
1.600000e+00	1.800000e+00	3.512808e-05	3.113560e-07	3.113560e-07
1.800000e+00	2.000000e+00	3.397729e-05	3.062136e-07	3.062136e-07
2.000000e+00	2.200000e+00	3.198203e-05	2.970866e-07	2.970866e-07
2.200000e+00	2.400000e+00	3.060219e-05	2.906072e-07	2.906072e-07
2.400000e+00	2.600000e+00	2.807983e-05	2.783731e-07	2.783731e-07
2.600000e+00	2.800000e+00	2.566511e-05	2.661348e-07	2.661348e-07
2.800000e+00	3.000000e+00	2.277571e-05	2.507068e-07	2.507068e-07
3.000000e+00	3.200000e+00	1.760681e-05	2.204299e-07	2.204299e-07
3.200000e+00	3.400000e+00	1.483333e-05	2.023249e-07	2.023249e-07
3.400000e+00	3.600000e+00	1.225854e-05	1.839287e-07	1.839287e-07
3.600000e+00	3.800000e+00	8.991065e-06	1.575200e-07	1.575200e-07
3.800000e+00	4.000000e+00	6.507345e-06	1.340084e-07	1.340084e-07
4.000000e+00	4.200000e+00	4.288556e-06	1.087892e-07	1.087892e-07
4.200000e+00	4.400000e+00	2.779007e-06	8.757394e-08	8.757394e-08
4.400000e+00	4.600000e+00	1.586821e-06	6.617501e-08	6.617501e-08
4.600000e+00	4.800000e+00	8.223875e-07	4.763962e-08	4.763962e-08
4.800000e+00	5.000000e+00	3.670386e-07	3.182629e-08	3.182629e-08
# END HISTO1D

