# BEGIN PLOT
Legend=1
LogY=1
Title=Pseudorapidity separation between jets
LegendYPos=0.5
LegendXPos=0.30
XLabel=$\Delta\eta(\mathrm{jet~1,~jet~3})$
YLabel=$\mathrm{d}\sigma/\mathrm{d}\Delta\eta(\mathrm{jet~1,~jet~3})$ [pb]
RemoveOptions=1
DrawOnly=//ospool/cms-user/youpeng/genvalid/genValidation/masterVBS_merged.yoda.gz/MC_ZJETS:ENERGY=13600/jets_deta_13 //ospool/cms-user/youpeng/genvalid/genValidation/mg352VBS_merged.yoda.gz/MC_ZJETS:ENERGY=13600/jets_deta_13 //ospool/cms-user/youpeng/genvalid/genValidation/mg35xVBS_merged.yoda.gz/MC_ZJETS:ENERGY=13600/jets_deta_13
LegendOnly=//ospool/cms-user/youpeng/genvalid/genValidation/masterVBS_merged.yoda.gz/MC_ZJETS:ENERGY=13600/jets_deta_13 //ospool/cms-user/youpeng/genvalid/genValidation/mg352VBS_merged.yoda.gz/MC_ZJETS:ENERGY=13600/jets_deta_13 //ospool/cms-user/youpeng/genvalid/genValidation/mg35xVBS_merged.yoda.gz/MC_ZJETS:ENERGY=13600/jets_deta_13
RatioPlot=1
RatioPlotReference=//ospool/cms-user/youpeng/genvalid/genValidation/masterVBS_merged.yoda.gz/MC_ZJETS:ENERGY=13600/jets_deta_13
RatioPlotYLabel=Ratio
# END PLOT

# BEGIN HISTO1D //ospool/cms-user/youpeng/genvalid/genValidation/masterVBS_merged.yoda.gz/MC_ZJETS:ENERGY=13600/jets_deta_13
ErrorBars=1
LineColor=red
LineStyle=solid
Path=//ospool/cms-user/youpeng/genvalid/genValidation/masterVBS_merged.yoda.gz/MC_ZJETS:ENERGY=13600/jets_deta_13
ScaledBy=1.07182617187499956e-09
Title=VBSZZ@LO(v2918)
# xlow	 xhigh	 val	 errminus	 errplus
-5.000000e+00	-4.600000e+00	1.835770e-05	2.217897e-07	2.217897e-07
-4.600000e+00	-4.200000e+00	2.281918e-05	2.472761e-07	2.472761e-07
-4.200000e+00	-3.800000e+00	2.709577e-05	2.694529e-07	2.694529e-07
-3.800000e+00	-3.400000e+00	3.206368e-05	2.931156e-07	2.931156e-07
-3.400000e+00	-3.000000e+00	3.661895e-05	3.132457e-07	3.132457e-07
-3.000000e+00	-2.600000e+00	4.064098e-05	3.300002e-07	3.300002e-07
-2.600000e+00	-2.200000e+00	4.416193e-05	3.439982e-07	3.439982e-07
-2.200000e+00	-1.800000e+00	4.703440e-05	3.550096e-07	3.550096e-07
-1.800000e+00	-1.400000e+00	4.872522e-05	3.613342e-07	3.613342e-07
-1.400000e+00	-1.000000e+00	5.009180e-05	3.663663e-07	3.663663e-07
-1.000000e+00	-6.000000e-01	5.349217e-05	3.785971e-07	3.785971e-07
-6.000000e-01	-2.000000e-01	5.690593e-05	3.904910e-07	3.904910e-07
-2.000000e-01	2.000000e-01	5.159770e-05	3.718325e-07	3.718325e-07
2.000000e-01	6.000000e-01	5.597880e-05	3.872969e-07	3.872969e-07
6.000000e-01	1.000000e+00	5.323225e-05	3.776762e-07	3.776762e-07
1.000000e+00	1.400000e+00	5.006768e-05	3.662781e-07	3.662781e-07
1.400000e+00	1.800000e+00	4.830987e-05	3.597909e-07	3.597909e-07
1.800000e+00	2.200000e+00	4.669677e-05	3.537331e-07	3.537331e-07
2.200000e+00	2.600000e+00	4.401723e-05	3.434341e-07	3.434341e-07
2.600000e+00	3.000000e+00	4.049628e-05	3.294123e-07	3.294123e-07
3.000000e+00	3.400000e+00	3.639923e-05	3.123044e-07	3.123044e-07
3.400000e+00	3.800000e+00	3.176090e-05	2.917283e-07	2.917283e-07
3.800000e+00	4.200000e+00	2.728602e-05	2.703973e-07	2.703973e-07
4.200000e+00	4.600000e+00	2.262357e-05	2.462140e-07	2.462140e-07
4.600000e+00	5.000000e+00	1.826660e-05	2.212387e-07	2.212387e-07
# END HISTO1D


# BEGIN HISTO1D //ospool/cms-user/youpeng/genvalid/genValidation/mg352VBS_merged.yoda.gz/MC_ZJETS:ENERGY=13600/jets_deta_13
ErrorBars=1
LineColor=blue
LineStyle=solid
Path=//ospool/cms-user/youpeng/genvalid/genValidation/mg352VBS_merged.yoda.gz/MC_ZJETS:ENERGY=13600/jets_deta_13
ScaledBy=1.07425781250000051e-09
Title=VBSZZ@LO(v352)
# xlow	 xhigh	 val	 errminus	 errplus
-5.000000e+00	-4.600000e+00	1.873774e-05	2.243277e-07	2.243277e-07
-4.600000e+00	-4.200000e+00	2.302940e-05	2.486942e-07	2.486942e-07
-4.200000e+00	-3.800000e+00	2.827177e-05	2.755502e-07	2.755502e-07
-3.800000e+00	-3.400000e+00	3.302538e-05	2.978161e-07	2.978161e-07
-3.400000e+00	-3.000000e+00	3.668323e-05	3.138759e-07	3.138759e-07
-3.000000e+00	-2.600000e+00	4.139385e-05	3.334203e-07	3.334203e-07
-2.600000e+00	-2.200000e+00	4.492815e-05	3.473630e-07	3.473630e-07
-2.200000e+00	-1.800000e+00	4.689405e-05	3.548813e-07	3.548813e-07
-1.800000e+00	-1.400000e+00	4.869072e-05	3.616158e-07	3.616158e-07
-1.400000e+00	-1.000000e+00	4.974350e-05	3.655043e-07	3.655043e-07
-1.000000e+00	-6.000000e-01	5.432252e-05	3.819568e-07	3.819568e-07
-6.000000e-01	-2.000000e-01	5.572713e-05	3.868633e-07	3.868633e-07
-2.000000e-01	2.000000e-01	5.061365e-05	3.686873e-07	3.686873e-07
2.000000e-01	6.000000e-01	5.587753e-05	3.873851e-07	3.873851e-07
6.000000e-01	1.000000e+00	5.309788e-05	3.776268e-07	3.776268e-07
1.000000e+00	1.400000e+00	4.979185e-05	3.656818e-07	3.656818e-07
1.400000e+00	1.800000e+00	4.852690e-05	3.610070e-07	3.610070e-07
1.800000e+00	2.200000e+00	4.688330e-05	3.548406e-07	3.548406e-07
2.200000e+00	2.600000e+00	4.421108e-05	3.445798e-07	3.445798e-07
2.600000e+00	3.000000e+00	4.081375e-05	3.310758e-07	3.310758e-07
3.000000e+00	3.400000e+00	3.640390e-05	3.126786e-07	3.126786e-07
3.400000e+00	3.800000e+00	3.153215e-05	2.910054e-07	2.910054e-07
3.800000e+00	4.200000e+00	2.747145e-05	2.716221e-07	2.716221e-07
4.200000e+00	4.600000e+00	2.266416e-05	2.467141e-07	2.467141e-07
4.600000e+00	5.000000e+00	1.806633e-05	2.202720e-07	2.202720e-07
# END HISTO1D


# BEGIN HISTO1D //ospool/cms-user/youpeng/genvalid/genValidation/mg35xVBS_merged.yoda.gz/MC_ZJETS:ENERGY=13600/jets_deta_13
ErrorBars=1
LineColor=green
LineStyle=solid
Path=//ospool/cms-user/youpeng/genvalid/genValidation/mg35xVBS_merged.yoda.gz/MC_ZJETS:ENERGY=13600/jets_deta_13
ScaledBy=5.51937791219804204e-10
Title=VBSZZ@LO(v35x)
# xlow	 xhigh	 val	 errminus	 errplus
-5.000000e+00	-4.600000e+00	9.439515e-06	1.141274e-07	1.141274e-07
-4.600000e+00	-4.200000e+00	1.169832e-05	1.270506e-07	1.270506e-07
-4.200000e+00	-3.800000e+00	1.367978e-05	1.373898e-07	1.373898e-07
-3.800000e+00	-3.400000e+00	1.655951e-05	1.511607e-07	1.511607e-07
-3.400000e+00	-3.000000e+00	1.883488e-05	1.612117e-07	1.612117e-07
-3.000000e+00	-2.600000e+00	2.038996e-05	1.677348e-07	1.677348e-07
-2.600000e+00	-2.200000e+00	2.241833e-05	1.758801e-07	1.758801e-07
-2.200000e+00	-1.800000e+00	2.368503e-05	1.807807e-07	1.807807e-07
-1.800000e+00	-1.400000e+00	2.469232e-05	1.845848e-07	1.845848e-07
-1.400000e+00	-1.000000e+00	2.543330e-05	1.873339e-07	1.873339e-07
-1.000000e+00	-6.000000e-01	2.673588e-05	1.920712e-07	1.920712e-07
-6.000000e-01	-2.000000e-01	2.814745e-05	1.970764e-07	1.970764e-07
-2.000000e-01	2.000000e-01	2.588865e-05	1.890034e-07	1.890034e-07
2.000000e-01	6.000000e-01	2.842343e-05	1.980401e-07	1.980401e-07
6.000000e-01	1.000000e+00	2.695940e-05	1.928724e-07	1.928724e-07
1.000000e+00	1.400000e+00	2.496415e-05	1.855981e-07	1.855981e-07
1.400000e+00	1.800000e+00	2.401757e-05	1.820454e-07	1.820454e-07
1.800000e+00	2.200000e+00	2.310963e-05	1.785713e-07	1.785713e-07
2.200000e+00	2.600000e+00	2.216444e-05	1.748813e-07	1.748813e-07
2.600000e+00	3.000000e+00	2.037065e-05	1.676554e-07	1.676554e-07
3.000000e+00	3.400000e+00	1.814772e-05	1.582436e-07	1.582436e-07
3.400000e+00	3.800000e+00	1.612072e-05	1.491445e-07	1.491445e-07
3.800000e+00	4.200000e+00	1.370461e-05	1.375145e-07	1.375145e-07
4.200000e+00	4.600000e+00	1.150652e-05	1.260048e-07	1.260048e-07
4.600000e+00	5.000000e+00	9.242197e-06	1.129283e-07	1.129283e-07
# END HISTO1D

