# BEGIN PLOT
Legend=1
LogY=1
Title=$\Delta R$ separation between jets
LegendXPos=0.10
LegendYPos=0.5
XLabel=$\Delta{R}(\mathrm{jet~1,~jet~3})$
YLabel=$\mathrm{d}\sigma/\mathrm{d}\Delta{R}(\mathrm{jet~1,~jet~3})$ [pb]
RemoveOptions=1
DrawOnly=//ospool/cms-user/youpeng/genvalid/genValidation/masterVBS_merged.yoda.gz/MC_ZJETS:ENERGY=13600/jets_dR_13 //ospool/cms-user/youpeng/genvalid/genValidation/mg352VBS_merged.yoda.gz/MC_ZJETS:ENERGY=13600/jets_dR_13 //ospool/cms-user/youpeng/genvalid/genValidation/mg35xVBS_merged.yoda.gz/MC_ZJETS:ENERGY=13600/jets_dR_13
LegendOnly=//ospool/cms-user/youpeng/genvalid/genValidation/masterVBS_merged.yoda.gz/MC_ZJETS:ENERGY=13600/jets_dR_13 //ospool/cms-user/youpeng/genvalid/genValidation/mg352VBS_merged.yoda.gz/MC_ZJETS:ENERGY=13600/jets_dR_13 //ospool/cms-user/youpeng/genvalid/genValidation/mg35xVBS_merged.yoda.gz/MC_ZJETS:ENERGY=13600/jets_dR_13
RatioPlot=1
RatioPlotReference=//ospool/cms-user/youpeng/genvalid/genValidation/masterVBS_merged.yoda.gz/MC_ZJETS:ENERGY=13600/jets_dR_13
RatioPlotYLabel=Ratio
# END PLOT

# BEGIN HISTO1D //ospool/cms-user/youpeng/genvalid/genValidation/masterVBS_merged.yoda.gz/MC_ZJETS:ENERGY=13600/jets_dR_13
ErrorBars=1
LineColor=red
LineStyle=solid
Path=//ospool/cms-user/youpeng/genvalid/genValidation/masterVBS_merged.yoda.gz/MC_ZJETS:ENERGY=13600/jets_dR_13
ScaledBy=1.07182617187499956e-09
Title=VBSZZ@LO(v2918)
# xlow	 xhigh	 val	 errminus	 errplus
0.000000e+00	2.000000e-01	0.000000e+00	0.000000e+00	0.000000e+00
2.000000e-01	4.000000e-01	6.430955e-08	1.856458e-08	1.856458e-08
4.000000e-01	6.000000e-01	3.995768e-05	4.627509e-07	4.627509e-07
6.000000e-01	8.000000e-01	4.761052e-05	5.051247e-07	5.051247e-07
8.000000e-01	1.000000e+00	4.722466e-05	5.030738e-07	5.030738e-07
1.000000e+00	1.200000e+00	4.905749e-05	5.127431e-07	5.127431e-07
1.200000e+00	1.400000e+00	5.280350e-05	5.319596e-07	5.319596e-07
1.400000e+00	1.600000e+00	5.761600e-05	5.556723e-07	5.556723e-07
1.600000e+00	1.800000e+00	6.441140e-05	5.875279e-07	5.875279e-07
1.800000e+00	2.000000e+00	7.265375e-05	6.239880e-07	6.239880e-07
2.000000e+00	2.200000e+00	8.328625e-05	6.680883e-07	6.680883e-07
2.200000e+00	2.400000e+00	9.450290e-05	7.116555e-07	7.116555e-07
2.400000e+00	2.600000e+00	1.100551e-04	7.679842e-07	7.679842e-07
2.600000e+00	2.800000e+00	1.251357e-04	8.189130e-07	8.189130e-07
2.800000e+00	3.000000e+00	1.388765e-04	8.627036e-07	8.627036e-07
3.000000e+00	3.200000e+00	1.494554e-04	8.949588e-07	8.949588e-07
3.200000e+00	3.400000e+00	1.247874e-04	8.177724e-07	8.177724e-07
3.400000e+00	3.600000e+00	1.114913e-04	7.729791e-07	7.729791e-07
3.600000e+00	3.800000e+00	1.004194e-04	7.335944e-07	7.335944e-07
3.800000e+00	4.000000e+00	9.140535e-05	6.998952e-07	6.998952e-07
4.000000e+00	4.200000e+00	8.366675e-05	6.696126e-07	6.696126e-07
4.200000e+00	4.400000e+00	7.412750e-05	6.302849e-07	6.302849e-07
4.400000e+00	4.600000e+00	6.787340e-05	6.031107e-07	6.031107e-07
4.600000e+00	4.800000e+00	5.975965e-05	5.659152e-07	5.659152e-07
4.800000e+00	5.000000e+00	5.316260e-05	5.337652e-07	5.337652e-07
# END HISTO1D


# BEGIN HISTO1D //ospool/cms-user/youpeng/genvalid/genValidation/mg352VBS_merged.yoda.gz/MC_ZJETS:ENERGY=13600/jets_dR_13
ErrorBars=1
LineColor=blue
LineStyle=solid
Path=//ospool/cms-user/youpeng/genvalid/genValidation/mg352VBS_merged.yoda.gz/MC_ZJETS:ENERGY=13600/jets_dR_13
ScaledBy=1.07425781250000051e-09
Title=VBSZZ@LO(v352)
# xlow	 xhigh	 val	 errminus	 errplus
0.000000e+00	2.000000e-01	0.000000e+00	0.000000e+00	0.000000e+00
2.000000e-01	4.000000e-01	1.020545e-07	2.341291e-08	2.341291e-08
4.000000e-01	6.000000e-01	3.990331e-05	4.629603e-07	4.629603e-07
6.000000e-01	8.000000e-01	4.537128e-05	4.936621e-07	4.936621e-07
8.000000e-01	1.000000e+00	4.740163e-05	5.045867e-07	5.045867e-07
1.000000e+00	1.200000e+00	4.935141e-05	5.148599e-07	5.148599e-07
1.200000e+00	1.400000e+00	5.307910e-05	5.339504e-07	5.339504e-07
1.400000e+00	1.600000e+00	5.644150e-05	5.506031e-07	5.506031e-07
1.600000e+00	1.800000e+00	6.466495e-05	5.893507e-07	5.893507e-07
1.800000e+00	2.000000e+00	7.165835e-05	6.204013e-07	6.204013e-07
2.000000e+00	2.200000e+00	8.331405e-05	6.689574e-07	6.689574e-07
2.200000e+00	2.400000e+00	9.557135e-05	7.164784e-07	7.164784e-07
2.400000e+00	2.600000e+00	1.102725e-04	7.696140e-07	7.696140e-07
2.600000e+00	2.800000e+00	1.244743e-04	8.176718e-07	8.176718e-07
2.800000e+00	3.000000e+00	1.402497e-04	8.679411e-07	8.679411e-07
3.000000e+00	3.200000e+00	1.486343e-04	8.935087e-07	8.935087e-07
3.200000e+00	3.400000e+00	1.247267e-04	8.185006e-07	8.185006e-07
3.400000e+00	3.600000e+00	1.128024e-04	7.783923e-07	7.783923e-07
3.600000e+00	3.800000e+00	1.017698e-04	7.393477e-07	7.393477e-07
3.800000e+00	4.000000e+00	9.095205e-05	6.989490e-07	6.989490e-07
4.000000e+00	4.200000e+00	8.345910e-05	6.695394e-07	6.695394e-07
4.200000e+00	4.400000e+00	7.512285e-05	6.352216e-07	6.352216e-07
4.400000e+00	4.600000e+00	6.877400e-05	6.077870e-07	6.077870e-07
4.600000e+00	4.800000e+00	6.195245e-05	5.768574e-07	5.768574e-07
4.800000e+00	5.000000e+00	5.408890e-05	5.390056e-07	5.390056e-07
# END HISTO1D


# BEGIN HISTO1D //ospool/cms-user/youpeng/genvalid/genValidation/mg35xVBS_merged.yoda.gz/MC_ZJETS:ENERGY=13600/jets_dR_13
ErrorBars=1
LineColor=green
LineStyle=solid
Path=//ospool/cms-user/youpeng/genvalid/genValidation/mg35xVBS_merged.yoda.gz/MC_ZJETS:ENERGY=13600/jets_dR_13
ScaledBy=5.51937791219804204e-10
Title=VBSZZ@LO(v35x)
# xlow	 xhigh	 val	 errminus	 errplus
0.000000e+00	2.000000e-01	0.000000e+00	0.000000e+00	0.000000e+00
2.000000e-01	4.000000e-01	3.311626e-08	9.559843e-09	9.559843e-09
4.000000e-01	6.000000e-01	2.021196e-05	2.361752e-07	2.361752e-07
6.000000e-01	8.000000e-01	2.386579e-05	2.566362e-07	2.566362e-07
8.000000e-01	1.000000e+00	2.392099e-05	2.569328e-07	2.569328e-07
1.000000e+00	1.200000e+00	2.490896e-05	2.621850e-07	2.621850e-07
1.200000e+00	1.400000e+00	2.659512e-05	2.709138e-07	2.709138e-07
1.400000e+00	1.600000e+00	2.922510e-05	2.839933e-07	2.839933e-07
1.600000e+00	1.800000e+00	3.194340e-05	2.969071e-07	2.969071e-07
1.800000e+00	2.000000e+00	3.621540e-05	3.161380e-07	3.161380e-07
2.000000e+00	2.200000e+00	4.191139e-05	3.400918e-07	3.400918e-07
2.200000e+00	2.400000e+00	4.784473e-05	3.633684e-07	3.633684e-07
2.400000e+00	2.600000e+00	5.479360e-05	3.888616e-07	3.888616e-07
2.600000e+00	2.800000e+00	6.308650e-05	4.172518e-07	4.172518e-07
2.800000e+00	3.000000e+00	6.992775e-05	4.392936e-07	4.392936e-07
3.000000e+00	3.200000e+00	7.466615e-05	4.539332e-07	4.539332e-07
3.200000e+00	3.400000e+00	6.305335e-05	4.171423e-07	4.171423e-07
3.400000e+00	3.600000e+00	5.579540e-05	3.924002e-07	3.924002e-07
3.600000e+00	3.800000e+00	5.134955e-05	3.764422e-07	3.764422e-07
3.800000e+00	4.000000e+00	4.645660e-05	3.580583e-07	3.580583e-07
4.000000e+00	4.200000e+00	4.148640e-05	3.383631e-07	3.383631e-07
4.200000e+00	4.400000e+00	3.742690e-05	3.213823e-07	3.213823e-07
4.400000e+00	4.600000e+00	3.399661e-05	3.063006e-07	3.063006e-07
4.600000e+00	4.800000e+00	3.024895e-05	2.889251e-07	2.889251e-07
4.800000e+00	5.000000e+00	2.725745e-05	2.742664e-07	2.742664e-07
# END HISTO1D

