# BEGIN PLOT
Legend=1
LogY=1
Title=Pseudorapidity separation between jets
LegendXPos=0.1
XLabel=$\Delta\phi(\mathrm{jet~1,~jet~3})$
YLabel=$\mathrm{d}\sigma/\mathrm{d}\Delta\phi(\mathrm{jet~1,~jet~3})$ [pb]
RemoveOptions=1
DrawOnly=//ospool/cms-user/youpeng/genvalid/genValidation/masterVBS_merged.yoda.gz/MC_ZJETS:ENERGY=13600/jets_dphi_13 //ospool/cms-user/youpeng/genvalid/genValidation/mg352VBS_merged.yoda.gz/MC_ZJETS:ENERGY=13600/jets_dphi_13 //ospool/cms-user/youpeng/genvalid/genValidation/mg35xVBS_merged.yoda.gz/MC_ZJETS:ENERGY=13600/jets_dphi_13
LegendOnly=//ospool/cms-user/youpeng/genvalid/genValidation/masterVBS_merged.yoda.gz/MC_ZJETS:ENERGY=13600/jets_dphi_13 //ospool/cms-user/youpeng/genvalid/genValidation/mg352VBS_merged.yoda.gz/MC_ZJETS:ENERGY=13600/jets_dphi_13 //ospool/cms-user/youpeng/genvalid/genValidation/mg35xVBS_merged.yoda.gz/MC_ZJETS:ENERGY=13600/jets_dphi_13
RatioPlot=1
RatioPlotReference=//ospool/cms-user/youpeng/genvalid/genValidation/masterVBS_merged.yoda.gz/MC_ZJETS:ENERGY=13600/jets_dphi_13
RatioPlotYLabel=Ratio
# END PLOT

# BEGIN HISTO1D //ospool/cms-user/youpeng/genvalid/genValidation/masterVBS_merged.yoda.gz/MC_ZJETS:ENERGY=13600/jets_dphi_13
ErrorBars=1
LineColor=red
LineStyle=solid
Path=//ospool/cms-user/youpeng/genvalid/genValidation/masterVBS_merged.yoda.gz/MC_ZJETS:ENERGY=13600/jets_dphi_13
ScaledBy=1.07182617187499956e-09
Title=VBSZZ@LO(v2918)
# xlow	 xhigh	 val	 errminus	 errplus
0.000000e+00	1.256637e-01	7.048631e-05	7.753712e-07	7.753712e-07
1.256637e-01	2.513274e-01	7.361658e-05	7.924011e-07	7.924011e-07
2.513274e-01	3.769911e-01	7.864888e-05	8.190370e-07	8.190370e-07
3.769911e-01	5.026548e-01	9.185230e-05	8.851201e-07	8.851201e-07
5.026548e-01	6.283185e-01	9.064113e-05	8.792652e-07	8.792652e-07
6.283185e-01	7.539822e-01	8.978814e-05	8.751185e-07	8.751185e-07
7.539822e-01	8.796459e-01	8.697349e-05	8.612926e-07	8.612926e-07
8.796459e-01	1.005310e+00	8.908845e-05	8.717005e-07	8.717005e-07
1.005310e+00	1.130973e+00	9.272276e-05	8.893070e-07	8.893070e-07
1.130973e+00	1.256637e+00	9.515287e-05	9.008817e-07	9.008817e-07
1.256637e+00	1.382301e+00	1.013707e-04	9.298503e-07	9.298503e-07
1.382301e+00	1.507964e+00	1.088859e-04	9.637057e-07	9.637057e-07
1.507964e+00	1.633628e+00	1.155720e-04	9.928487e-07	9.928487e-07
1.633628e+00	1.759292e+00	1.267710e-04	1.039840e-06	1.039840e-06
1.759292e+00	1.884956e+00	1.393518e-04	1.090217e-06	1.090217e-06
1.884956e+00	2.010619e+00	1.504154e-04	1.132673e-06	1.132673e-06
2.010619e+00	2.136283e+00	1.653661e-04	1.187627e-06	1.187627e-06
2.136283e+00	2.261947e+00	1.776824e-04	1.231059e-06	1.231059e-06
2.261947e+00	2.387610e+00	1.910153e-04	1.276417e-06	1.276417e-06
2.387610e+00	2.513274e+00	2.048738e-04	1.321904e-06	1.321904e-06
2.513274e+00	2.638938e+00	2.157913e-04	1.356669e-06	1.356669e-06
2.638938e+00	2.764602e+00	2.236554e-04	1.381168e-06	1.381168e-06
2.764602e+00	2.890265e+00	2.277683e-04	1.393815e-06	1.393815e-06
2.890265e+00	3.015929e+00	2.310503e-04	1.403815e-06	1.403815e-06
3.015929e+00	3.141593e+00	2.334555e-04	1.411103e-06	1.411103e-06
# END HISTO1D


# BEGIN HISTO1D //ospool/cms-user/youpeng/genvalid/genValidation/mg352VBS_merged.yoda.gz/MC_ZJETS:ENERGY=13600/jets_dphi_13
ErrorBars=1
LineColor=blue
LineStyle=solid
Path=//ospool/cms-user/youpeng/genvalid/genValidation/mg352VBS_merged.yoda.gz/MC_ZJETS:ENERGY=13600/jets_dphi_13
ScaledBy=1.07425781250000051e-09
Title=VBSZZ@LO(v352)
# xlow	 xhigh	 val	 errminus	 errplus
0.000000e+00	1.256637e-01	7.226193e-05	7.859666e-07	7.859666e-07
1.256637e-01	2.513274e-01	7.185159e-05	7.837319e-07	7.837319e-07
2.513274e-01	3.769911e-01	7.883586e-05	8.209395e-07	8.209395e-07
3.769911e-01	5.026548e-01	9.103480e-05	8.821715e-07	8.821715e-07
5.026548e-01	6.283185e-01	8.906860e-05	8.725931e-07	8.725931e-07
6.283185e-01	7.539822e-01	8.758114e-05	8.652762e-07	8.652762e-07
7.539822e-01	8.796459e-01	8.813683e-05	8.680166e-07	8.680166e-07
8.796459e-01	1.005310e+00	9.019672e-05	8.781003e-07	8.781003e-07
1.005310e+00	1.130973e+00	9.286473e-05	8.909966e-07	8.909966e-07
1.130973e+00	1.256637e+00	9.512939e-05	9.017915e-07	9.017915e-07
1.256637e+00	1.382301e+00	1.026607e-04	9.368089e-07	9.368089e-07
1.382301e+00	1.507964e+00	1.082696e-04	9.620635e-07	9.620635e-07
1.507964e+00	1.633628e+00	1.169883e-04	1.000046e-06	1.000046e-06
1.633628e+00	1.759292e+00	1.273835e-04	1.043531e-06	1.043531e-06
1.759292e+00	1.884956e+00	1.402492e-04	1.094962e-06	1.094962e-06
1.884956e+00	2.010619e+00	1.498506e-04	1.131826e-06	1.131826e-06
2.010619e+00	2.136283e+00	1.664765e-04	1.192958e-06	1.192958e-06
2.136283e+00	2.261947e+00	1.768460e-04	1.229551e-06	1.229551e-06
2.261947e+00	2.387610e+00	1.924488e-04	1.282650e-06	1.282650e-06
2.387610e+00	2.513274e+00	2.052360e-04	1.324572e-06	1.324572e-06
2.513274e+00	2.638938e+00	2.146566e-04	1.354631e-06	1.354631e-06
2.638938e+00	2.764602e+00	2.236498e-04	1.382716e-06	1.382716e-06
2.764602e+00	2.890265e+00	2.283277e-04	1.397108e-06	1.397108e-06
2.890265e+00	3.015929e+00	2.340023e-04	1.414356e-06	1.414356e-06
3.015929e+00	3.141593e+00	2.332158e-04	1.411978e-06	1.411978e-06
# END HISTO1D


# BEGIN HISTO1D //ospool/cms-user/youpeng/genvalid/genValidation/mg35xVBS_merged.yoda.gz/MC_ZJETS:ENERGY=13600/jets_dphi_13
ErrorBars=1
LineColor=green
LineStyle=solid
Path=//ospool/cms-user/youpeng/genvalid/genValidation/mg35xVBS_merged.yoda.gz/MC_ZJETS:ENERGY=13600/jets_dphi_13
ScaledBy=5.51937791219804204e-10
Title=VBSZZ@LO(v35x)
# xlow	 xhigh	 val	 errminus	 errplus
0.000000e+00	1.256637e-01	3.678891e-05	4.019746e-07	4.019746e-07
1.256637e-01	2.513274e-01	3.676695e-05	4.018546e-07	4.018546e-07
2.513274e-01	3.769911e-01	3.976242e-05	4.179041e-07	4.179041e-07
3.769911e-01	5.026548e-01	4.577093e-05	4.483684e-07	4.483684e-07
5.026548e-01	6.283185e-01	4.584999e-05	4.487554e-07	4.487554e-07
6.283185e-01	7.539822e-01	4.421609e-05	4.406871e-07	4.406871e-07
7.539822e-01	8.796459e-01	4.362315e-05	4.377223e-07	4.377223e-07
8.796459e-01	1.005310e+00	4.453658e-05	4.422806e-07	4.422806e-07
1.005310e+00	1.130973e+00	4.725135e-05	4.555630e-07	4.555630e-07
1.130973e+00	1.256637e+00	4.887608e-05	4.633272e-07	4.633272e-07
1.256637e+00	1.382301e+00	5.083938e-05	4.725413e-07	4.725413e-07
1.382301e+00	1.507964e+00	5.424375e-05	4.881083e-07	4.881083e-07
1.507964e+00	1.633628e+00	5.917133e-05	5.097947e-07	5.097947e-07
1.633628e+00	1.759292e+00	6.399394e-05	5.301625e-07	5.301625e-07
1.759292e+00	1.884956e+00	6.968179e-05	5.532218e-07	5.532218e-07
1.884956e+00	2.010619e+00	7.669670e-05	5.804031e-07	5.804031e-07
2.010619e+00	2.136283e+00	8.351716e-05	6.056580e-07	6.056580e-07
2.136283e+00	2.261947e+00	9.035133e-05	6.299513e-07	6.299513e-07
2.261947e+00	2.387610e+00	9.691405e-05	6.524311e-07	6.524311e-07
2.387610e+00	2.513274e+00	1.026670e-04	6.715140e-07	6.715140e-07
2.513274e+00	2.638938e+00	1.081879e-04	6.893330e-07	6.893330e-07
2.638938e+00	2.764602e+00	1.118422e-04	7.008782e-07	7.008782e-07
2.764602e+00	2.890265e+00	1.133497e-04	7.055885e-07	7.055885e-07
2.890265e+00	3.015929e+00	1.166472e-04	7.157757e-07	7.157757e-07
3.015929e+00	3.141593e+00	1.167044e-04	7.159508e-07	7.159508e-07
# END HISTO1D

