# BEGIN PLOT
Legend=1
LogY=1
Title=Pseudorapidity separation between jets
LegendYPos=0.5
LegendXPos=0.30
XLabel=$\Delta\eta(\mathrm{jet~2,~jet~3})$
YLabel=$\mathrm{d}\sigma/\mathrm{d}\Delta\eta(\mathrm{jet~2,~jet~3})$ [pb]
RemoveOptions=1
DrawOnly=//eos/home-y/youpeng/valid/genValidation/masterVBS_merged.yoda.gz/MC_ZJETS:ENERGY=13600/jets_deta_23 //eos/home-y/youpeng/valid/genValidation/mg352VBS_merged.yoda.gz/MC_ZJETS:ENERGY=13600/jets_deta_23 //eos/home-y/youpeng/valid/genValidation/mg35xVBS_merged.yoda.gz/MC_ZJETS:ENERGY=13600/jets_deta_23
LegendOnly=//eos/home-y/youpeng/valid/genValidation/masterVBS_merged.yoda.gz/MC_ZJETS:ENERGY=13600/jets_deta_23 //eos/home-y/youpeng/valid/genValidation/mg352VBS_merged.yoda.gz/MC_ZJETS:ENERGY=13600/jets_deta_23 //eos/home-y/youpeng/valid/genValidation/mg35xVBS_merged.yoda.gz/MC_ZJETS:ENERGY=13600/jets_deta_23
RatioPlot=1
RatioPlotReference=//eos/home-y/youpeng/valid/genValidation/masterVBS_merged.yoda.gz/MC_ZJETS:ENERGY=13600/jets_deta_23
RatioPlotYLabel=Ratio
# END PLOT

# BEGIN HISTO1D //eos/home-y/youpeng/valid/genValidation/masterVBS_merged.yoda.gz/MC_ZJETS:ENERGY=13600/jets_deta_23
ErrorBars=1
LineColor=red
LineStyle=solid
Path=//eos/home-y/youpeng/valid/genValidation/masterVBS_merged.yoda.gz/MC_ZJETS:ENERGY=13600/jets_deta_23
ScaledBy=1.07182617187499956e-09
Title=VBSZZ@LO(v2918)
# xlow	 xhigh	 val	 errminus	 errplus
-5.000000e+00	-4.600000e+00	1.595145e-05	2.067437e-07	2.067437e-07
-4.600000e+00	-4.200000e+00	2.039149e-05	2.337527e-07	2.337527e-07
-4.200000e+00	-3.800000e+00	2.462521e-05	2.568752e-07	2.568752e-07
-3.800000e+00	-3.400000e+00	2.892323e-05	2.783912e-07	2.783912e-07
-3.400000e+00	-3.000000e+00	3.427700e-05	3.030634e-07	3.030634e-07
-3.000000e+00	-2.600000e+00	3.896893e-05	3.231404e-07	3.231404e-07
-2.600000e+00	-2.200000e+00	4.308473e-05	3.397769e-07	3.397769e-07
-2.200000e+00	-1.800000e+00	4.599742e-05	3.510742e-07	3.510742e-07
-1.800000e+00	-1.400000e+00	4.866627e-05	3.611155e-07	3.611155e-07
-1.400000e+00	-1.000000e+00	5.208003e-05	3.735664e-07	3.735664e-07
-1.000000e+00	-6.000000e-01	6.005442e-05	4.011480e-07	4.011480e-07
-6.000000e-01	-2.000000e-01	6.590928e-05	4.202478e-07	4.202478e-07
-2.000000e-01	2.000000e-01	5.897455e-05	3.975251e-07	3.975251e-07
2.000000e-01	6.000000e-01	6.538943e-05	4.185872e-07	4.185872e-07
6.000000e-01	1.000000e+00	5.962300e-05	3.997046e-07	3.997046e-07
1.000000e+00	1.400000e+00	5.254628e-05	3.752348e-07	3.752348e-07
1.400000e+00	1.800000e+00	4.901730e-05	3.624156e-07	3.624156e-07
1.800000e+00	2.200000e+00	4.610995e-05	3.515035e-07	3.515035e-07
2.200000e+00	2.600000e+00	4.291593e-05	3.391106e-07	3.391106e-07
2.600000e+00	3.000000e+00	3.878135e-05	3.223619e-07	3.223619e-07
3.000000e+00	3.400000e+00	3.463338e-05	3.046349e-07	3.046349e-07
3.400000e+00	3.800000e+00	2.958240e-05	2.815457e-07	2.815457e-07
3.800000e+00	4.200000e+00	2.417236e-05	2.545023e-07	2.545023e-07
4.200000e+00	4.600000e+00	2.005655e-05	2.318250e-07	2.318250e-07
4.600000e+00	5.000000e+00	1.588446e-05	2.063091e-07	2.063091e-07
# END HISTO1D


# BEGIN HISTO1D //eos/home-y/youpeng/valid/genValidation/mg352VBS_merged.yoda.gz/MC_ZJETS:ENERGY=13600/jets_deta_23
ErrorBars=1
LineColor=blue
LineStyle=solid
Path=//eos/home-y/youpeng/valid/genValidation/mg352VBS_merged.yoda.gz/MC_ZJETS:ENERGY=13600/jets_deta_23
ScaledBy=1.07425781250000051e-09
Title=VBSZZ@LO(v352)
# xlow	 xhigh	 val	 errminus	 errplus
-5.000000e+00	-4.600000e+00	1.600644e-05	2.073345e-07	2.073345e-07
-4.600000e+00	-4.200000e+00	2.017456e-05	2.327696e-07	2.327696e-07
-4.200000e+00	-3.800000e+00	2.434805e-05	2.557151e-07	2.557151e-07
-3.800000e+00	-3.400000e+00	2.975425e-05	2.826825e-07	2.826825e-07
-3.400000e+00	-3.000000e+00	3.462065e-05	3.049242e-07	3.049242e-07
-3.000000e+00	-2.600000e+00	3.941990e-05	3.253733e-07	3.253733e-07
-2.600000e+00	-2.200000e+00	4.363905e-05	3.423433e-07	3.423433e-07
-2.200000e+00	-1.800000e+00	4.586275e-05	3.509574e-07	3.509574e-07
-1.800000e+00	-1.400000e+00	4.881695e-05	3.620842e-07	3.620842e-07
-1.400000e+00	-1.000000e+00	5.277293e-05	3.764695e-07	3.764695e-07
-1.000000e+00	-6.000000e-01	6.058007e-05	4.033566e-07	4.033566e-07
-6.000000e-01	-2.000000e-01	6.514300e-05	4.182714e-07	4.182714e-07
-2.000000e-01	2.000000e-01	5.923725e-05	3.988612e-07	3.988612e-07
2.000000e-01	6.000000e-01	6.568012e-05	4.199922e-07	4.199922e-07
6.000000e-01	1.000000e+00	5.942525e-05	3.994936e-07	3.994936e-07
1.000000e+00	1.400000e+00	5.273800e-05	3.763449e-07	3.763449e-07
1.400000e+00	1.800000e+00	4.974082e-05	3.654944e-07	3.654944e-07
1.800000e+00	2.200000e+00	4.584665e-05	3.508956e-07	3.508956e-07
2.200000e+00	2.600000e+00	4.252718e-05	3.379540e-07	3.379540e-07
2.600000e+00	3.000000e+00	3.901435e-05	3.236954e-07	3.236954e-07
3.000000e+00	3.400000e+00	3.374245e-05	3.010319e-07	3.010319e-07
3.400000e+00	3.800000e+00	2.913388e-05	2.797199e-07	2.797199e-07
3.800000e+00	4.200000e+00	2.476433e-05	2.578918e-07	2.578918e-07
4.200000e+00	4.600000e+00	1.927756e-05	2.275361e-07	2.275361e-07
4.600000e+00	5.000000e+00	1.557942e-05	2.045502e-07	2.045502e-07
# END HISTO1D


# BEGIN HISTO1D //eos/home-y/youpeng/valid/genValidation/mg35xVBS_merged.yoda.gz/MC_ZJETS:ENERGY=13600/jets_deta_23
ErrorBars=1
LineColor=green
LineStyle=solid
Path=//eos/home-y/youpeng/valid/genValidation/mg35xVBS_merged.yoda.gz/MC_ZJETS:ENERGY=13600/jets_deta_23
ScaledBy=5.51937791219804204e-10
Title=VBSZZ@LO(v35x)
# xlow	 xhigh	 val	 errminus	 errplus
-5.000000e+00	-4.600000e+00	7.794742e-06	1.037089e-07	1.037089e-07
-4.600000e+00	-4.200000e+00	9.794135e-06	1.162514e-07	1.162514e-07
-4.200000e+00	-3.800000e+00	1.212883e-05	1.293673e-07	1.293673e-07
-3.800000e+00	-3.400000e+00	1.466499e-05	1.422512e-07	1.422512e-07
-3.400000e+00	-3.000000e+00	1.741916e-05	1.550346e-07	1.550346e-07
-3.000000e+00	-2.600000e+00	1.976627e-05	1.651496e-07	1.651496e-07
-2.600000e+00	-2.200000e+00	2.157387e-05	1.725357e-07	1.725357e-07
-2.200000e+00	-1.800000e+00	2.316483e-05	1.787844e-07	1.787844e-07
-1.800000e+00	-1.400000e+00	2.475855e-05	1.848322e-07	1.848322e-07
-1.400000e+00	-1.000000e+00	2.661583e-05	1.916395e-07	1.916395e-07
-1.000000e+00	-6.000000e-01	3.052492e-05	2.052307e-07	2.052307e-07
-6.000000e-01	-2.000000e-01	3.271060e-05	2.124512e-07	2.124512e-07
-2.000000e-01	2.000000e-01	2.951073e-05	2.017925e-07	2.017925e-07
2.000000e-01	6.000000e-01	3.343225e-05	2.147820e-07	2.147820e-07
6.000000e-01	1.000000e+00	3.022825e-05	2.042310e-07	2.042310e-07
1.000000e+00	1.400000e+00	2.674278e-05	1.920960e-07	1.920960e-07
1.400000e+00	1.800000e+00	2.475993e-05	1.848374e-07	1.848374e-07
1.800000e+00	2.200000e+00	2.309032e-05	1.784966e-07	1.784966e-07
2.200000e+00	2.600000e+00	2.149936e-05	1.722375e-07	1.722375e-07
2.600000e+00	3.000000e+00	1.982009e-05	1.653742e-07	1.653742e-07
3.000000e+00	3.400000e+00	1.711283e-05	1.536654e-07	1.536654e-07
3.400000e+00	3.800000e+00	1.464981e-05	1.421776e-07	1.421776e-07
3.800000e+00	4.200000e+00	1.225440e-05	1.300352e-07	1.300352e-07
4.200000e+00	4.600000e+00	9.965238e-06	1.172624e-07	1.172624e-07
4.600000e+00	5.000000e+00	7.838897e-06	1.040022e-07	1.040022e-07
# END HISTO1D

