# BEGIN PLOT
Legend=1
LogY=1
Title=$\Delta R$ separation between jets
LegendXPos=0.10
LegendYPos=0.5
XLabel=$\Delta{R}(\mathrm{jet~1,~jet~2})$
YLabel=$\mathrm{d}\sigma/\mathrm{d}\Delta{R}(\mathrm{jet~1,~jet~2})$ [pb]
RemoveOptions=1
DrawOnly=//eos/home-y/youpeng/valid/genValidation/masterVBS_merged.yoda.gz/MC_ZJETS:ENERGY=13600/jets_dR_12 //eos/home-y/youpeng/valid/genValidation/mg352VBS_merged.yoda.gz/MC_ZJETS:ENERGY=13600/jets_dR_12 //eos/home-y/youpeng/valid/genValidation/mg35xVBS_merged.yoda.gz/MC_ZJETS:ENERGY=13600/jets_dR_12
LegendOnly=//eos/home-y/youpeng/valid/genValidation/masterVBS_merged.yoda.gz/MC_ZJETS:ENERGY=13600/jets_dR_12 //eos/home-y/youpeng/valid/genValidation/mg352VBS_merged.yoda.gz/MC_ZJETS:ENERGY=13600/jets_dR_12 //eos/home-y/youpeng/valid/genValidation/mg35xVBS_merged.yoda.gz/MC_ZJETS:ENERGY=13600/jets_dR_12
RatioPlot=1
RatioPlotReference=//eos/home-y/youpeng/valid/genValidation/masterVBS_merged.yoda.gz/MC_ZJETS:ENERGY=13600/jets_dR_12
RatioPlotYLabel=Ratio
# END PLOT

# BEGIN HISTO1D //eos/home-y/youpeng/valid/genValidation/masterVBS_merged.yoda.gz/MC_ZJETS:ENERGY=13600/jets_dR_12
ErrorBars=1
LineColor=red
LineStyle=solid
Path=//eos/home-y/youpeng/valid/genValidation/masterVBS_merged.yoda.gz/MC_ZJETS:ENERGY=13600/jets_dR_12
ScaledBy=1.07182617187499956e-09
Title=VBSZZ@LO(v2918)
# xlow	 xhigh	 val	 errminus	 errplus
0.000000e+00	2.000000e-01	0.000000e+00	0.000000e+00	0.000000e+00
2.000000e-01	4.000000e-01	3.751391e-08	1.417893e-08	1.417893e-08
4.000000e-01	6.000000e-01	2.303891e-05	3.513808e-07	3.513808e-07
6.000000e-01	8.000000e-01	2.602394e-05	3.734511e-07	3.734511e-07
8.000000e-01	1.000000e+00	2.657593e-05	3.773909e-07	3.773909e-07
1.000000e+00	1.200000e+00	2.747627e-05	3.837302e-07	3.837302e-07
1.200000e+00	1.400000e+00	2.911616e-05	3.950156e-07	3.950156e-07
1.400000e+00	1.600000e+00	3.236379e-05	4.164634e-07	4.164634e-07
1.600000e+00	1.800000e+00	3.744961e-05	4.479926e-07	4.479926e-07
1.800000e+00	2.000000e+00	4.347327e-05	4.826789e-07	4.826789e-07
2.000000e+00	2.200000e+00	5.413260e-05	5.386126e-07	5.386126e-07
2.200000e+00	2.400000e+00	6.593340e-05	5.944289e-07	5.944289e-07
2.400000e+00	2.600000e+00	8.426695e-05	6.720102e-07	6.720102e-07
2.600000e+00	2.800000e+00	1.086135e-04	7.629377e-07	7.629377e-07
2.800000e+00	3.000000e+00	1.393588e-04	8.642004e-07	8.642004e-07
3.000000e+00	3.200000e+00	1.654203e-04	9.415461e-07	9.415461e-07
3.200000e+00	3.400000e+00	1.511490e-04	9.000150e-07	9.000150e-07
3.400000e+00	3.600000e+00	1.385657e-04	8.617376e-07	8.617376e-07
3.600000e+00	3.800000e+00	1.304841e-04	8.362305e-07	8.362305e-07
3.800000e+00	4.000000e+00	1.212878e-04	8.062242e-07	8.062242e-07
4.000000e+00	4.200000e+00	1.135117e-04	7.799514e-07	7.799514e-07
4.200000e+00	4.400000e+00	1.044173e-04	7.480548e-07	7.480548e-07
4.400000e+00	4.600000e+00	9.507635e-05	7.138112e-07	7.138112e-07
4.600000e+00	4.800000e+00	8.549955e-05	6.769073e-07	6.769073e-07
4.800000e+00	5.000000e+00	7.576740e-05	6.372184e-07	6.372184e-07
# END HISTO1D


# BEGIN HISTO1D //eos/home-y/youpeng/valid/genValidation/mg352VBS_merged.yoda.gz/MC_ZJETS:ENERGY=13600/jets_dR_12
ErrorBars=1
LineColor=blue
LineStyle=solid
Path=//eos/home-y/youpeng/valid/genValidation/mg352VBS_merged.yoda.gz/MC_ZJETS:ENERGY=13600/jets_dR_12
ScaledBy=1.07425781250000051e-09
Title=VBSZZ@LO(v352)
# xlow	 xhigh	 val	 errminus	 errplus
0.000000e+00	2.000000e-01	0.000000e+00	0.000000e+00	0.000000e+00
2.000000e-01	4.000000e-01	6.982675e-08	1.936646e-08	1.936646e-08
4.000000e-01	6.000000e-01	2.391298e-05	3.583902e-07	3.583902e-07
6.000000e-01	8.000000e-01	2.694238e-05	3.804147e-07	3.804147e-07
8.000000e-01	1.000000e+00	2.623338e-05	3.753759e-07	3.753759e-07
1.000000e+00	1.200000e+00	2.711427e-05	3.816262e-07	3.816262e-07
1.200000e+00	1.400000e+00	2.870417e-05	3.926556e-07	3.926556e-07
1.400000e+00	1.600000e+00	3.270578e-05	4.191327e-07	4.191327e-07
1.600000e+00	1.800000e+00	3.778702e-05	4.505164e-07	4.505164e-07
1.800000e+00	2.000000e+00	4.422183e-05	4.873686e-07	4.873686e-07
2.000000e+00	2.200000e+00	5.343360e-05	5.357306e-07	5.357306e-07
2.200000e+00	2.400000e+00	6.782865e-05	6.035953e-07	6.035953e-07
2.400000e+00	2.600000e+00	8.490395e-05	6.753101e-07	6.753101e-07
2.600000e+00	2.800000e+00	1.069478e-04	7.579230e-07	7.579230e-07
2.800000e+00	3.000000e+00	1.378541e-04	8.604967e-07	8.604967e-07
3.000000e+00	3.200000e+00	1.664133e-04	9.454384e-07	9.454384e-07
3.200000e+00	3.400000e+00	1.499449e-04	8.974394e-07	8.974394e-07
3.400000e+00	3.600000e+00	1.391056e-04	8.643937e-07	8.643937e-07
3.600000e+00	3.800000e+00	1.307694e-04	8.380932e-07	8.380932e-07
3.800000e+00	4.000000e+00	1.206552e-04	8.050306e-07	8.050306e-07
4.000000e+00	4.200000e+00	1.125661e-04	7.775764e-07	7.775764e-07
4.200000e+00	4.400000e+00	1.051430e-04	7.515007e-07	7.515007e-07
4.400000e+00	4.600000e+00	9.507720e-05	7.146237e-07	7.146237e-07
4.600000e+00	4.800000e+00	8.543570e-05	6.774216e-07	6.774216e-07
4.800000e+00	5.000000e+00	7.661070e-05	6.414813e-07	6.414813e-07
# END HISTO1D


# BEGIN HISTO1D //eos/home-y/youpeng/valid/genValidation/mg35xVBS_merged.yoda.gz/MC_ZJETS:ENERGY=13600/jets_dR_12
ErrorBars=1
LineColor=green
LineStyle=solid
Path=//eos/home-y/youpeng/valid/genValidation/mg35xVBS_merged.yoda.gz/MC_ZJETS:ENERGY=13600/jets_dR_12
ScaledBy=5.51937791219804204e-10
Title=VBSZZ@LO(v35x)
# xlow	 xhigh	 val	 errminus	 errplus
0.000000e+00	2.000000e-01	0.000000e+00	0.000000e+00	0.000000e+00
2.000000e-01	4.000000e-01	1.103875e-08	5.519377e-09	5.519377e-09
4.000000e-01	6.000000e-01	1.202673e-05	1.821813e-07	1.821813e-07
6.000000e-01	8.000000e-01	1.379016e-05	1.950809e-07	1.950809e-07
8.000000e-01	1.000000e+00	1.287395e-05	1.884890e-07	1.884890e-07
1.000000e+00	1.200000e+00	1.407718e-05	1.971005e-07	1.971005e-07
1.200000e+00	1.400000e+00	1.430071e-05	1.986593e-07	1.986593e-07
1.400000e+00	1.600000e+00	1.617177e-05	2.112559e-07	2.112559e-07
1.600000e+00	1.800000e+00	1.897010e-05	2.288047e-07	2.288047e-07
1.800000e+00	2.000000e+00	2.214651e-05	2.472194e-07	2.472194e-07
2.000000e+00	2.200000e+00	2.734300e-05	2.746965e-07	2.746965e-07
2.200000e+00	2.400000e+00	3.337844e-05	3.035030e-07	3.035030e-07
2.400000e+00	2.600000e+00	4.231155e-05	3.417115e-07	3.417115e-07
2.600000e+00	2.800000e+00	5.428860e-05	3.870654e-07	3.870654e-07
2.800000e+00	3.000000e+00	6.961040e-05	4.382956e-07	4.382956e-07
3.000000e+00	3.200000e+00	8.396630e-05	4.813739e-07	4.813739e-07
3.200000e+00	3.400000e+00	7.499730e-05	4.549387e-07	4.549387e-07
3.400000e+00	3.600000e+00	6.983670e-05	4.390075e-07	4.390075e-07
3.600000e+00	3.800000e+00	6.565850e-05	4.256725e-07	4.256725e-07
3.800000e+00	4.000000e+00	6.143345e-05	4.117489e-07	4.117489e-07
4.000000e+00	4.200000e+00	5.645770e-05	3.947223e-07	3.947223e-07
4.200000e+00	4.400000e+00	5.250860e-05	3.806670e-07	3.806670e-07
4.400000e+00	4.600000e+00	4.827800e-05	3.650099e-07	3.650099e-07
4.600000e+00	4.800000e+00	4.307598e-05	3.447845e-07	3.447845e-07
4.800000e+00	5.000000e+00	3.882054e-05	3.273112e-07	3.273112e-07
# END HISTO1D

